 0.0294100242855535
 0.03997087194635363
 -0.01886278104227301
 -0.1035781159599001
 0.01016936871707586
 -0.0007099844778295505
 0.02515992535255229
 0.01960646190336846
 0.02862425198739693
 0.004767707853950753
 0.07075226669503643
 -0.06932873921282301
 0.03012586000081896
 -0.0977436840944339
 0.005836137706614508
 -0.000265149418131827
 0.03329918942347554
 -0.04827755529673539
 0.0815587704678471
 0.06853579722279513
 0.04225071200338881
 0.08624858887699283
 0.07665182547018823
 -0.05276904645180203
 0.1058103820455329
 -0.03928136050541653
 0.07795332901345375
 0.1212646046391761
 -0.1500304081818733
 0.1396098889823865
 -0.1050639141312733
 -0.1245965445018253
 0.0605494289293631
 -0.3361377988885241
 -0.3003707164736138
 -0.2198037304667864
 0.1463571522221532
 0.1584551774622138
 0.08004028531989249
 0.4477450649500359
 0.482309086656258
 -0.3725185267699551
 0.4153365832526426
 0.1031881080067922
 0.7157667071628868
 0.395932681942611
 0.2022562659707905
 0.8057598591279866
 0.364000538944607
 0.1351496814157596
 -0.4595944635600979
 0.2319511831637318
 -0.3560147296406768
 -0.3264033588412936
 -0.3199504131940323
 0.007757442942148529
 -1.275303451310851
 -0.5462271497824158
 -1.481492050154815
 -0.156424302087208
 -0.6480205325319428
 -1.357657449254535
 -1.623825023337906
 -2.681761155078118
 -1.245344829323116
 -0.5902013598057056
 0.08140735258096043
 0.2249450997467939
 0.9888784163842281
 0.4275798057428961
 0.5429592825175344
 -1.550297652071917
 0.3596352370226477
 0.2240366985077475
 -0.2714711533799345
 -0.7676499687662925
 -0.2622066574090987
 -1.13897683359094
 -0.3719110207250989
 -0.5464503138003725
 -1.66083671971735
 0.04574816682277394
 -0.94888051736568
 -0.3678065730010776
 0.346978256986743
 -0.3712605216554401
 0.5808143378798061
 0.4535354995847758
 0.8931612156237723
 1.123204472933313
 -0.03616780769541705
 -0.4042713308609844
 -0.2529076439852815
 -0.3556367345309823
 0.6994979189397696
 0.5738278741534568
 -0.6607569082314431
 1.044791216162603
 -0.4691767016003769
 -2.696965434407321
 -1.01160913516418
 -2.038759765727331
 -3.020656408516188
 -3.523478636434066
 -2.941119758930673
 -3.039236953360811
 -1.565364540171931
 0.3413654824155969
 -0.5657698066511134
 -0.09632502049419145
 -0.3649384930563162
 0.03546381939223586
 0.2847155894471385
 -0.0142741697410429
 1.451246214927719
 1.1416548316315
 0.03448874127005297
 0.669869092098228
 0.6194712093649599
 -1.092435697260324
 -1.27667529716426
 -2.490707864032737
 -2.671757734693089
 -1.890798263031221
 -0.7074825036718018
 -1.503288397083759
 -2.207503303202349
 -0.7384864431783456
 -0.8535668971664467
 0.5388793770669409
 0.581746069648613
 -0.04521882463295057
 -0.5567760837354037
 1.003630734323691
 1.358509579156959
 1.847401069626763
 -1.023416144508809
 -0.7884699001654099
 -0.8021153157157439
 0.06456277903787822
 -0.4582415501592028
 -1.581936115778683
 -1.494870800578644
 -2.264700354104223
 -1.616221729822382
 0.06409737577221897
 1.383975246379748
 -0.003311926913095675
 1.142906757534794
 -0.5988434301401444
 1.267806704275129
 0.6317691959114082
 0.02312634316514028
 -0.7649319166923227
 -0.06583054636208985
 -1.115820590895368
 -1.070475464987474
 -1.54098912425418
 -0.4605807437666876
 -0.8195129148337017
 -1.851456035043738
 -0.3827600302576588
 -0.2652951973326836
 -1.616542353660801
 0.5759959900302469
 0.7886831299008303
 -0.380395817729962
 -0.9858972231470897
 -4.662404823594043
 -4.285430196724475
 -3.847993112929822
 -4.19672335365872
 -3.914054618319931
 -3.029333721760617
 -0.1509845556880265
 0.1000852353697486
 0.4865265853984013
 -0.1057379853125564
 1.040493844290584
 3.416487148755856
 1.051295207308524
 1.595945557516977
 0.7070822199167086
 -0.1918348647597892
 -2.266484264347603
 -1.697347891807684
 -2.548455201923264
 -1.722134337675174
 -2.014629594723286
 1.746322002868808
 1.940525014084166
 -0.2944951785225705
 1.478065033721833
 1.403904764248319
 1.355846639715912
 1.067521818405499
 -0.1622323369212655
 -0.133798887565133
 -0.1297835023203451
 -0.6401001774256869
 -2.676239624756115
 -1.968532142331785
 -2.317987389495921
 -1.419158050492127
 -1.666600890337488
 -1.562597068390613
 -0.4513993162654675
 -1.465605152496797
 -0.0894161359501382
 0.354719398927303
 0.1319642853152008
 -1.905308746561774
 -0.7724627668975774
 -1.983325217938762
 0.01148504051700527
 1.053439233184847
 -0.1012486070755152
 0.94165229396563
 1.494210578787202
 0.4054359886353254
 -0.8842666442767371
 -1.577930207300465
 -2.222983173056294
 -4.327995351263605
 -3.475731416668221
 -4.346340198439602
 -1.77193713497736
 0.2473049241406589
 0.5958406330685051
 -1.163606551808684
 -0.03652933798431945
 -0.04050070527439509
 -0.6138184521195544
 0.6704406817426545
 -0.06382776542921142
 -1.995483806010516
 -1.747726924562345
 -1.366188398507255
 -0.387364618661401
 1.037296499910285
 0.7254269049642286
 1.74284972148951
 0.5019008513931436
 -1.46948299204324
 0.206944481195567
 -1.016887386489055
 -1.719357211389502
 -2.173117260220137
 -2.734504386802731
 -2.687600683963003
 -2.892444530251232
 -0.5470289294126118
 -1.195699632886143
 1.77754491370021
 -0.3915482028034649
 -1.320756651718272
 0.7192351280506788
 0.3566368042015924
 0.332199832200601
 -0.06541248283534884
 0.5969720328458994
 -0.5177037810804492
 -2.544200230844718
 -1.635315912456894
 -2.57205977470022
 -2.111699638407623
 -2.543632353760055
 -1.703320852767199
 -0.0377605377571566
 0.2387840893657653
 0.5041035681382997
 0.9136277061459985
 0.5330457335400212
 0.4231738841100334
 1.361252167809029
 0.1099134212596002
 -0.4241407079327768
 -1.928796611913532
 -2.733885943986459
 -3.320671659946011
 -3.131555896719565
 -3.13303349417612
 -2.652500383856306
 0.1745744764195827
 0.7704615239859098
 1.372251988317931
 -0.544369216429498
 -0.7453507117916249
 -0.3781686471360892
 1.715032252945793
 0.6732182170745062
 1.546513941589199
 0.6990592895578303
 -0.2472745227805238
 -0.7169674210537842
 -0.4880944387448451
 -0.9043688745170613
 1.217408183279026
 0.6186517280356671
 0.5612442236520163
 0.5687106571259282
 -2.276233652107197
 -0.5380123472437219
 -1.819988077598687
 -3.179517857846652
 -4.646601425760133
 -4.630856585081191
 -1.520812281474264
 -0.7180935958795942
 -1.932775675368686
 -2.374821253240208
 -1.524591853558292
 -1.327449110503933
 0.7061491674384985
 1.759944870264981
 1.613931225934749
 0.785929950183597
 -3.000680734245537
 -0.6579332542493592
 -0.02653899063096787
 -1.587611675105112
 -3.105072798558677
 -2.88880835456229
 -3.081257122226462
 -1.431449345849989
 1.274456318626001
 0.6523381734208993
 -0.1604237057051723
 1.007957878286316
 -0.06760418974979032
 -3.145828941865511
 -2.911180539721964
 -2.62241307723814
 -2.227054999961766
 -3.28370709155126
 -2.74593934156211
 -1.711513242800876
 -0.5255297198241475
 1.469431857349736
 1.134324317899898
 0.3291896352575048
 1.466153200106788
 1.39783290927579
 0.2470037454816918
 0.02496969098820578
 -1.246026320846592
 -1.7399891703121
 -0.9856088160387664
 -1.949586961472853
 -2.379241934067719
 -1.534681059122777
 -0.4295054130762797
 1.222775891577157
 4.070729338978857
 -0.5427609790004002
 0.6869222037098002
 0.113502277055769
 0.2778772307246982
 -0.077612727526569
 -0.036133985162218
 -0.4245993824172611
 0.8719480569148548
 -0.1631329124878427
 -1.602381521548145
 -1.420797685233932
 -0.498644014304908
 -1.665466621139108
 -1.363393730492252
 -1.383039251359234
 -0.6741631420300465
 -0.07835705756049727
 -1.060471487222539
 0.5334993623734707
 -0.05575574787100024
 -1.480754050561906
 -4.408702607585941
 -3.889731108195209
 -3.554244357460015
 -3.604605805882995
 -2.189910713649406
 -0.4147144649869254
 0.9407390625435728
 0.9054673569125331
 0.1214163911793982
 -0.8076815454261403
 0.02904678489569612
 0.7399642305090772
 -1.866860568110259
 -0.8102200879999533
 -1.53489775008881
 -2.463825827218098
 -2.457210048529038
 -0.5249543736631637
 0.790876835241221
 -0.379815851361224
 -0.718464209581354
 0.7040888905762834
 -0.09937274778931382
 -0.7313079213141727
 1.319963687157923
 0.4748082975940893
 0.236269010570064
 -1.331403434294495
 -1.480820765735567
 -2.776213438356364
 -1.29075136600774
 -2.105645924751256
 -2.587623437104811
 -2.262845879321132
 -1.731927060722063
 -1.595382874231884
 -2.561662582495548
 -0.995342757916978
 0.08850142156520668
 -1.427677210784037
 0.5155164318823271
 0.6325879305901516
 -0.5060311747647432
 -0.3822131049195558
 -0.06637185453729444
 1.11504762530442
 -1.403986529319331
 -1.389847563240062
 1.311540132410272
 -0.1574084122474542
 -1.173214408481901
 -1.829086647880195
 -3.604714722691209
 -3.833382144729549
 -2.974849540193747
 -3.461598362734739
 -3.29970266440293
 -2.317637512930122
 -1.123520183957817
 0.2075690283654872
 -0.3795806061056464
 -0.495911845909383
 1.520449324797324
 0.8005099659847605
 0.09682942141603768
 0.09146778564213065
 -1.229974800364483
 0.164189695121566
 -1.451274076280381
 -1.184128874555054
 -0.2815082506329212
 -0.487620275953736
 0.184363826708374
 1.536731607718803
 1.105267659998958
 2.254700345782929
 2.309644046186074
 2.656883763516744
 2.869428495084597
 2.476596351787997
 1.348502083815386
 -0.5981469492005989
 -2.148008319669287
 -1.766449023844006
 -2.87523994055725
 -3.189338799975584
 -2.663578092810097
 -2.393540072540818
 -2.129067397995019
 -0.06960010973761399
 0.1073318128536087
 -0.05260952369231653
 -0.173703804128909
 0.8370693239590601
 1.411173157807836
 1.088230227152094
 1.055761454335315
 1.274203391183423
 0.05990467543348466
 -0.269767362301863
 -0.8632477759135906
 -0.6090769291707829
 -0.2002665518373501
 -0.1626146484442508
 1.073741837789216
 -1.613080403301867
 0.6758682292618143
 0.4075808147683357
 1.069817474361299
 0.3129675612873957
 -0.7003520903776632
 -1.092885053110191
 -1.715067877369007
 -1.663957944693038
 -1.759949130974219
 -1.270639451943552
 -1.944731137161495
 -0.6206171820660291
 -0.3579636832146083
 -0.6314792322405438
 0.1332893706824549
 0.4251323532949289
 -0.3007939426897064
 0.1641559284576459
 -0.4953274023987575
 -1.137414243831678
 -1.445463004201013
 -2.74966438542006
 -2.638717122609758
 0.02615887636776648
 -1.034453832221379
 0.9085185815298171
 0.2931289176750429
 0.02669848202358338
 -0.611740549535444
 0.1834435479576655
 0.2824864437783923
 0.0747508874996754
 0.701244270690788
 -1.541073541298609
 -0.840111294874692
 -0.9595126237634126
 -1.293412439112769
 -1.773611837989396
 -1.68352632689915
 0.2412783521343194
 -1.021774632987134
 -1.614398220864041
 0.7710351162259954
 1.350550530525354
 -0.5528963091048986
 0.8275573150278763
 -0.2036159533355697
 0.6497281159301185
 0.488883737782519
 -1.085866483259384
 -2.315246789922622
 -3.755490254747414
 -3.102836549469085
 -3.433373129108641
 -3.776103749830996
 -3.537340183133337
 -1.344578649871917
 -0.392387366779019
 -0.0325722357033289
 0.7670630733316308
 -1.271070624677053
 -0.1875363435884108
 0.4852921114857232
 -0.1136463069029432
 0.3448323984837725
 0.689947433163411
 1.1174676802157
 1.676970126454446
 0.8884732138827527
 0.7413340189482387
 0.1907307088448036
 -1.476822319604222
 -2.201334817249877
 -2.305589845129511
 -1.520722466122757
 -1.551270825642868
 -2.147634018907929
 -1.839485367213933
 -1.451880994721174
 -1.670501084364288
 -1.226986094484818
 -1.855541782614227
 -0.9241626185455942
 -0.5547788145281398
 0.01181046806703279
 1.474489510649406
 2.23024684267804
 1.483646585745497
 1.99849403673597
 3.255518645688211
 1.254600236795726
 -0.4539453376603841
 -2.050683607655845
 -2.657014084941093
 -2.07970703593174
 -2.721549061466621
 -2.216598033609593
 -1.630841634154745
 -1.339280830638307
 -3.614649522678105
 -2.081379098386865
 -1.968946490183611
 -2.460691336984745
 3.412465529180221
 -1.932071953633236
 -2.904377501207848
 -4.746590067040048
 4.759381827856448
 -4.844112779079577
 -1.945522043400011
 4.926384375363764
 0.1554829044067034
 0.09668072092330604
 -0.1108471565535627
 -0.091169214746321
 0.04933350191187102
 0.03316947397558323
 -0.01485519295452598
 -0.02453170938697014
 0.02729094270735288
 0.02061021268611185
 0.01016062940843554
 -0.06045131269204873
 0.05233874984165787
 0.04699159577759104
 -0.02601214787667239
 0.01923003260706402
 -0.004357341331157727
 0.02860768182317841
 -0.02097254107727231
 0.01672539195057077
 0.02654888648272369
