354.62610190481638
261.31824058660663
74.085674658641011
40.428990926051341
19.619071183392826
47.294636800266488
51.972245944601781
36.766601908940295
57.862502085688639
37.387922952647664
28.713742106759224
32.257761159712679
29.187776437007376
33.295529846218834
51.459087023257887
49.883179790383252
20.209723218494815
20.283938345787675
37.735184950716189
29.180312640293923
15.628255834512764
9.1106408194890847
46.24891962257567
106.31549471844089
101.63832922757896
34.461239051479104
24.267751069604486
15.904112413832948
21.489117546317015
35.487060850429565
52.5497889169987
47.944461848792116
10.143184127870896
47.263053560071654
41.499517305745009
39.505298584449392
57.279889849190042
69.928733976359368
64.478163421625339
54.272887208572136
86.679144374879186
96.239686976585958
63.395396210163831
6.8541500619244768
35.411560013397434
31.227581681663843
39.338616045095677
93.800434337527676
138.96875514520409
115.00802160251281
30.621367115142956
81.595489516648712
52.799787073764705
71.975737581141985
110.1615470403294
31.213299544889679
67.642547915441142
53.903649060644298
60.510818841337247
137.85489021862085
101.42061486112276
72.389954153333377
109.02618491057304
76.755979534766169
44.332504396865872
53.605058670667709
84.162128006310553
118.89627834371714
105.30176588238561
50.500790850410752
5.7029521589691026
42.88798615625754
61.536203381245343
50.240963314028143
1.6133536720854351
65.73655578830919
116.48307650159266
125.15604036569769
85.108974263302287
18.60118649634865
80.498338897379
115.19514423201933
83.73626844853456
16.059554412182603
47.015123241773885
92.391440343015191
117.01467193032197
134.52228585037915
154.99832681634152
148.91071259897245
127.57597420843527
115.03530655201779
77.605920075800668
32.419959713930993
40.179866540666907
29.522137555845859
11.586660413294425
29.717899874954011
33.572023264382331
28.801997597406952
54.603977585441896
65.168505425999868
42.825256752409459
19.249698411167181
20.145621114831144
18.560867147816676
9.4942932252793479
8.7674121612813423
12.592888554961235
8.7609414302512363
48.908581356893393
81.485323372368043
76.705598058022687
35.151755113524516
27.704910178832886
46.816186127483377
48.533385547266533
40.560522851019421
39.489611381620442
64.799255386694583
57.3330919566448
31.592643074372351
33.523054450568317
9.796387108560781
30.530776800459105
34.850372579889566
7.0817686758572851
30.332919797826612
29.669925826135735
18.54477645530735
30.996160652071225
22.431406152645788
15.766821350024264
36.732261271540644
40.503650948391844
34.427285896663108
38.784158553941268
47.114013369529637
40.260493008049188
22.777522881149569
20.277759992166366
14.278438617742216
13.705993927264888
38.077987465727134
43.631841027365219
27.164810199357202
22.062768815141943
31.20497791061063
26.065980699085479
16.121243132193907
9.063357665477854
25.398261341986913
24.727873609559609
15.246199417123059
40.638467830686587
41.448913167585033
19.136820450185464
15.945940206221749
33.210014238545988
35.441989105500454
15.846329069562586
17.256517190783413
12.752708266878214
18.433790553309368
27.698747555320296
23.138498546973647
30.712678957043465
42.725654275553993
38.517184126526132
8.7088624329589859
34.256256927554318
29.800494181092951
6.4217627978004597
25.492132031766587
16.118772566841294
24.343742170921036
20.561428905579799
6.0797962216903043
3.5523133649517153
8.606155686387936
9.2220061435978486
3.6865612954705216
2.9415946353932427
1.3348238420784611
1.6258041670509416
0.67803955772154134
0.067090865128222585
0.0055282411094010305
0.0029502148085376748
0.00010564544986475856
0.00026312038013039004
0.00028530925115949866
0.00028567340889324144
0.00061913816436576469
0.00014854167745243397
0.0007170711457594438
0.00022988496432702817
0.00065162214750663758
0.00018414826550292447
0.00068873349488613052
0.00013556169623236893
0.00024049094361839999
6.2130419460608015e-05
0.00026271090845635082
7.4312515708949194e-05
0.00022028585437925313
5.8390564860749268e-05
5.5789888488852048e-05
3.1449584653974732e-05
8.3877059063648107e-05
6.4259062143304482e-05
0.00026818123109154134
0.00011816503758031128
0.00026605991319742878
5.560959962558807e-05
9.6102254269807679e-05
2.5557829375358877e-05
0.00014430052336140983
8.7479577489206527e-05
0.00014477380002698835
1.6443595203655912e-05
4.2758529139476192e-05
1.2551318389237403e-05
7.2348241314679169e-05
4.8916802493011818e-05
7.6570372905098626e-05
2.5897006092184333e-05
7.6094641245792787e-05
2.3012941861329627e-05
1.6458723489946705e-05
2.4457431784936852e-05
3.2701322996625544e-05
1.537165881496495e-05
3.6612106530325408e-05
7.3886419674381661e-06
2.2282132067226951e-05
1.9781928402367461e-05
3.14858351728648e-05
1.9378570772888805e-05
3.2224171963097972e-05
8.6598085484275786e-06
2.6116437634891429e-05
1.9371949220359078e-05
1.2936008997838427e-05
2.2386498605134389e-05
6.5491456599423297e-05
3.7056338642038821e-05
3.3647051096313255e-05
1.9620442797489164e-05
3.4596896613404906e-05
1.7023053497787881e-05
1.3290887977585449e-05
5.0647729748325646e-06
2.2543883956375393e-05
3.1445127902493855e-05
5.546795869378365e-05
2.8383776071275934e-05
2.0027433034941052e-05
6.6851915727626213e-06
4.4497722029343933e-06
4.0325610561911342e-06
1.5524815965560492e-05
1.024452585233093e-05
1.5936904923300557e-05
1.8017329958715848e-05
9.6903658165981375e-06
1.2248343563907785e-05
2.140846574780315e-05
6.8984002251685724e-06
3.2747482285778632e-05
2.9487774306122716e-05
2.1353054676157462e-05
6.0584776944350906e-06
3.7591456342860463e-06
1.2599184889526934e-05
1.9427069589867935e-05
1.3022242833508706e-05
3.9123231291174972e-06
9.694105463441671e-06
1.8131608957255921e-05
1.141406344057538e-05
3.9722024770034883e-06
2.4942154823953779e-06
4.8736161798967061e-06
5.6048343619100451e-06
1.1854748550327053e-05
7.0205123423569397e-06
6.1509536098921339e-06
1.1936214847049952e-05
5.4806327767170701e-06
6.3309249840812387e-06
9.1067072432732152e-06
1.722726578731308e-05
1.6920459051253973e-05
3.8777062084287857e-06
6.4957054063043726e-06
7.9383708992323484e-06
1.076333525824837e-05
6.1664677946890723e-06
3.6389277128849582e-06
3.0108733856916301e-06
9.7703046279411428e-06
2.0685281290574698e-05
1.4215834993798692e-05
2.1977330255308554e-06
4.3613369944412739e-06
2.7833657464908411e-06
1.100059146716492e-05
1.7773668383657608e-05
1.0306884375445932e-05
1.1668743287053996e-06
7.9257176118497323e-06
6.722012224048189e-06
5.9796375232456922e-06
1.353696106400342e-05
1.024039316565505e-05
7.2150221001789997e-06
3.9515236218202568e-06
6.9175853162224022e-06
7.5077555533254084e-06
5.3073375401945002e-06
2.8360857670834581e-06
6.4213280105949606e-06
1.5318264206919152e-06
3.0179399049037226e-06
4.0868280252306546e-06
8.96334161754276e-06
5.0717473976046036e-06
5.5668861146423282e-06
4.7846665016805033e-06
2.5744514466871131e-06
2.5053865462625564e-06
7.6410496041142479e-06
4.4575245562283184e-06
1.3802393024724138e-06
6.1078211377847016e-06
9.2203304262009455e-06
3.3512216515076256e-06
2.6581373530382464e-06
3.4772764688548074e-06
7.6197342488675928e-06
4.3813204009952097e-06
6.870631904333429e-06
1.7039728065555962e-06
8.1198337612627688e-06
4.314800535630631e-06
1.7231079377657889e-06
3.1094701356529381e-06
3.1225411884309916e-06
4.9366423302569715e-06
9.5636665631270612e-06
4.2331348831304183e-06
4.8489866439304238e-06
5.7273427043272007e-07
3.2294068331300975e-06
1.5080609544058643e-06
8.4033492760491068e-06
4.4558463230371655e-06
5.588666168402951e-06
6.2236533065926648e-06
1.0413799030294515e-05
7.8845261763573445e-07
6.8980498621607301e-06
3.6305675396506336e-06
8.5010340339576848e-06
4.44808326106657e-06
4.1088564127347897e-06
8.57079214921987e-07
2.6021347088491681e-06
1.9420881256561219e-06
6.7063529574922009e-06
1.9308607729407271e-06
2.6957610764678412e-06
4.1161642349738952e-07
3.4316928661959622e-06
1.4760020265137281e-06
3.6050636922287739e-06
4.3051767663869353e-06
9.8137061720752467e-06
1.5373782615784127e-06
3.0562761712571714e-06
1.8122846984417719e-06
5.7846517783538396e-06
1.296137130865952e-06
4.6919793001234373e-06
2.0732264339558025e-06
8.3557146309911008e-07
2.3033178622294361e-06
6.5693227409651922e-06
5.0040493270282697e-07
3.7158898062350232e-06
9.815204227981221e-07
3.4342096572829889e-06
1.2481362067985022e-06
2.9373672606854494e-06
1.2400085615963417e-06
5.3993494179794972e-06
1.8126228892517468e-06
2.0542241719944348e-06
8.5531016967942951e-07
3.0568118238258951e-06
1.4797194680073712e-06
5.9601106373616512e-06
3.4649089843435003e-07
3.269869309074592e-06
6.5361577543831787e-07
4.4701926476407297e-06
1.6132696103670977e-06
3.1316695268181904e-06
4.071781463204302e-07
4.5266417429069004e-06
1.2986034720307312e-06
3.7337971374320972e-06
3.6394335002356974e-07
4.1805521129180806e-06
8.0275613704322799e-07
7.8640972212810284e-07
1.0766123381722192e-06
5.2514278617945088e-06
4.0051098173057395e-07
1.1740147241911937e-06
5.7160409905186288e-07
4.3668010078637875e-06
4.4766001872478861e-07
2.0484734390370457e-06
6.7788870315565035e-07
2.2396413724944956e-06
4.4061676999681422e-07
3.90602949738699e-06
2.7796481987499556e-07
2.9456614428419804e-07
5.9649636349391626e-08
2.3850212330410805e-06
3.5269746554688295e-07
1.9318125162661026e-06
1.0481032425280062e-07
2.8078562068529304e-06
7.0525222406368953e-07
5.0504166268884545e-06
1.6606561872154146e-07
3.731047513324726e-06
3.0125950377300082e-07
2.8601243774559821e-06
3.7136660217228293e-07
4.2418408882424139e-06
2.8739276417649229e-07
2.323150746817393e-06
1.3152736330400103e-07
5.7525137630720872e-07
1.3931395671810595e-07
7.1241055141169009e-07
2.4384350367292092e-07
3.7740264364808923e-06
1.9979773039499473e-07
4.8708724957386188e-06
1.9305353414816184e-07
1.1759628787078704e-06
7.0294335186469133e-08
2.6461060264409764e-06
2.3552690544223417e-07
1.8683850661924616e-06
9.7954143687357887e-08
2.8314017790878647e-06
1.2238207662146757e-07
1.489323092990453e-06
7.5805478919081698e-08
1.392946405916573e-06
1.5151551858321749e-07
2.1697731529037799e-06
5.7631767081582744e-08
2.4585329751038188e-06
2.5406102362931244e-07
3.6104099457596161e-07
2.0339971888234617e-07
1.1800522224630927e-06
2.1402783039896274e-07
2.5991229601887605e-06
1.0413976915525064e-07
1.729024284811543e-06
3.0694983921478069e-07
1.4419392577025072e-06
1.1192950936886542e-07
1.460349020185781e-06
1.4711688541224812e-07
1.4016237323672502e-06
8.6972806251837909e-08
1.5936686054170382e-06
1.1805179962016959e-07
2.7212554540385545e-06
4.6952198241807966e-07
1.1936123048609498e-06
5.3309204165442449e-07
1.514114865414606e-06
3.9546907433480805e-07
3.0472716346711464e-06
3.9028658924487293e-07
3.9373387135482039e-07
2.6254623340363002e-07
1.4901376945132749e-06
3.4656345658544651e-07
1.993824115416574e-06
3.9374087012436075e-07
1.9636609267713369e-06
4.1728652101485096e-07
3.0671235345547349e-06
8.2477535860494574e-07
1.473036988106715e-06
2.5994028467049244e-07
2.5569621836179715e-06
8.7502774002634942e-07
1.6637029587043432e-06
2.8046184135625572e-07
1.7696586375508831e-06
5.1504738399814089e-08
1.9201453726897037e-06
5.6890143461334098e-07
1.5068858895673616e-06
4.4719966832431096e-07
4.3679622623575983e-07
4.7934987932212335e-07
9.4515786786165371e-07
4.7141257666312509e-07
1.7689894680949035e-06
4.2457189203879303e-07
1.1154069299184622e-06
5.846504015936665e-07
3.0623076682057614e-06
9.460607300032977e-07
2.4995512445577143e-07
4.4686387094133972e-07
1.2142661508988057e-06
1.0123903739323291e-06
1.9075262025723346e-06
4.3633022893727374e-07
3.2982123864214589e-06
1.1270530715417893e-06
1.2228214776277038e-06
1.1397345119549909e-06
3.3778195595779229e-06
1.0487982889638023e-06
2.1131557794562418e-07
8.4595898815801465e-07
1.5785605561590483e-06
4.5723720382716489e-07
2.1060067848113007e-06
6.3889949371341064e-07
7.9490119654398065e-07
9.064030058014305e-07
2.0052509742822787e-06
9.1073541263647469e-07
1.4962298787742507e-06
1.0227151823807824e-06
1.6219842534253029e-06
9.7702248572784701e-07
1.8504751648253307e-06
3.6955189479450413e-08
1.8998852291709599e-06
1.1675709636118389e-06
1.3085402299254193e-06
9.4574645658709989e-08
9.8019576751483314e-07
7.0294124985114031e-07
2.0324784486353994e-06
1.3593363104219214e-06
9.6670414674485028e-07
7.740189556514692e-07
5.0325602099715793e-07
1.0761396523945736e-06
1.6058018860841959e-06
4.3303080362883203e-07
1.9163705377832515e-06
5.1287495889632359e-07
1.1698260809569907e-06
9.4999531431647084e-07
1.1437751605710678e-06
3.0777284130429647e-07
1.0329342638226756e-06
9.3607755433774615e-07
4.5654166084842375e-07
5.6424626474289442e-07
8.2054033192473403e-07
1.5940920839792814e-06
1.7183103466334828e-06
6.064026953490147e-07
1.8486146943456594e-06
6.8202954306358826e-07
8.9382917885334968e-07
6.897716118513439e-07
4.6232191403816136e-07
1.2284521264771849e-06
1.562544548074082e-06
7.7536647631855857e-07
1.4647551612647287e-06
1.3382937118094165e-06
6.7782880774536537e-07
1.681523052133451e-06
2.1415169413649409e-06
6.2591167597656367e-07
9.8481567509673697e-07
1.0391154991748053e-06
6.656904734096966e-07
1.0752278533987532e-07
7.3547780578474982e-07
6.7774095902948979e-07
4.1178787445832691e-07
5.5741420352144631e-07
5.4865078719548115e-07
1.5418004352445667e-07
3.3477863039821765e-07
8.0264407849906775e-07
1.2365000152228845e-06
8.041573015502439e-07
5.4359915106824826e-07
5.4360156993612784e-07
8.0416009180588243e-07
1.2364948578403545e-06
8.0264283983145931e-07
3.3476953345989921e-07
1.5417840653705866e-07
5.4865369652399734e-07
5.5741624131712934e-07
4.1177993591547276e-07
6.7773761556666542e-07
7.3547722074372578e-07
1.0751574882506743e-07
6.6569017564769314e-07
1.0391159677832068e-06
9.84817898377865e-07
6.259096563314515e-07
2.1415202068681359e-06
1.6815275805420111e-06
6.7782473641546505e-07
1.3382951377307849e-06
1.4647596906833155e-06
7.7536572938194474e-07
1.5625461439075196e-06
1.2284473899435882e-06
4.6231730382417956e-07
6.8977374446782709e-07
8.9382565628831733e-07
6.8202909656475316e-07
1.8486108353311011e-06
6.064005556858479e-07
1.7183146255286207e-06
1.5940901999612497e-06
8.2054384661370495e-07
5.6424979273164295e-07
4.5654238672425421e-07
9.3607918681713302e-07
1.032939642367172e-06
3.0777912710192562e-07
1.1437721846711136e-06
9.4999853167580765e-07
1.1698234401492314e-06
5.1287524742493101e-07
1.9163655292250158e-06
4.3302943421183634e-07
1.6058033412420633e-06
1.0761352662114258e-06
5.0325022527778263e-07
7.7402631955101557e-07
9.6670369013232458e-07
1.3593399106682537e-06
2.0324741992696687e-06
7.0294344386121473e-07
9.8019345899477999e-07
9.4569790855306909e-08
1.3085403892561865e-06
1.1675747532481492e-06
1.8998894330792968e-06
3.6958508292867917e-08
1.8504817220882525e-06
9.7702313344058343e-07
1.6219805863639023e-06
1.0227188510321907e-06
1.4962274802365277e-06
9.1073689476847998e-07
2.005255550780875e-06
9.0640389900056653e-07
7.9490599347499409e-07
6.3889441741558497e-07
2.1060029016606197e-06
4.5723397733085403e-07
1.5785633644331149e-06
8.4595983073858457e-07
2.1130872817553828e-07
1.0487985021300273e-06
3.3778196450408834e-06
1.1397357224962305e-06
1.2228127630909264e-06
1.1270496948826977e-06
3.2982141323562541e-06
4.3633268520161231e-07
1.9075273861076426e-06
1.01239337739931e-06
1.2142700579126702e-06
4.4685925966244957e-07
2.4995354451542344e-07
9.4606315938084096e-07
3.0623042239132684e-06
5.8465510834035646e-07
1.1154025843336266e-06
4.2457473676648405e-07
1.7689877023418415e-06
4.7141635935548644e-07
9.4515772124342479e-07
4.7936087475961922e-07
4.3679556762631824e-07
4.4719465604796819e-07
1.5068850713711538e-06
5.6889930231119744e-07
1.9201426665615083e-06
5.1504106983124993e-08
1.7696447484144709e-06
2.8045493571875574e-07
1.6636987960050118e-06
8.7501370697614845e-07
2.5569628903280691e-06
2.5993863512179959e-07
1.4730392060395609e-06
8.2477698929370549e-07
3.0671262428595122e-06
4.1729066535774752e-07
1.9636620946020539e-06
3.9373438015673765e-07
1.9938141276559474e-06
3.4657051144104822e-07
1.4901342906976267e-06
2.62546869551178e-07
3.9373373885141753e-07
3.9027841557109592e-07
3.0472721084153617e-06
3.9547503924285096e-07
1.5141067261538304e-06
5.3309665969781844e-07
1.1936212702609945e-06
4.6952274710450772e-07
2.721254020962579e-06
1.1805680868044084e-07
1.5936676029365712e-06
8.6975773662089108e-08
1.4016261762054749e-06
1.4711777621173329e-07
1.4603468396392522e-06
1.1192646443974574e-07
1.4419328802932906e-06
3.069540217708236e-07
1.72901949685532e-06
1.0413738536789614e-07
2.5991178342321462e-06
2.1402321843450231e-07
1.1800529314390733e-06
2.0340079520081402e-07
3.6103900361112023e-07
2.540540984030923e-07
2.4585302006751506e-06
5.7632383657230091e-08
2.1697725305006071e-06
1.5151621614840685e-07
1.3929457222269045e-06
7.5811584611716213e-08
1.4893185058222043e-06
1.223956915329419e-07
2.831398964466728e-06
9.7945852783328223e-08
1.8683847937215704e-06
2.3552817461470273e-07
2.6460981055477434e-06
7.0297523199595031e-08
1.175966279024114e-06
1.9305547138243201e-07
4.870877247547553e-06
1.9979402680477366e-07
3.7740280561500886e-06
2.4384115087284594e-07
7.1240991175965875e-07
1.3930724539482962e-07
5.7525776374728668e-07
1.3152687849604144e-07
2.3231574577347331e-06
2.8739592857061131e-07
4.2418372970645446e-06
3.7136609605460736e-07
2.8601207443976428e-06
3.0124278425366181e-07
3.7310511039056564e-06
1.6607055368735694e-07
5.0504192719298551e-06
7.0524721022358386e-07
2.8078573714287273e-06
1.0480951203016396e-07
1.9318064484803418e-06
3.5269697626514706e-07
2.385021130159663e-06
5.9656945825115098e-08
2.9455853099213782e-07
2.7795675897764572e-07
3.9060266865008125e-06
4.406227708114892e-07
2.2396374365542378e-06
6.7787984191121818e-07
2.0484798274522484e-06
4.4765869818412401e-07
4.3667966106949986e-06
5.7160737631701778e-07
1.1740143745028902e-06
4.0051133731555742e-07
5.2514190226130011e-06
1.0766121440320509e-06
7.864170737619524e-07
8.0276160314691068e-07
4.1805543480800364e-06
3.6394113165327013e-07
3.7337992681401344e-06
1.2986023336708311e-06
4.52663558655697e-06
4.0717896589314095e-07
3.131669895646515e-06
1.6132681971163859e-06
4.4701900134767636e-06
6.536174234968822e-07
3.2698720035800541e-06
3.4648926846182398e-07
5.960121538873467e-06
1.4797156840709453e-06
3.0568097498456317e-06
8.5531369544871106e-07
2.0542240256131218e-06
1.8126198071956597e-06
5.3993430892802646e-06
1.2399999713211773e-06
2.9373680734804745e-06
1.2481268947987541e-06
3.4342023174882983e-06
9.8151571421688181e-07
3.7158880805345733e-06
5.004056906961893e-07
6.5693200259781207e-06
2.3033212741836684e-06
8.3556920496393565e-07
2.0732239096202667e-06
4.6919706221489479e-06
1.2961374509217003e-06
5.7846574209614374e-06
1.8122809232345747e-06
3.0562779363566134e-06
1.5373671988024899e-06
9.8137079070617637e-06
4.3051830339392457e-06
3.6050648040631656e-06
1.4760005929964391e-06
3.4316984068874055e-06
4.1161478575345922e-07
2.695764375965918e-06
1.9308587070318898e-06
6.7063542342568404e-06
1.9420849315397083e-06
2.6021226921065159e-06
8.5708566429910385e-07
4.1088642111331083e-06
4.4480882785594905e-06
8.5010328396631775e-06
3.630570524504347e-06
6.8980600349708206e-06
7.8843842941016332e-07
1.0413792615133687e-05
6.2236530008691041e-06
5.5886680279510551e-06
4.4558505647198448e-06
8.4033483181632569e-06
1.5080618215324925e-06
3.2294041371804439e-06
5.7273001703528049e-07
4.8489921270224756e-06
4.2331426616742253e-06
9.5636629317670103e-06
4.9366341030327268e-06
3.1225378796931745e-06
3.1094701649698907e-06
1.7231039648006444e-06
4.3148074049458511e-06
8.1198309787368264e-06
1.7039725583407252e-06
6.8706349236627741e-06
4.381316244459827e-06
7.619733875063072e-06
3.4772730512467982e-06
2.6581375560087264e-06
3.3512100837789231e-06
9.2203383082055835e-06
6.1078164844451644e-06
1.3802405081784615e-06
4.4575306665675808e-06
7.6410520986056727e-06
2.5053946674766877e-06
2.5744473055860153e-06
4.784671318056285e-06
5.5668868034014696e-06
5.071750056549912e-06
8.9633375669761965e-06
4.0868322623800348e-06
3.0179338736575846e-06
1.5318263554321741e-06
6.4213358678634751e-06
2.8360875803524992e-06
5.3073326780240974e-06
7.5077566295590431e-06
6.9175874671747014e-06
3.9515211269249964e-06
7.2150220733186549e-06
1.0240389777594731e-05
1.353696091313666e-05
5.9796470608652741e-06
6.7220026464396608e-06
7.9257111860024427e-06
1.1668730550415046e-06
1.0306893359044424e-05
1.7773661575601987e-05
1.1000596813003622e-05
2.7833683646981401e-06
4.3613313442005811e-06
2.1977285484860461e-06
1.4215828918357799e-05
2.0685283336453366e-05
9.7703110184610581e-06
3.0108664126370628e-06
3.63892775685711e-06
6.166472661354662e-06
1.0763333197195041e-05
7.9383752127067698e-06
6.4957083152552653e-06
3.8777072353835579e-06
1.6920468839663341e-05
1.7227260591990677e-05
9.106706711995023e-06
6.3309163994722112e-06
5.4806353289725352e-06
1.1936218580041083e-05
6.1509455009091918e-06
7.0205097853286668e-06
1.1854746170487933e-05
5.6048351436387071e-06
4.873620033069203e-06
2.4942123697609707e-06
3.9722027250160228e-06
1.1414060141233391e-05
1.8131606380197387e-05
9.6941015685675559e-06
3.9123226077391592e-06
1.3022247090632689e-05
1.9427069927071036e-05
1.2599184126356873e-05
3.7591412264871803e-06
6.0584798794476239e-06
2.1353053411050804e-05
2.9487765695023957e-05
3.2747482198802558e-05
6.8983943509437208e-06
2.1408470961216334e-05
1.2248347460925661e-05
9.6903656842010636e-06
1.8017330189526231e-05
1.5936903072518754e-05
1.0244520856998276e-05
1.5524817994768501e-05
4.032559044082824e-06
4.4497699245721266e-06
6.6851799178633517e-06
2.0027429768862337e-05
2.8383773488929722e-05
5.54679520186703e-05
3.144512977436051e-05
2.2543881035149757e-05
5.0647710530482954e-06
1.3290899324500552e-05
1.7023049677502969e-05
3.4596893593019132e-05
1.962044556676597e-05
3.3647051848090333e-05
3.705634492821581e-05
6.5491454516412666e-05
2.238649945724805e-05
1.2936004210194957e-05
1.9371948459107119e-05
2.6116444062554162e-05
8.6598053869428547e-06
3.2224169838886311e-05
1.9378573291620715e-05
3.1485845168814628e-05
1.9781922980801169e-05
2.2282131021256115e-05
7.3886472914574075e-06
3.6612112336524307e-05
1.5371667829606298e-05
3.2701333804879988e-05
2.4457435277957236e-05
1.6458718304774338e-05
2.3012931260057695e-05
7.6094640016858176e-05
2.5897001688320273e-05
7.6570378362304412e-05
4.891680227086048e-05
7.2348244470691404e-05
1.2551326279196924e-05
4.2758543216976053e-05
1.6443593372367227e-05
0.00014477380001393016
8.7479575221624802e-05
0.00014430051841714109
2.5557830022527214e-05
9.6102249580538063e-05
5.5609584562211153e-05
0.00026605991592085773
0.00011816504779875426
0.00026818123279183598
6.425905718778906e-05
8.3877060516498141e-05
3.1449584533613072e-05
5.57898885983461e-05
5.8390564655496766e-05
0.00022028586437885115
7.4312516221814945e-05
0.00026271091067061957
6.2130420938786963e-05
0.00024049094949007792
0.00013556169451019569
0.00068873347727985254
0.00018414825850577242
0.00065162214461616662
0.00022988496129419555
0.00071707113735104005
0.00014854168419052493
0.00061913816098139898
0.00028567341022583557
0.00028530924718129694
0.00026312037716933135
0.00010564544839496022
0.0029502148053926385
0.0055282411080830266
0.06709086513151076
0.67803955771282043
1.6258041670494268
1.3348238420835858
2.9415946353983609
3.6865612954770044
9.2220061435924716
8.6061556863775319
3.5523133649517176
6.0797962216838703
20.561428905569393
24.343742170919768
16.118772566837723
25.492132031773586
6.4217627978069896
29.800494181090251
34.256256927561409
8.7088624329571491
38.517184126526608
42.725654275556451
30.712678957041536
23.138498546965568
27.698747555313574
18.433790553311869
12.752708266877656
17.256517190779544
15.846329069558617
35.441989105496987
33.21001423854571
15.945940206220314
19.136820450178092
41.448913167580486
40.63846783068422
15.24619941711687
24.727873609560042
25.398261341988494
9.0633576654714698
16.121243132197826
26.065980699087561
31.204977910614872
22.062768815142149
27.164810199347659
43.631841027361929
38.0779874657294
13.705993927263842
14.278438617744882
20.277759992161691
22.777522881141905
40.260493008035816
47.114013369535471
38.78415855394725
34.427285896672785
40.503650948392689
36.732261271543592
15.766821350032
22.431406152646186
30.996160652073115
18.544776455295697
29.669925826139135
30.332919797829469
7.0817686758618041
34.850372579892031
30.530776800453658
9.79638710855704
33.523054450573483
31.592643074368528
57.333091956630575
64.799255386690561
39.489611381628315
40.560522851023194
48.533385547254355
46.816186127475703
27.7049101788248
35.151755113510482
76.705598058020584
81.485323372369294
48.908581356884731
8.7609414302625588
12.592888554966164
8.7674121612845557
9.4942932252880077
18.560867147809667
20.145621114841308
19.249698411163525
42.825256752418248
65.168505425996699
54.603977585447723
28.801997597403261
33.572023264378622
29.717899874961173
11.586660413303862
29.522137555862287
40.179866540664214
32.419959713934325
77.605920075786869
115.03530655200196
127.57597420844542
148.9107125989789
154.9983268163484
134.52228585038571
117.01467193032218
92.39144034301367
47.015123241773573
16.059554412174172
83.736268448530481
115.19514423201726
80.498338897378517
18.601186496340933
85.108974263305242
125.15604036569457
116.48307650159705
65.736555788312117
1.6133536720755319
50.240963314027503
61.536203381243077
42.887986156260538
5.7029521589725825
50.500790850409615
105.30176588236984
118.89627834371514
84.162128006315612
53.605058670666104
44.332504396864827
76.755979534756335
109.02618491056644
72.38995415333973
101.42061486111767
137.85489021862315
60.510818841341951
53.903649060639147
67.642547915437206
31.213299544883839
110.16154704032928
71.97573758115449
52.799787073760584
81.595489516651568
30.621367115143737
115.00802160250586
138.96875514520121
93.800434337534796
39.33861604509584
31.22758168166737
35.411560013400084
6.8541500619138134
63.395396210156967
96.239686976584281
86.679144374880693
54.27288720857247
64.478163421621545
69.928733976353243
57.279889849187853
39.505298584450038
41.499517305740859
47.26305356007154
10.143184127868938
47.944461848781863
52.549788917004513
35.487060850421557
21.489117546321602
15.904112413832749
24.267751069607076
34.46123905147504
101.63832922758779
106.31549471844198
46.248919622573908
9.1106408194936677
15.628255834510266
29.180312640293771
37.73518495071049
20.283938345785852
20.209723218484388
49.883179790386279
51.459087023275075
33.295529846223296
29.187776437000306
32.257761159711947
28.713742106766958
37.387922952652879
57.862502085689478
36.766601908933474
51.972245944596231
47.294636800266915
19.61907118339801
40.42899092604852
74.085674658633081
261.31824058660231
