12.764618840492288
10.496840378248141
4.745945335130731
4.3136797285777293
11.642588048039958
15.402407310880475
24.692844190025998
27.194827031797029
8.09266283753945
20.1492784436827
29.458052705694108
50.768367541484068
62.44940492614765
41.20701057841535
32.051281528446388
43.459372096138509
42.274344099783882
18.613647182996026
81.445768842000092
126.47733823261947
104.38088292329259
48.750473589683637
38.703007166735205
61.078526817864891
61.570415326487684
50.100666223972937
52.475229433814405
58.617932218265253
55.558790855379712
27.875530843357009
13.519305299046479
17.694053519318608
23.15161716830336
34.061448850208123
56.891993460484031
75.705728468569177
59.023947002404093
25.893914041019016
9.4061773144877119
26.639337994435703
54.546453486746493
85.80848404462175
78.055277525349268
26.07914711581337
50.038436956330912
61.560098751684038
41.229416963975325
26.74917973337487
28.416409905814326
35.261796060290557
17.42467610477193
13.468110707371398
26.067399803294322
25.281880072903672
17.311580587614557
30.130285298434284
23.343920994416106
27.033331882778484
59.912208510435796
52.431549875819414
21.643256044188444
17.960292754890059
8.8958003534384336
15.096493174443056
22.627319672832026
13.752815764323241
7.1098927327407369
17.758189398140981
20.809459968917718
42.728293643153158
41.80844861874229
11.219110110826415
16.734019371999551
16.919914040931303
12.85660994207865
8.5698661273926646
9.0188780781494362
22.572073979275171
37.131410143857934
27.740085793249797
6.6684614680871706
23.406415064131568
16.250904666733881
27.818323153235482
27.257212806762588
16.817713863873436
15.749104590665365
19.449437367164485
33.324074067181506
45.832232819576348
41.395351173308072
15.834083603494989
7.6784773129638744
7.9541987783509525
15.430691864792584
16.960503944961065
2.8318027403826918
8.0455532873058004
5.8519808437884171
8.1982228379635842
13.287393109993456
15.486666895293636
9.0640799903637408
2.9750837823420833
5.5940773959320831
9.510215077333001
23.253280187599319
26.154608876267297
26.085406682257059
25.208321896806069
9.8212846829895728
10.718042988784822
13.134957024402825
6.9652859117516712
18.049749205162708
22.699810906598657
21.712347233078731
16.399985813127714
9.8085453598525927
9.3956668128768221
16.986161774619859
12.240815439011353
7.2693683576780348
15.531481063612688
14.172481769042831
4.673601744124567
8.3426193495074514
6.6082915620688354
8.9416638957765588
13.420242764643378
9.9604968867882047
23.468296883222468
21.929056141495408
4.911412954899987
6.9014880909862262
3.0286713298030632
12.401942337162724
19.175151791744749
12.799897330522603
2.836410021262846
11.337030470688347
12.255693761825881
7.4897509285232831
4.0596245254804542
14.312499264638848
16.860205694133004
7.6379218694883013
7.5033396604177316
15.429426100275514
9.075673762344282
5.2579838594221506
9.4102430151374179
8.1421726476619494
10.059329251833349
3.6372636292378133
6.7825242798105156
4.8023063441979703
15.90283269629659
18.497973319886757
4.5062379939474919
14.806326523110451
19.139523478661214
12.499479215114505
6.2031033827252058
2.2146260277371579
3.4481091478422399
5.9925376178673089
11.235480196858795
16.358252545669398
14.798295656719858
10.293407061697948
8.3724814001428722
10.829640540660986
7.7568471683630618
3.3552377922654624
6.0278428712487768
9.5213956340235253
9.9680684624990441
5.8298763023555367
2.3704051139278035
1.5066769177079942
0.56548468944193631
1.1810004460668349
1.2957467807739809
0.30007679759524369
0.13651032583897699
0.034732851252580403
0.0031339222255935962
0.00092027114175663959
0.0001418739887237394
0.00033238853923078592
9.0737073619318604e-05
3.1162325618688992e-05
7.4876277705925197e-05
7.5208263616272382e-05
0.00018141441931073879
2.9300139042856995e-05
0.00020350039638004395
5.0860290943566471e-05
0.0001203283622023763
7.4353108678698092e-06
2.0407369449617383e-05
3.680963919729705e-06
2.1141262478093215e-05
1.299714968105284e-05
6.1654067143557657e-05
3.4981108031595178e-06
7.0922647812857918e-05
1.0229510619449191e-05
7.2866926087633964e-05
3.6740966605672677e-05
4.7121896446635028e-05
2.3884785368033303e-05
6.1256851530128742e-05
1.3762735556992697e-05
4.7889616695396201e-05
2.8244550186245561e-05
4.7382444774891479e-05
8.3465746741414233e-06
5.0271607206935008e-05
1.0951573635957593e-05
2.403986339114289e-05
1.388341170302121e-05
3.719155636645504e-05
1.6428759340994836e-05
1.1914022214739573e-05
1.1425635643371219e-05
5.2730733827909388e-06
9.7106704441291318e-06
1.4447400865496704e-05
9.4939811561765571e-06
2.6175779643059211e-05
5.7937521278160095e-06
8.8909510122998343e-06
1.2094763648462439e-05
3.0221465861772469e-05
1.4943063336574576e-05
2.7233867326445559e-05
1.193295845449898e-05
3.6204612729490725e-06
8.3011609358951297e-06
1.4326855252558252e-05
3.430337916329007e-06
2.328490125349045e-05
1.3959547558025168e-05
1.6476435552771183e-05
6.9548449058967119e-06
1.0115353568653133e-05
9.2653856176067315e-06
1.0869770763801391e-05
1.2627460740754383e-05
1.8381781948073141e-05
6.9951085413315555e-06
2.0382959587461928e-06
8.7247954361095847e-06
1.798340037073771e-05
8.036756536930296e-06
1.0783708975120616e-05
5.6456725230184259e-06
3.7720209202117283e-06
6.6140163476570577e-06
9.7693769244632099e-06
5.3999094896333161e-06
4.478231481540955e-06
5.7148841751421669e-06
1.3963570749239281e-05
1.0217746168918073e-05
8.6441787473033956e-06
4.2273832383635431e-06
4.0224779257138619e-06
6.0995200781917522e-06
3.8955026761279623e-06
4.1289890769857129e-06
7.2682100615353554e-06
1.5900885657546908e-06
6.1292766222940636e-06
5.7359883551342505e-06
5.8682963033434111e-07
4.9949770885583357e-06
7.0024298596436333e-06
6.2203703301673529e-06
7.6150977470633637e-06
4.1556863929939903e-06
1.3873490934403777e-06
4.2602324135685201e-06
5.3224486510171063e-06
5.41964595500909e-06
6.2410340588335386e-06
3.4298563797062788e-06
1.3068806213919607e-06
3.3296890919116467e-06
3.4318616423659848e-06
2.0467838093630875e-06
8.1614213989327402e-06
7.5860500674534349e-06
2.8730902753743827e-06
2.7681430386280168e-06
3.1399559273610502e-06
6.9582421221778081e-06
3.3267207817856681e-06
3.5445530131322418e-06
5.2047283476426413e-06
1.3766596795333108e-06
2.8635391832058867e-06
4.1483313367995024e-06
1.8896463919201729e-06
2.1163738250576715e-06
3.6067423934339126e-06
2.5043078767756341e-06
1.6071629133949343e-06
1.6452212261414569e-06
2.2295313955153832e-06
5.2178252252766373e-06
4.9987815169181013e-06
3.5998894751748023e-06
2.0472036983495071e-06
3.0074496013015459e-06
3.182381104120738e-07
2.2034029091263149e-06
1.8916898084699276e-06
2.8733137781409758e-06
1.2346869375706143e-06
8.4602269238603577e-07
5.6438736739351834e-07
2.3732128845274255e-06
3.020733759346541e-06
2.9587362506622512e-06
1.006912663863135e-06
9.4671140236801436e-07
1.4662142391991363e-06
2.4481524720659547e-06
1.7210328037798349e-06
1.2078430589931248e-06
1.3614185396810359e-06
3.7247589488184939e-06
1.1112752124125022e-06
2.7930928959696958e-06
2.7871815423663984e-06
2.131296114517537e-06
8.1838559890348868e-07
1.1813424979405788e-06
9.1584060012166133e-07
2.5446530394117558e-06
1.0232034130589673e-06
1.5302596881568594e-06
1.6102726166073233e-06
2.1954010042886684e-06
8.1174774438105722e-07
1.2348778550142912e-06
4.7226378152152589e-07
8.0920840119586218e-07
1.2416974106847774e-07
9.7543225024890942e-07
3.8176138865152774e-07
1.9348799440545743e-06
1.414719041933844e-06
3.4846426965490526e-06
1.6015223619691206e-06
1.6758790784734464e-06
7.8507729441114229e-07
8.4651650087592841e-07
1.1948727108860194e-06
7.3107726398933764e-07
1.4939221199443438e-06
3.3674492454630923e-06
5.3592576594555167e-07
1.3383848345865477e-06
8.3720247566568572e-07
2.6895774409654019e-06
5.7638753557964719e-07
1.825680486711893e-06
8.8203229965167247e-07
3.619914401931537e-07
1.0720387104724249e-06
3.4194455952592829e-06
1.0558233365802716e-06
1.1311417111285011e-06
1.1185096605120344e-06
1.2608706079759394e-06
8.9817011626424214e-07
3.9653166061026226e-06
9.7302236070887388e-07
2.3632919802089533e-06
1.0690069553288457e-06
1.4875547565915099e-06
1.4539146846168535e-07
2.0701786747498313e-06
1.3289110507191839e-06
2.2146698621610632e-06
1.7904867694805406e-07
1.1306036100993102e-06
1.8893466863622246e-07
4.7442834008112686e-07
5.3946297898066716e-07
3.0637247793596e-06
5.8877712852254184e-07
1.0068789701465867e-06
2.7103524843510695e-07
7.5546377461344444e-07
5.5224686310993433e-07
2.1870116728130076e-06
5.3447710420545587e-07
6.5966251222839298e-07
3.9037499000120889e-07
1.5340955460372442e-06
5.3288756574374957e-07
2.0990355524632401e-06
6.5687732525268065e-07
2.4262353958169204e-06
1.5060904785440741e-07
1.5137639711916798e-06
3.6449868639713538e-07
8.1160927537334435e-07
2.8212431403739578e-07
1.3446919866567167e-06
2.3224746748536642e-07
5.3239620948411765e-07
1.9140846188916163e-07
9.1654256420357099e-07
5.7399780600568429e-08
1.5016345655250288e-06
4.034351499316608e-07
1.2275348660525552e-06
8.8951581138561531e-08
1.3601508518627437e-06
2.3272736487766112e-07
1.0286513853112538e-06
1.26151631252498e-07
1.5164396337742907e-06
1.6549069269669106e-07
7.2879093844751998e-07
1.0007091671906151e-07
7.3884902860032306e-07
1.6114619992674845e-07
2.3711447389947049e-07
1.559844579969403e-07
1.7015238573746816e-06
1.746730145420614e-07
1.0612308294190571e-06
1.4606615090793217e-07
6.5603907649529068e-07
1.376158050753865e-07
2.05477601321669e-06
5.9614643406580192e-08
8.4624159217749347e-07
5.0255907476520384e-08
1.2060950246172195e-06
1.1166832060361729e-07
4.6048368531699602e-07
7.7937140675842688e-08
9.0344042837473078e-07
2.7184526635443901e-08
1.4934260825901053e-06
7.1125183562328563e-08
3.0991037200065955e-07
5.5983171995117908e-08
8.1422037477455231e-07
1.2962124993232944e-08
1.2477379756328185e-06
1.0353804402009687e-07
2.7422041291578305e-07
1.1770759628414754e-07
2.2003078875517558e-06
9.2072895187741567e-08
9.966264397534502e-07
4.2979416216103057e-08
1.0127649820807592e-06
5.1999054447070976e-08
1.4172645134923693e-06
1.0944370021702253e-07
1.0809760022007469e-06
7.17417564753083e-08
2.4835936371416418e-07
7.167391173255993e-08
9.0953822573931523e-07
1.6932444505565273e-07
1.639847538151675e-06
1.166544100835301e-07
9.8673665855074401e-07
5.6842971027534826e-08
1.295126095303883e-06
1.4065014686512761e-07
8.4547182240761518e-07
2.8042536202018944e-07
9.0009370407855076e-07
1.3991230701193789e-07
1.0710759095656886e-06
1.4891626008611246e-07
1.2944397031172757e-06
1.0491832657193167e-07
3.0277741973825155e-07
5.0822524568880038e-08
2.4057098251349155e-07
6.6777801253557166e-08
5.3033439880932482e-07
7.1080025313678518e-08
1.081229632349078e-06
2.2432617909460737e-07
6.3484478429207758e-07
1.4184798182411292e-07
1.2452712626218972e-06
3.9764516629607074e-07
1.5257919328739148e-06
2.2818158965692809e-07
5.8810890261098777e-07
8.9958802804412077e-08
3.4444408646173299e-07
5.0118393545658799e-08
7.2941173046122092e-07
2.9166583741220578e-07
7.6734829015051319e-07
3.2306157470594908e-08
8.8518854703080381e-07
2.6794507096638399e-07
2.9971773610141635e-07
4.6861652675463877e-07
1.4431566367161893e-06
1.00869415464819e-07
3.7989744931235268e-07
6.3545713539768791e-08
8.3894291146862335e-07
4.962683255556372e-07
1.4983352085279439e-06
2.3384660286526634e-07
6.6946274717106961e-07
4.0769176065670755e-07
1.0418066725375631e-06
2.4731202955638181e-07
1.3494572075831436e-07
1.2999136997328787e-07
6.2014530216619528e-07
2.3149550854554789e-07
2.9215699415834825e-07
2.529133416159496e-07
8.1934339405741465e-07
2.5764031628013063e-07
3.7031468124683019e-07
1.3286130961317919e-07
1.8747265928825578e-07
1.2118154409201509e-07
6.8027794594367465e-07
3.9990157465133543e-07
4.8300540153210872e-07
7.3061198827560505e-08
4.8192307081901684e-07
3.6176558648201243e-07
7.2309946457809826e-07
1.2280523333958514e-07
3.67512973432279e-07
1.4541412029712261e-07
3.1321754212646306e-08
1.9716405903612255e-07
7.6074740393255001e-07
3.4025590316444522e-07
6.8831398237817453e-07
5.7277451173406175e-07
1.1005831151658147e-06
5.3797870368678692e-07
5.6673194965791555e-07
3.258844426366635e-07
9.2586442037113119e-07
4.9661733901572108e-07
5.8296547902506053e-07
1.5030784483739322e-07
6.6618093377834985e-07
7.0262257746466926e-07
9.8524727409585181e-07
1.2966087507224141e-07
5.8344202541363496e-07
5.4971751114371862e-07
8.282168229426617e-07
4.8048405739435384e-07
6.8550924511164118e-07
4.6020915103311132e-07
1.8616558631099104e-07
3.5024817818231956e-07
6.612965907328863e-07
2.7969548836118632e-07
1.5817495097438978e-07
2.7975585842873623e-07
6.2966366382825739e-07
9.5566075692463666e-08
4.1376468330581644e-07
1.6671254881582624e-07
4.5183727941040724e-07
3.4782511709891601e-07
5.7265942414659644e-07
4.8281162682844162e-07
4.3566803817065852e-07
7.3452398025351916e-07
6.8897734755204703e-07
1.5639384715085942e-07
7.2104503974267507e-07
8.2687341278259394e-07
1.0640484222935994e-06
6.0224288304428601e-07
2.2872855917404092e-07
1.9463282741869522e-07
7.3966394372340622e-07
9.7414335498860249e-07
6.9728371346038854e-07
2.0029893717732542e-07
8.8821714969323175e-07
8.0340247989005407e-07
2.2627019278855145e-07
7.5443142486668548e-07
8.5833698705547348e-07
5.0792079320582062e-07
9.5348002403977446e-07
5.8821194359778033e-07
5.5335718675444143e-07
3.2252744222205599e-07
3.2359707229458157e-07
3.2359381418749653e-07
3.2252754003004266e-07
5.5336149430823862e-07
5.8821501711622593e-07
9.5347902177374605e-07
5.0792646897493463e-07
8.583426633411266e-07
7.5443633056772404e-07
2.262694764219078e-07
8.034062182065238e-07
8.8821721095195565e-07
2.0030077328083762e-07
6.9728165712902158e-07
9.7414129297280865e-07
7.3966578446571392e-07
1.9463393463145157e-07
2.2872738581364857e-07
6.0224271373674817e-07
1.0640466657313899e-06
8.2687106615622395e-07
7.2104511627655894e-07
1.5639197875829745e-07
6.8897987721013167e-07
7.3452665374140173e-07
4.3566857792940278e-07
4.8281180154860491e-07
5.7266316810936535e-07
3.4782543070262342e-07
4.518383961504807e-07
1.6671187156927067e-07
4.1376355282971106e-07
9.5565702559246345e-08
6.2966378206359767e-07
2.7975687553100792e-07
1.5817366333605669e-07
2.7969550232953254e-07
6.6129526967537898e-07
3.5024774123602834e-07
1.8616408867382249e-07
4.6020647190180329e-07
6.8551357427416153e-07
4.804835229997921e-07
8.2821914523103889e-07
5.4972432561867143e-07
5.8344080666370071e-07
1.2966037371332796e-07
9.8524653887132813e-07
7.0262143838469071e-07
6.6618231860037684e-07
1.5030791175535409e-07
5.8296408851252781e-07
4.966169104368372e-07
9.25863676560605e-07
3.2588428199368788e-07
5.667322153414864e-07
5.3797989206257105e-07
1.1005833368805225e-06
5.7277516217420455e-07
6.8831349869915453e-07
3.4025637835811382e-07
7.6075004169271818e-07
1.9716386697733575e-07
3.1321078978992466e-08
1.4541298340956682e-07
3.6751504924849102e-07
1.2280518683733379e-07
7.2310263899967384e-07
3.6176822076255331e-07
4.8192300496673915e-07
7.3059610492012079e-08
4.8300138479925437e-07
3.9990088271858469e-07
6.8028096677941914e-07
1.2118013470719531e-07
1.8747502719294203e-07
1.3286044244341783e-07
3.7031666145572883e-07
2.5763887452371339e-07
8.1934202997942338e-07
2.5291019769183595e-07
2.921545467241352e-07
2.3149576751145919e-07
6.2014749767425287e-07
1.2999135306041873e-07
1.3494608111220616e-07
2.4731111578547592e-07
1.0418090849492116e-06
4.0769071811225847e-07
6.6945764860865829e-07
2.3384547445070609e-07
1.498332608693366e-06
4.9626874949542454e-07
8.3894193075534606e-07
6.3548088260068955e-08
3.7989690719434876e-07
1.0086633416459595e-07
1.4431549436220192e-06
4.6861870625276399e-07
2.9971607208182304e-07
2.6794477894035064e-07
8.8519081028506378e-07
3.2306068482321154e-08
7.6734331809054672e-07
2.9166445441579404e-07
7.2941193688759614e-07
5.0120432923740906e-08
3.4444454701086199e-07
8.9958209077335347e-08
5.8810945398288085e-07
2.281856850735453e-07
1.5257894293734549e-06
3.9764633194752488e-07
1.245270755615288e-06
1.4184862669560268e-07
6.3484531593767902e-07
2.2432828944204777e-07
1.0812281322531622e-06
7.1080798213960147e-08
5.3033463942758944e-07
6.6777295876463227e-08
2.405695764945541e-07
5.0825074343920255e-08
3.0277884294857711e-07
1.0491857024219944e-07
1.294441286025302e-06
1.4891782157844417e-07
1.0710742061331833e-06
1.3991108546654573e-07
9.0009496919630045e-07
2.8042853568851916e-07
8.4546973086261516e-07
1.4065479737155112e-07
1.295130120175223e-06
5.6847237288048448e-08
9.867366351684427e-07
1.1665322266525061e-07
1.6398435709632383e-06
1.6932474280810332e-07
9.0953824701917097e-07
7.1675660254288579e-08
2.4835864569765052e-07
7.174005259247662e-08
1.0809746258035264e-06
1.0944732380958014e-07
1.4172618704165466e-06
5.1998068117368639e-08
1.0127666446602738e-06
4.2978161328849164e-08
9.9662403951470801e-07
9.2070214209476342e-08
2.2003067523064407e-06
1.1770829453391975e-07
2.7421771920318877e-07
1.0353942544175524e-07
1.2477352606268841e-06
1.2963307086981617e-08
8.1421968894404906e-07
5.5983541574731194e-08
3.0991058774097798e-07
7.1128397450186217e-08
1.4934273837269458e-06
2.7184678297484229e-08
9.0344598003333671e-07
7.7932690633336938e-08
4.6048507474021679e-07
1.1167097755685046e-07
1.2060884863289765e-06
5.0254628726618045e-08
8.4624322419119125e-07
5.9612326425721826e-08
2.0547758342768646e-06
1.3761223147239686e-07
6.5604219416167425e-07
1.4606935249140819e-07
1.061230674207363e-06
1.7467633821445985e-07
1.7015236029503381e-06
1.5598497474658166e-07
2.3711537053875862e-07
1.611486783787501e-07
7.388505470852022e-07
1.0007028964317524e-07
7.2879377226061539e-07
1.6549257853274771e-07
1.5164402486092038e-06
1.2615256796914203e-07
1.0286537323320402e-06
2.3272842965558514e-07
1.3601492592352447e-06
8.8954042763941937e-08
1.2275348310294957e-06
4.0343524278935156e-07
1.5016319514417439e-06
5.7400183719798593e-08
9.1654458331898877e-07
1.9140893730676045e-07
5.3239396541776406e-07
2.3224561814688781e-07
1.3446917556877315e-06
2.821228025702664e-07
8.1160981375067152e-07
3.6449692933263068e-07
1.5137623387594707e-06
1.5060939182733023e-07
2.4262324566509073e-06
6.5687834942587952e-07
2.099033324243956e-06
5.328885325214027e-07
1.5340958898603751e-06
3.9037584948358827e-07
6.5966155458418199e-07
5.3447541177250631e-07
2.1870104851538172e-06
5.5224900844912311e-07
7.554656393740041e-07
2.7103209318969354e-07
1.0068811013029252e-06
5.8877500216547533e-07
3.0637210438012599e-06
5.3946569296226663e-07
4.7442467872279853e-07
1.8893278051174238e-07
1.1306025143678084e-06
1.7904884965325339e-07
2.214667023613728e-06
1.3289129601470486e-06
2.0701768634208501e-06
1.4539226426470572e-07
1.4875549703831239e-06
1.0690071396370753e-06
2.3632914441864317e-06
9.7302505435282552e-07
3.9653162943486904e-06
8.9817100374546511e-07
1.2608698952966608e-06
1.1185047038549813e-06
1.1311417864549266e-06
1.0558202314717456e-06
3.4194455853548538e-06
1.0720398347339527e-06
3.6199037436431862e-07
8.8203354000108907e-07
1.8256807778470403e-06
5.7638713617462783e-07
2.6895770889225607e-06
8.3720151896123809e-07
1.3383826332355933e-06
5.359220850863154e-07
3.3674491647503232e-06
1.4939177783048422e-06
7.3107935005137978e-07
1.1948732925116889e-06
8.4651434283216127e-07
7.8508032447344885e-07
1.6758822281229437e-06
1.6015192809352644e-06
3.4846459225177773e-06
1.4147225068789306e-06
1.9348836983308458e-06
3.8176245616005234e-07
9.7543111457061879e-07
1.2417015155643476e-07
8.0920817934203491e-07
4.7226345016698417e-07
1.2348789607385839e-06
8.1175005227011402e-07
2.1954012550647999e-06
1.6102697288518305e-06
1.5302615606807683e-06
1.0232038428689874e-06
2.544653650681132e-06
9.1583876719542564e-07
1.1813405108313999e-06
8.1838396128892518e-07
2.1312971788364573e-06
2.7871830817678452e-06
2.7930912020659225e-06
1.1112755014628e-06
3.7247586114519668e-06
1.3614153048355779e-06
1.2078440329721736e-06
1.7210327439420457e-06
2.4481515018286403e-06
1.4662133499543917e-06
9.4670840289023582e-07
1.0069116367343154e-06
2.9587361740613187e-06
3.0207335066332041e-06
2.3732187469390711e-06
5.6438695093071264e-07
8.4602314035917618e-07
1.2346849798718625e-06
2.8733155191581598e-06
1.8916861022512018e-06
2.2034030228378156e-06
3.1823575273721027e-07
3.0074531370778493e-06
2.0472025533678185e-06
3.5998886283436979e-06
4.9987815044093009e-06
5.2178217583250631e-06
2.2295327205618438e-06
1.6452209680300364e-06
1.6071657065773302e-06
2.5043100605146703e-06
3.6067475434114157e-06
2.1163787419481946e-06
1.8896466045660757e-06
4.1483367658500874e-06
2.8635384971828625e-06
1.3766642272424782e-06
5.2047275224403386e-06
3.5445458832047747e-06
3.326722042343449e-06
6.958243841181541e-06
3.1399565453351856e-06
2.7681405396786225e-06
2.8730883833730185e-06
7.5860474750595594e-06
8.1614270566560535e-06
2.0467799811497615e-06
3.4318639488222812e-06
3.3296915569850882e-06
1.3068798024753383e-06
3.4298541685338228e-06
6.2410333945359328e-06
5.4196425626527784e-06
5.3224504428685695e-06
4.2602324598744129e-06
1.3873486560333466e-06
4.1556890709578514e-06
7.6150943345702778e-06
6.220368008958116e-06
7.0024261853348648e-06
4.9949789120392576e-06
5.8682996048342773e-07
5.7359922194735639e-06
6.129275693634308e-06
1.5900906314134012e-06
7.2682097375823658e-06
4.128987347734617e-06
3.8955060242372218e-06
6.0995196550343815e-06
4.0224764067584183e-06
4.2273826214882721e-06
8.6441788503037743e-06
1.0217743717919759e-05
1.3963572000068582e-05
5.7148850082936603e-06
4.4782348215652282e-06
5.3999103512199428e-06
9.7693746977262672e-06
6.6140128294194596e-06
3.7720163055139523e-06
5.6456712206683414e-06
1.0783708048796245e-05
8.0367560949659818e-06
1.7983406413066639e-05
8.7247950134657532e-06
2.0383002185550694e-06
6.9951101205580418e-06
1.8381783730650743e-05
1.2627462843656108e-05
1.0869767380165031e-05
9.2653862077737882e-06
1.0115354635466371e-05
6.9548436800710186e-06
1.6476432235822244e-05
1.3959546733451128e-05
2.3284900432554466e-05
3.4303360323441481e-06
1.4326859997427706e-05
8.3011625119553823e-06
3.6204616672805202e-06
1.1932959782506984e-05
2.7233862056109021e-05
1.4943064551485951e-05
3.0221464046612023e-05
1.2094765566111296e-05
8.8909489025831242e-06
5.7937564752362647e-06
2.6175783341367892e-05
9.4939805061058277e-06
1.4447400959734113e-05
9.7106695826530379e-06
5.2730753879490743e-06
1.1425638256870268e-05
1.1914020375099055e-05
1.6428756490033219e-05
3.7191557678972131e-05
1.3883414133302027e-05
2.4039863718370237e-05
1.095157541057212e-05
5.0271607216425464e-05
8.3465773709681719e-06
4.7382442831627861e-05
2.8244547923365641e-05
4.7889614851627669e-05
1.3762736191756373e-05
6.1256851555810713e-05
2.3884786548265715e-05
4.7121898003930404e-05
3.6740967955086957e-05
7.2866923573363759e-05
1.0229508695887166e-05
7.0922648039757405e-05
3.4981106332553122e-06
6.1654066865523389e-05
1.2997149176884344e-05
2.1141261327319173e-05
3.6809629756034225e-06
2.0407367151305126e-05
7.4353084365427706e-06
0.00012032835654845065
5.0860287221175667e-05
0.00020350039560908587
2.9300139287997945e-05
0.00018141441493673728
7.5208261489157966e-05
7.4876276955085377e-05
3.1162327937803341e-05
9.0737079344963822e-05
0.00033238854175707451
0.00014187399458671945
0.00092027114202144242
0.0031339222229615042
0.034732851252801039
0.13651032583820233
0.3000767975978274
1.2957467807704814
1.1810004460670014
0.56548468943939267
1.5066769177053012
2.3704051139264077
5.8298763023546076
9.9680684624989642
9.5213956340215731
6.027842871247965
3.3552377922654797
7.756847168358787
10.82964054066383
8.3724814001466044
10.29340706169773
14.798295656719139
16.35825254567056
11.23548019686106
5.9925376178703598
3.4481091478444337
2.2146260277439631
6.2031033827222286
12.499479215117235
19.139523478660646
14.806326523106144
4.506237993945521
18.497973319884942
15.902832696300244
4.802306344196241
6.7825242798097412
3.6372636292397154
10.059329251828022
8.1421726476616296
9.4102430151334833
5.257983859424221
9.0756737623464758
15.429426100277107
7.5033396604193134
7.6379218694875535
16.860205694132965
14.312499264637996
4.0596245254831524
7.4897509285222723
12.255693761824938
11.337030470692042
2.8364100212684846
12.799897330528218
19.175151791745595
12.401942337162001
3.028671329801512
6.9014880909830527
4.9114129548969352
21.929056141493476
23.468296883222223
9.9604968867879897
13.420242764641413
8.9416638957801027
6.6082915620709759
8.3426193495046093
4.6736017441215969
14.172481769042188
15.531481063614043
7.269368357674419
12.240815439014398
16.986161774620385
9.3956668128777192
9.8085453598520029
16.399985813129465
21.712347233079058
22.699810906599616
18.049749205166918
6.9652859117528143
13.134957024404029
10.718042988790083
9.8212846830006608
25.208321896806005
26.085406682254735
26.154608876263687
23.253280187608393
9.5102150773350012
5.5940773959325227
2.9750837823393494
9.0640799903710132
15.486666895293297
13.287393109993474
8.198222837961282
5.8519808437879828
8.045553287304779
2.8318027403789534
16.960503944965755
15.430691864794561
7.9541987783526871
7.6784773129627766
15.834083603488073
41.395351173308057
45.832232819574557
33.324074067185919
19.449437367165888
15.749104590665951
16.817713863872736
27.257212806761078
27.818323153240037
16.250904666733703
23.406415064133373
6.6684614680877541
27.740085793251392
37.131410143854659
22.572073979274972
9.0188780781516371
8.5698661273938832
12.856609942080164
16.919914040930564
16.734019372003949
11.219110110823104
41.808448618738673
42.728293643153663
20.809459968920446
17.758189398139901
7.1098927327386736
13.752815764323962
22.627319672835018
15.096493174446469
8.8958003534375454
17.96029275488949
21.643256044187247
52.431549875820735
59.912208510436727
27.033331882782267
23.343920994412272
30.130285298435371
17.311580587614994
25.281880072902815
26.067399803293981
13.468110707371386
17.424676104773695
35.261796060292504
28.416409905817183
26.749179733378529
41.229416963973172
61.560098751683093
50.038436956334017
26.079147115812027
78.055277525347819
85.808484044626368
54.546453486748952
26.639337994438058
9.4061773144877652
25.89391404101821
59.023947002405556
75.705728468566733
56.89199346048381
34.061448850208194
23.151617168304348
17.694053519318008
13.519305299046751
27.875530843353175
55.558790855378625
58.617932218260989
52.475229433813858
50.100666223974294
61.570415326485168
61.078526817864727
38.703007166737102
48.750473589680695
104.38088292329077
126.47733823262014
81.44576884200454
18.613647182995908
42.274344099785814
43.4593720961389
32.051281528451192
41.207010578412664
62.449404926149185
50.768367541482718
29.458052705698503
20.149278443683446
8.0926628375363556
27.194827031794109
24.69284419002442
15.40240731087891
11.642588048039254
4.3136797285774291
4.7459453351293144
10.496840378248541
