12.764615299198878
4.7566925069024979
11.625102101215763
24.640737948549869
8.2287073755274331
29.373572086355551
62.513673237026936
31.940731641861422
42.481192488442055
80.413712654811775
105.18731242810108
38.296806694914636
61.78862706254202
52.34757567169482
55.899546927696953
13.222731112470253
22.820116466559369
56.079835709063467
59.929818413281083
9.2287109186592815
53.419816603422511
79.277296982070908
48.695217891497009
42.007366913837302
27.950901554119365
18.490590672267373
25.821606141690371
17.261827304356153
24.388508726697395
59.130641545017788
22.774759707804616
9.5608439333170896
22.629702978080463
6.149546517045521
19.947643128456345
42.86803386966421
15.927176964681445
12.880337631443822
8.43726354994247
36.680008520082779
5.3937303204155196
16.482508023270906
27.985196302161491
15.818362077052466
32.238538870783145
42.579517377514293
6.8299543507763643
14.591924793755839
4.0644821440513175
6.1961392744949526
12.931602069114957
9.9442628492132172
5.8702533645817381
22.400857181409869
25.878927011464832
11.622412472686733
13.74173347317755
17.21094838054983
22.025525488146108
10.468760290929932
16.651569602308573
6.5108834259871671
14.787443402814084
7.7311936910683601
7.7803271965309229
9.2073668934366779
23.116719774396969
6.4017103408080489
11.028378735759869
14.080346920972971
10.707862936437005
8.2847496025323739
13.316713537392983
9.2251824276974936
15.211035807977989
4.1585573648689147
7.9089559752029759
4.5335399652053017
4.7765314995864943
19.260686616069027
13.125493599591556
13.574501964103355
2.7285021636045443
5.6553663856255616
16.015516167293573
10.92870304835767
11.211995515521364
4.0604463028554871
13.715146750925397
13.2213380349712
4.7502156273846374
6.0170258813935984
9.7263896583232601
18.403238926140045
7.8716370828740061
12.64035140953991
2.420891782857336
9.6355140830098964
4.2248315492041852
10.730257123156463
2.6472249867271205
0.46410538094806492
2.8359916892871726
1.18095190609945
5.0928171136391924
13.909616148224464
8.658564897347814
6.342973294936467
12.707382084743971
2.7846130467492283
7.4434574961814377
7.9843233486893501
10.717514711623311
7.0924644919638462
5.5920496199948477
5.4080791574852869
5.7151102118696766
8.4702948145605426
12.728640389154609
11.528310550380674
6.3227947430366891
1.652611820257315
14.745018052036075
8.2583918934705753
10.223990837407076
13.1658161716083
9.4224116755803724
8.5198137787022006
11.48672159192304
8.6328131548355849
8.2059621992690346
8.2403819496389392
6.7111364866312275
16.320026827105945
7.566793192428233
9.4174703411610547
4.9513840464571839
4.7427791210905355
10.970687349687784
7.4223672597588903
11.224105475090587
9.6422682137734554
7.3250797665193979
10.440010724386122
8.6986411979865323
5.974548717936381
0.99565484265479431
18.94096704609197
6.835357724039584
15.515013571887792
4.8648501800647184
6.6754703358179768
10.68739701695258
3.3369019975472205
8.2060504298985997
5.0308762843330701
12.823548642250765
12.547558138960785
9.3026624222445289
5.4090898266915968
8.4144646956580207
1.362213625736941
5.017559642717381
10.971270928116772
2.9138143689125844
8.0565887572812649
6.0074438350897932
12.393100648986078
6.4707143654581163
10.369911422832791
5.2094763805125668
8.9952588133888529
4.5208491317626249
9.4564121570641717
5.1449880398038843
3.5235424461769171
3.6586892507798305
6.5231167586748109
13.517675891084245
7.9400931575853964
2.0008613093896681
6.1437023593427709
16.287798958225615
5.3517237883642936
11.892704241036055
5.979227149334851
2.8274178574910969
15.697843022058896
5.0536950236156812
10.128932469161835
18.942890382991465
9.9506674956511123
9.8522104856706108
6.5480538933075616
15.744141281083685
6.6418705333934636
4.0704860639803071
15.808308572845826
4.8835921206668029
1.1494197891196654
12.048532625718043
5.6371260017771103
8.9520264152747373
12.528437543510508
16.11002498718732
6.4869461227152483
5.694180501459261
8.4148122270026171
4.1544097583697797
6.5065553471428146
6.7764425941714492
11.111290105036682
7.8604577238794624
8.0666583994427494
9.0552403774270864
4.4853023605644093
3.1742005797630308
4.74995114275709
11.698355899673082
8.4534179260579325
7.9758814291997924
15.258544618312776
3.5723819687691933
5.9822840013246896
6.2312753570090402
8.7935396140350264
9.4891235311284774
3.0762185936077815
7.2072433325211467
5.8692906009328896
7.8555014098563323
19.058124879776067
9.7506023509690891
8.1132120758045403
9.7489748069190902
9.330671395252784
2.3911145587382263
6.7685822132584406
15.299407765160451
8.6053442339190163
8.0985509293208029
1.5650556599892973
13.994034982910712
11.276934778166869
11.890288886356544
2.667193483641094
2.6902449636647963
5.250132393494229
8.0471968374132086
7.7066674362234755
9.4546120618894491
16.784406380147093
6.9820839438934117
3.2934918199873136
4.648768537310433
9.9388812140945131
5.9119142272733107
3.3927696129015197
17.801684444639569
2.3525671192560167
5.5619551720774547
17.459619739957777
4.1788842074287533
12.534994967789737
4.0792241025670073
5.9171942896114427
4.5701647141704864
9.0932866290281176
5.2377736889387432
2.8223661158456608
5.7667688302658844
8.7026806362318929
4.4010177559867723
9.8895712009772669
3.2360068832795941
1.797160014275748
7.9239944720846616
7.1069366803809935
14.193764038839172
10.06324587902504
10.519114762905799
9.4012653693641877
4.9684463357159716
15.503247643912836
3.6310790401927924
11.631454391566244
9.358465342960109
6.8422139333378302
9.5394205132774648
4.3046165476246445
8.7067955258337317
3.3972947255891559
3.6367565295628701
6.2746396398033957
6.145053022178292
13.632771056741403
7.3831635446823229
16.382805757802842
6.8090194483722497
6.922211231569154
15.741964234203421
9.9337472801200306
9.4212632608676916
15.683960060253964
13.091188932562325
7.8654696567469475
1.3254576210648554
1.3254576210635678
7.8654696567476119
13.091188932561181
15.683960060254595
9.4212632608676206
9.9337472801197499
15.741964234201081
6.92221123156917
6.8090194483714956
16.382805757801904
7.3831635446824793
13.632771056741094
6.1450530221793835
6.2746396398015696
3.6367565295615103
3.3972947255877521
8.7067955258345702
4.3046165476258382
9.5394205132778911
6.842213933338277
9.3584653429605638
11.631454391565818
3.6310790401951074
15.503247643913172
4.9684463357164841
9.401265369366028
10.519114762906304
10.063245879025795
14.193764038838413
7.1069366803807128
7.9239944720847717
1.7971600142739059
3.236006883279845
9.8895712009782635
4.4010177559855155
8.7026806362317917
5.7667688302643842
2.8223661158476223
5.2377736889378159
9.0932866290287286
4.5701647141690218
5.9171942896113396
4.0792241025638836
12.53499496778919
4.1788842074277301
17.459619739959567
5.5619551720776697
2.3525671192556898
17.801684444636404
3.3927696129033387
5.9119142272756529
9.9388812140956055
4.6487685373114225
3.2934918199868384
6.9820839438933975
16.784406380147392
9.4546120618898435
7.7066674362213723
8.0471968374151643
5.2501323934927075
2.6902449636645791
2.6671934836384703
11.890288886356984
11.276934778168606
13.994034982910955
1.5650556599902377
8.0985509293208136
8.6053442339174833
15.299407765159117
6.7685822132565852
2.39111455873751
9.3306713952516542
9.7489748069207831
8.1132120758056612
9.7506023509690678
19.058124879774994
7.8555014098561093
5.8692906009342085
7.2072433325227792
3.0762185936086932
9.4891235311291346
8.7935396140347617
6.2312753570066501
5.982284001322772
3.5723819687686134
15.258544618312939
7.9758814292008084
8.4534179260550797
11.698355899673871
4.7499511427581007
3.1742005797627497
4.485302360565643
9.0552403774283672
8.0666583994430621
7.8604577238804207
11.111290105036073
6.7764425941744975
6.506555347143375
4.1544097583674331
8.4148122270018018
5.6941805014595523
6.4869461227156542
16.110024987186936
12.528437543510861
8.9520264152736182
5.6371260017761662
12.048532625718439
1.1494197891193128
4.883592120667493
15.80830857284446
4.0704860639824672
6.6418705333896142
15.74414128108198
6.5480538933072561
9.852210485671522
9.9506674956530716
18.942890382992335
10.128932469159432
5.053695023617502
15.697843022056718
2.82741785749251
5.9792271493349487
11.892704241038938
5.3517237883635609
16.287798958222485
6.1437023593407165
2.0008613093908343
7.9400931575846956
13.517675891085224
6.5231167586756857
3.658689250779585
3.5235424461747504
5.144988039805094
9.4564121570636797
4.5208491317626978
8.9952588133896096
5.2094763805127542
10.36991142283372
6.4707143654599895
12.393100648987977
6.0074438350893224
8.0565887572821957
2.9138143689107219
10.971270928114068
5.0175596427209843
1.3622136257372319
8.4144646956591362
5.4090898266927034
9.3026624222423138
12.547558138960692
12.823548642250264
5.0308762843354238
8.2060504298985055
3.3369019975469278
10.687397016953026
6.6754703358172964
4.8648501800665738
15.515013571888861
6.8353577240420931
18.940967046093675
0.9956548426542281
5.9745487179328265
8.6986411979856353
10.440010724384488
7.3250797665158389
9.6422682137729918
11.224105475090647
7.4223672597603594
10.970687349686598
4.7427791210924743
4.9513840464625272
9.4174703411600724
7.5667931924282623
16.320026827105185
6.7111364866299645
8.2403819496361326
8.2059621992722143
8.6328131548297531
11.486721591922917
8.5198137787008434
9.4224116755803564
13.165816171609869
10.223990837408326
8.2583918934727212
14.745018052036981
1.6526118202574676
6.3227947430358347
11.528310550381153
12.728640389152913
8.4702948145619281
5.7151102118674162
5.4080791574839404
5.5920496199962066
7.0924644919624669
10.717514711622417
7.9843233486864147
7.443457496180657
2.7846130467501746
12.707382084744753
6.3429732949380995
8.6585648973490343
13.909616148223641
5.0928171136406508
1.1809519061006213
2.8359916892854926
0.46410538094229509
2.6472249867244857
10.730257123155923
4.2248315492038442
9.635514083009074
2.420891782856093
12.640351409536958
7.8716370828739564
18.403238926139061
9.7263896583214819
6.0170258813956181
4.7502156273857965
13.221338034971785
13.715146750928389
4.0604463028534541
11.211995515520448
10.928703048356629
16.015516167293928
5.6553663856272305
2.7285021636039604
13.574501964101643
13.125493599593369
19.260686616068764
4.7765314995861905
4.5335399652079662
7.9089559752029688
4.1585573648706831
15.211035807979661
9.2251824276973569
13.316713537396669
8.2847496025301837
10.707862936437227
14.0803469209729
11.028378735761331
6.4017103408096752
23.116719774397886
9.2073668934363191
7.7803271965281411
7.7311936910692642
14.787443402812825
6.5108834259877808
16.651569602308331
10.468760290931252
22.025525488147647
17.210948380549869
13.741733473174873
11.622412472684774
25.878927011466899
22.400857181409616
5.8702533645838768
9.9442628492115013
12.931602069113969
6.1961392744920323
4.0644821440506496
14.591924793755794
6.8299543507764993
42.579517377514911
32.238538870784801
15.818362077054392
27.985196302161675
16.482508023271571
5.3937303204143561
36.680008520082673
8.437263549943534
12.880337631444611
15.927176964680219
42.868033869663392
19.947643128458278
6.1495465170460086
22.629702978081259
9.5608439333164519
22.774759707802339
59.130641545017902
24.388508726694308
17.2618273043615
25.821606141690708
18.490590672265899
27.950901554117376
42.007366913838524
48.695217891502772
79.277296982068421
53.419816603422589
9.2287109186578302
59.929818413281041
56.079835709064362
22.820116466559725
13.222731112470779
55.899546927694786
52.347575671696127
61.788627062541742
38.296806694915027
105.1873124280954
80.413712654814077
42.481192488444734
31.940731641860967
62.513673237027596
29.373572086353906
8.2287073755256888
24.640737948551266
11.625102101215363
4.7566925068991708
