1.0000002774304877
0.99999972254502023
1.0000002775284675
0.99999972234902001
1.0000002778225643
0.99999972195671838
1.0000002783132198
0.99999972136752535
1.0000002790011602
0.99999972058059516
1.0000002798873511
0.99999971959485467
1.0000002809729538
0.99999971840906976
1.0000002822592466
0.99999971702193535
1.0000002837475397
0.99999971543218025
1.0000002854390393
0.99999971363870432
1.0000002873346669
0.99999971164081625
1.0000002894348383
0.99999970943845551
1.0000002917391506
0.99999970703258578
1.0000002942459816
0.99999970442562958
1.0000002969519348
0.9999997016221317
1.000000299851125
0.99999969862957794
1.0000003029341828
0.9999996954595296
1.0000003061869629
0.99999969212916195
1.0000003095887366
0.99999968866335942
1.000000313109771
0.99999968509754156
1.0000003167079756
0.99999968148162954
1.0000003203242409
0.99999967788552802
1.0000003238759547
0.99999967440682236
1.0000003272478137
0.99999967118178734
1.0000003302787008
0.99999966840111931
1.0000003327426676
0.99999966633287851
1.0000003343210899
0.99999966535651474
1.0000003345611501
0.99999966601375678
1.0000003328129583
0.99999966908655991
1.0000003281325571
0.9999996757185321
1.0000003191291842
0.99999968760805935
1.000000303719442
0.99999970732304289
1.000000278722045
0.99999973882608673
1.0000002391729177
0.99999978837318737
1.0000001771390667
0.99999986608695968
1.0000000796245478
0.99999998874617813
0.99999992487005773
1.0000001846279629
0.99999967622487174
1.0000005006576906
0.99999927558818591
1.0000010026637416
0.99999866754539857
1.0000016700674699
0.99999817236595778
1.0000010847747716
1.0000035182003744
0.99997314243982838
1.0001825982520729
0.99585205595864956
0.94902914167226959
0.82401226491515722
0.66000843390424113
0.49278475207777461
0.32556601433807536
0.16305364082097246
0.043814405753083159
0.0026978462416904565
0.00016432456135358935
2.7084162493303772e-05
5.9804176089319123e-06
1.4911870933365845e-06
4.6994791057355257e-07
3.0320732633788151e-07
3.4862239835095754e-07
4.3155736463190394e-07
5.0499405714675722e-07
5.5919137428290522e-07
5.9514678528305344e-07
6.1640377995450151e-07
6.2655714154661188e-07
6.2859585648825447e-07
6.2483259583879196e-07
6.170003145063409e-07
6.0637756912127318e-07
5.9389991582081712e-07
5.8024864548815814e-07
5.659179217209566e-07
5.5126462822900746e-07
5.36544898012893e-07
5.2194108351646276e-07
5.0758104567382813e-07
4.9355282900856955e-07
4.7991501606394294e-07
4.667046044286958e-07
4.5394275545906321e-07
4.4163906228398052e-07
4.2979475711046377e-07
4.1840498249158521e-07
4.0746070003369388e-07
3.969498675017277e-07
3.8685852738442851e-07
3.7717151185349338e-07
3.6787291649407248e-07
3.5894663914046507e-07
3.5037648032032005e-07
3.4214652227347328e-07
3.3424126138356116e-07
3.2664555931916303e-07
3.1934493417393118e-07
3.123254117412277e-07
3.0557362524706736e-07
2.9907692211521422e-07
2.9282307043588857e-07
2.8680066730325181e-07
2.8099865682048019e-07
2.7540679451573191e-07
2.7001521471502337e-07
2.6481456111114309e-07
2.5979613429838333e-07
2.5495147213831903e-07
2.5027284789809282e-07
2.4575262209887185e-07
2.4138381201101166e-07
2.3715977276151108e-07
2.3307408884489976e-07
2.2912084182166826e-07
2.2529426263148596e-07
2.2158904929375487e-07
2.1800007643153139e-07
2.1452248752649272e-07
2.1115170704583471e-07
2.0788339468885972e-07
2.0471340628050907e-07
2.0163781026256501e-07
1.986529193940619e-07
1.9575515469879006e-07
1.9294112172700837e-07
1.9020767095196365e-07
1.8755172487890927e-07
1.8497035387875537e-07
1.8246084374624603e-07
1.800205286341012e-07
1.776469143872433e-07
1.7533758626769069e-07
1.7309026069221228e-07
1.7090275088451347e-07
1.6877298758448135e-07
1.6669897420843208e-07
1.6467882890363063e-07
1.6271068829475988e-07
1.6079281661121937e-07
1.5892365245127465e-07
1.5710141612674051e-07
1.5532473966523983e-07
1.535920761971754e-07
1.5190208683179067e-07
1.5025335964546509e-07
1.4864465715582261e-07
1.4707473455542528e-07
1.4554241403276912e-07
1.4404655895691001e-07
1.4258603967753148e-07
1.4115981238169579e-07
1.397669416367399e-07
1.3840638424531675e-07
1.3707722524191462e-07
1.3577858025267199e-07
1.3450957175688576e-07
1.3326941466753189e-07
1.3205722747755477e-07
1.3087232657001397e-07
1.2971389863197593e-07
1.2858127305199002e-07
1.2747373874579662e-07
1.2639062869993806e-07
1.2533141632313979e-07
1.242953025202916e-07
1.232817915202792e-07
1.2229028878949948e-07
1.2132029114417951e-07
1.2037119129207702e-07
1.1944251040609869e-07
1.1853369164477666e-07
1.1764437541319429e-07
1.1677397050246433e-07
1.159220709387601e-07
1.1508831375315232e-07
1.1427216531899084e-07
1.1347327904913419e-07
1.1269121539944444e-07
1.1192567632526607e-07
1.111762379413346e-07
1.1044251512900155e-07
1.0972422534629928e-07
1.0902098840114759e-07
1.0833252380722642e-07
1.0765849439121838e-07
1.0699853475576881e-07
1.0635248807302517e-07
1.057199540307258e-07
1.0510071410858028e-07
1.0449448037104523e-07
1.0390093567206904e-07
1.0332003839241242e-07
1.0275124237443054e-07
1.021945433276699e-07
1.0164958671344963e-07
1.0111627769173097e-07
1.0059425658660169e-07
1.0008336386754589e-07
9.9583512201154619e-08
9.9094317682511447e-08
9.861572493485542e-08
9.8147460666742712e-08
9.7689378294084284e-08
9.7241371979182567e-08
9.6803205343811678e-08
9.6374685133445498e-08
9.5955698833982531e-08
9.5546102437232571e-08
9.5145771467275136e-08
9.4754437346623537e-08
9.4372062514634659e-08
9.3998538068918186e-08
9.3633643285197296e-08
9.3277266456380261e-08
9.2929316767970289e-08
9.2589750857956129e-08
9.225825879823853e-08
9.1934887453096157e-08
9.1619426490138121e-08
9.1311892490048446e-08
9.1011981651828108e-08
9.0719788091262856e-08
9.0435177205665855e-08
9.0157982338411957e-08
8.9888176587738249e-08
8.9625554751345906e-08
8.9370249435823745e-08
8.9122000419770651e-08
8.8880775255475306e-08
8.8646483739137073e-08
8.8419061978438742e-08
8.8198524760258606e-08
8.7984637444029134e-08
8.7777475312590966e-08
8.7576857761496306e-08
8.7382825874626789e-08
8.7195210921074124e-08
8.7014125200070311e-08
8.6839279079104758e-08
8.6670913277965241e-08
8.6508594601478884e-08
8.6352676458009186e-08
8.6202834409584874e-08
8.6059149422932657e-08
8.5921493651528539e-08
8.5789897929593235e-08
8.566432969233369e-08
8.5544691267360027e-08
8.5430972810838763e-08
8.5323150879330225e-08
8.5221265791449958e-08
8.5125036679268571e-08
8.503477433535045e-08
8.4950183170397941e-08
8.4871406599133836e-08
8.4798294346851479e-08
8.4730937658315505e-08
8.4669168005681463e-08
8.4613195883256692e-08
8.4562851148575167e-08
8.4518037438638981e-08
8.4478951306803558e-08
8.4445354642502932e-08
8.4417531550589893e-08
8.4395139421886051e-08
8.4378425852101125e-08
8.4367230972258355e-08
8.4361700756201497e-08
8.4361699100509318e-08
8.4367282705001451e-08
8.4378409422491992e-08
8.4395106935838392e-08
8.4417485750200055e-08
8.4445300544426128e-08
8.4478947281873088e-08
8.4518006183612309e-08
8.4562782853287416e-08
8.4613159511610414e-08
8.4669193928965254e-08
8.4730916186019558e-08
8.4798293790579929e-08
8.4871348395101335e-08
8.4950209396140587e-08
8.5034741439450586e-08
8.5125104656320471e-08
8.5221228259955483e-08
8.5323163420385348e-08
8.543102534977232e-08
8.554465958274674e-08
8.5664259156555384e-08
8.5789956123102053e-08
8.5921521546872637e-08
8.6059154838800362e-08
8.6202836543703549e-08
8.6352704759123557e-08
8.6508644890539434e-08
8.6670729749109723e-08
8.6839365911077467e-08
8.7014087617017073e-08
8.7195254602322008e-08
8.7382778977752059e-08
8.7576866797305331e-08
8.7777366619395817e-08
8.7984571033355253e-08
8.8198446065285935e-08
8.8419056491006494e-08
8.8646457526876187e-08
8.8880689207813959e-08
8.9122009366711905e-08
8.9370217325616053e-08
8.9625578421524308e-08
8.9888147195733665e-08
9.0157979556179511e-08
9.0435169048085273e-08
9.0719802734938014e-08
9.1012100657920983e-08
9.1311875498410876e-08
9.1619498023033937e-08
9.1934831827251305e-08
9.2258329733995732e-08
9.2589672350783963e-08
9.2929380089110036e-08
9.3277319754376319e-08
9.3633689011174429e-08
9.3998548339946689e-08
9.4372101570272478e-08
9.4754415706061994e-08
9.5145742916946571e-08
9.5546152032305131e-08
9.59556949188513e-08
9.6374750514577751e-08
9.6803175027111443e-08
9.72413925521522e-08
9.7689382384839856e-08
9.8147465180114785e-08
9.8615684083789035e-08
9.9094286533404446e-08
9.9583454592884078e-08
1.0008337714329758e-07
1.0059427708178035e-07
1.0111621643828558e-07
1.0164964632199625e-07
1.0219448528963815e-07
1.0275122987606924e-07
1.0331993537443828e-07
1.0390097052128587e-07
1.0449448880906689e-07
1.0510070080614564e-07
1.057199439134363e-07
1.0635248021672236e-07
1.0699855185923165e-07
1.0765841369860057e-07
1.0833249671909008e-07
1.0902096694233582e-07
1.0972419304470806e-07
1.1044246067320474e-07
1.1117619614486448e-07
1.1192570785457878e-07
1.1269119903642147e-07
1.1347323605075814e-07
1.1427218766428093e-07
1.1508829113218301e-07
1.1592214511843745e-07
1.1677403161038709e-07
1.1764436733565887e-07
1.1853377243197593e-07
1.1944249009977404e-07
1.2037116168348075e-07
1.2132026535143086e-07
1.2229030579589443e-07
1.23281833558722e-07
1.242953205756552e-07
1.2533140881201605e-07
1.2639068872577146e-07
1.2747375020183677e-07
1.2858123374834496e-07
1.2971384446686935e-07
1.3087234642646509e-07
1.3205724304684226e-07
1.332694284118529e-07
1.3450959568735116e-07
1.3577863479883099e-07
1.3707722265178933e-07
1.3840635732553641e-07
1.3976691475286055e-07
1.4115980664712678e-07
1.425860592005142e-07
1.4404652313811082e-07
1.4554243486794183e-07
1.4707477277508984e-07
1.4864463415816851e-07
1.5025331179840799e-07
1.5190205854226722e-07
1.5359207512976301e-07
1.5532468389900184e-07
1.5710142741482709e-07
1.5892356109554828e-07
1.6079287193232838e-07
1.6271065846213917e-07
1.6467885146937164e-07
1.6669892388186497e-07
1.6877299556269771e-07
1.7090274329433876e-07
1.7309025897499613e-07
1.7533758397332511e-07
1.7764694750636553e-07
1.8002053313924393e-07
1.8246079729533811e-07
1.849703358824683e-07
1.8755171254376556e-07
1.902076609792237e-07
1.9294110810362638e-07
1.9575521706745584e-07
1.9865287342531921e-07
2.0163784509042401e-07
2.0471341372491301e-07
2.0788339330726446e-07
2.1115177971145342e-07
2.1452247810459775e-07
2.1800009656786028e-07
2.2158902941817989e-07
2.2529431428362949e-07
2.2912086736708362e-07
2.3307413934053124e-07
2.3715971870249897e-07
2.4138386186396348e-07
2.457526325092549e-07
2.5027282430626822e-07
2.5495153304396423e-07
2.5979614227603842e-07
2.6481464107550108e-07
2.7001521182355311e-07
2.7540678562270409e-07
2.8099865568933424e-07
2.868006666737375e-07
2.9282303643238443e-07
2.9907697395640309e-07
3.0557363644689946e-07
3.1232539490869468e-07
3.1934492890195354e-07
3.2664552711560126e-07
3.3424127416124217e-07
3.4214651143354135e-07
3.5037645918198912e-07
3.589466311969939e-07
3.6787292463742855e-07
3.7717149102830439e-07
3.8685856344047057e-07
3.9694984355642878e-07
4.0746066123060111e-07
4.1840493690545736e-07
4.2979474825077073e-07
4.416390770172392e-07
4.5394274293944641e-07
4.6670462735724898e-07
4.7991499423636404e-07
4.9355279996395855e-07
5.0758103892752612e-07
5.2194115662461484e-07
5.3654491577718169e-07
5.5126461953464148e-07
5.6591790185005049e-07
5.8024867319371392e-07
5.9389993142063985e-07
6.0637758706247349e-07
6.1700029809323758e-07
6.2483263950459093e-07
6.2859585647445969e-07
6.2655711778659804e-07
6.1640379954315888e-07
5.9514682961298394e-07
5.5919141048426996e-07
5.04994022891154e-07
4.315573652430164e-07
3.4862236466027262e-07
3.0320731979091436e-07
4.6994793056676124e-07
1.4911871226109353e-06
5.9804175947810445e-06
2.7084162498290276e-05
0.00016432456129182263
0.002697846241720106
0.043814405753095628
0.16305364082098914
0.3255660143380501
0.49278475207778372
0.66000843390425123
0.82401226491513269
0.94902914167221675
0.99585205595862492
1.0001825982520725
0.99997314243980973
1.0000035182003748
1.0000010847747298
0.99999817236593824
1.0000016700674841
0.99999866754543332
1.0000010026637165
0.99999927558822677
1.000000500657718
0.99999967622488684
1.0000001846279312
0.99999992487011147
0.99999998874616991
1.0000000796246078
0.99999986608690683
1.0000001771389815
0.99999978837326242
1.0000002391728766
0.99999973882615667
1.0000002787219406
0.99999970732310528
1.0000003037194183
0.99999968760807689
1.0000003191292348
0.99999967571850035
1.0000003281325858
0.99999966908656079
1.0000003328129397
0.99999966601377277
1.0000003345611612
0.99999966535656226
1.0000003343210917
0.99999966633288362
1.0000003327426195
0.99999966840120991
1.0000003302786167
0.99999967118178468
1.0000003272477789
0.99999967440680482
1.0000003238759807
0.99999967788548583
1.0000003203242895
0.99999968148159868
1.0000003167080094
0.99999968509751314
1.0000003131097654
0.99999968866332944
1.000000309588762
0.9999996921291564
1.0000003061869576
0.99999969545950385
1.0000003029341722
0.99999969862958171
1.0000002998511335
0.99999970162211216
1.0000002969519595
0.99999970442559227
1.0000002942460173
0.99999970703254493
1.0000002917391513
0.9999997094384655
1.0000002894348501
0.99999971164081491
1.0000002873346747
0.99999971363879669
1.000000285439036
0.99999971543219579
1.0000002837475543
0.99999971702193557
1.000000282259252
0.99999971840907864
1.0000002809729411
0.99999971959485223
1.0000002798873517
0.99999972058059206
1.0000002790011469
0.99999972136752757
1.0000002783132267
0.99999972195670928
1.0000002778225645
0.999999722349036
1.0000002775284693
0.99999972254502045
