23.208452202876998
13.930130531414498
11.032376507465921
17.759917793209748
11.088031993534962
3.9689365169355901
14.86349924171021
18.903192935400167
12.024229556082647
8.516439285886154
10.534975802104336
6.0747529563011131
1.4880513003567526
4.5346877157892767
10.129644568387707
14.066301444070346
15.543510312542805
15.4822804392983
37.394998391323703
54.948109990501756
44.196431424402483
35.410662369923102
51.34562198110639
38.025292484123987
32.879503231749332
63.79870225639079
63.609044681116323
42.663156775053572
31.049110159658813
38.854657292651282
54.876570418269552
45.63435872012672
18.867500369811459
33.423527498895126
51.188315952351033
61.242467695929363
64.27712292584097
50.172763498702921
15.878498518162122
19.688329837262458
31.740377693692988
20.262067095859642
21.453084090879734
35.920256558153682
44.29129438006656
38.222582160724528
16.153694903446986
26.054558293153153
40.880445305180842
30.603696875028501
10.874175548000654
28.202379118695124
37.36179004067278
22.198397871446119
8.7182900981519413
33.347623333227439
43.616273748221445
49.197578385011212
43.015544154737086
15.053483902056344
20.539137207823391
39.029162967392942
31.825585126781931
16.98821550690181
11.370443233182211
7.0754051547587737
17.184956858440849
17.465155138579252
22.879527431416051
34.156081504429451
29.117775317854758
10.591915952814665
2.9115669882043984
10.772620931407999
28.675065469111338
36.60600648393148
27.93236347426943
17.937399775172697
13.260218279590628
12.234478172954748
14.867783734624362
16.906664843794506
13.657176930060986
5.0534825500501306
7.6594415427155909
4.8788416021733827
8.8925820476850248
11.308375850231496
15.582989227413039
20.840334754100702
13.874171792888486
1.4054574915504057
4.955176871790977
4.839957969088803
13.62457909836286
17.982203788761929
29.387734497772382
35.42976596963998
21.739752111661463
5.7134562821281181
24.878070347891374
30.042360495727802
23.975080608941468
15.922793273799712
12.188471335965355
12.066910934649604
10.302141556797853
4.6993237244257724
1.5336808628913561
5.7059126187858018
8.238876470358564
8.4266197917113512
7.1032003749092345
4.4667618856883946
7.4677196026927497
18.873668213101482
26.609346604413489
25.005890451688401
15.840476830605359
6.5412351890099076
5.5441706267483877
7.4479630638022911
5.8264943217810865
5.2149619474039151
7.4144598813086438
8.8198786142087595
12.145904827990504
16.964556087032879
18.576453858459253
14.064958171245507
9.2078953791379483
7.8366685013647448
6.7566250130191294
7.7097275711362121
14.895346988512799
16.550461123102352
7.1028616212188966
4.7781184593016741
7.0575805781804331
2.528561873276963
4.7136087369673874
6.3370751098438021
6.6808269422757594
8.7666191257777353
11.373710583958756
14.257176498074584
18.787395862335838
19.875597675816383
15.770569359694797
6.1627294922602003
8.5453310445453301
8.3579802677148258
3.8130487763398766
8.835749405965009
7.0349530257872113
12.677674751059408
12.110060349057727
5.3928728995106052
4.5205663452654283
8.9940334837537481
11.683655984058467
10.265752979502924
7.5910495936605908
6.0725512058500009
7.6282514200851921
4.462586781777711
13.257099397204385
13.853268706305141
2.3133186068216891
8.1637836301586617
7.0579697089907132
0.96500002945881136
5.6584799824703564
6.6966028739862091
2.616529100313985
4.771391698157573
6.1033979916312866
1.4719342274773191
7.6616003488808104
7.0426009977242163
2.6461502622031636
0.73417393747282844
0.56739281502389249
0.90193648052207831
0.21015519492139081
0.11454828705555362
0.030324519894277223
0.002124590301813895
0.0017108503213198228
0.00022312700129295491
9.4076280141428147e-05
0.0001988860322462963
9.7312962859728884e-05
0.00012104023780905579
9.6703885166798189e-05
0.00018285502955365376
1.7450715489296829e-05
0.00017051416444058311
6.9772490223150467e-05
0.00019223911269486182
2.6167292548899414e-05
0.00017156262655918425
5.9199573787509124e-05
0.00012699529002231297
3.382001722689718e-05
9.1731095852786611e-05
5.2936682637963478e-06
6.0089301603951551e-05
2.5600245520483859e-05
0.00013473361065364443
3.0705241459630107e-05
5.0913095269728486e-05
3.8257806671715702e-05
6.0696540820907748e-05
1.5496729339576443e-05
7.1900079573129593e-05
3.4820047144285941e-05
3.6425215533663661e-05
2.0578984245834667e-05
7.6191796982446892e-05
1.5447928843894112e-05
1.6223479744451346e-05
1.0030234425300275e-05
3.4713526207628175e-05
1.9058180965956219e-05
8.7620821569028884e-06
1.5253347394408629e-05
3.6259413625696946e-05
1.2254834728295059e-05
3.3409787426756718e-05
1.6111403511396685e-05
2.2193876204778654e-05
4.3918399839589428e-06
6.0883559060957265e-06
3.9676166940917046e-06
2.1239773321963856e-05
1.7242174478233946e-05
2.0304444448109539e-05
1.5441833129088208e-06
1.3480763243263943e-05
1.2127772923342226e-05
1.9999799999363852e-05
4.7699121787388996e-06
1.2069515711605428e-05
2.6963074901503663e-06
1.61199267985426e-05
1.5872191189643402e-05
1.5095765298147798e-05
4.1808510464884523e-06
1.2348387573531707e-05
2.6622510492879041e-06
9.4782825340270779e-06
5.6674699309743356e-06
6.2936825116708698e-06
9.8328060070221266e-06
1.334049136971942e-05
4.4063868504009788e-06
4.5968142546340516e-06
7.4285044998594153e-06
2.7441469255152222e-06
8.7075825206132938e-06
1.5067227677444684e-05
3.3080585824138891e-06
7.4490500264509351e-06
6.2546868672779135e-06
4.8299612002286669e-06
2.739005662278465e-06
6.9556684845782878e-06
2.5287393503968072e-06
6.2718910765847385e-06
6.4306969729809172e-06
5.5723209678838021e-06
3.5847495450778569e-06
2.3731534120514306e-06
3.0372133109855615e-06
3.5741575816187844e-06
7.6328444934132406e-06
5.6777849700555641e-06
2.6841192160294692e-06
6.007205378551867e-06
3.878425702084352e-06
4.5534764376318202e-06
1.2591905182786352e-06
3.8204591046196842e-06
4.4499692511427718e-06
4.6375269114068748e-06
2.1116330475097401e-06
2.9341120102609075e-06
5.0894680197408119e-06
5.8224834983531981e-06
4.4079286266681769e-06
2.5070013427828459e-06
9.9689898646742736e-07
3.738643815265925e-06
4.6171196047019732e-06
3.1953210228069183e-06
3.0567922825932698e-06
3.91345129612045e-06
4.0487751656836527e-06
2.4054770084030879e-06
2.5729885345911548e-06
1.3698316527556629e-06
6.1024327137972354e-07
2.5672552837859336e-06
5.9968840826828591e-06
4.922281381463075e-06
7.8691221437652529e-07
2.4957966872028943e-06
1.5181048653170894e-06
2.127438547775971e-06
4.4411846976596699e-06
2.5891116834766822e-06
5.0120605435761139e-07
2.39742249993969e-06
2.3460041985707599e-06
1.869145105129792e-06
3.0088494802588095e-06
1.1107837773645672e-06
3.3484169246492067e-06
2.7433000981109933e-06
2.2460269238923129e-06
1.6062498162158986e-06
1.5444190965428281e-06
1.2038757034741598e-06
2.4601922039479594e-06
1.8480408458370244e-06
2.4482361764602697e-06
2.2402887645259374e-06
2.4076006687347582e-06
2.2029348812230635e-06
3.1850126281233958e-06
1.3334452524772409e-06
1.586703632868388e-06
1.8455537740949109e-06
3.0756976377968253e-06
1.3345255177988872e-06
9.3371218177348051e-07
2.8454079476925092e-07
5.792006975155e-07
1.4196156411872743e-06
3.2464209606404257e-06
1.2105702092158836e-06
1.3671358822365189e-06
9.4851269189071463e-07
2.1122202549144562e-06
1.6653285477095401e-06
1.583980187244869e-06
1.1932761516811679e-06
1.7132647926540938e-06
1.0236699891289283e-06
2.4071758035247162e-06
1.4279834229429699e-06
1.8554169207630134e-06
3.5552988742405997e-07
6.5851544237401558e-07
1.5299044106965032e-06
4.5361350309091144e-06
1.6590726363596491e-06
1.3671369854551718e-06
1.6600243175319371e-06
2.2761609180411944e-06
1.4913280315209053e-06
3.6442532038568977e-06
9.771614979043933e-07
1.1168018373940203e-06
6.0621917350280088e-07
1.3173133651941981e-06
4.3168833554270763e-07
1.6474244408341189e-06
8.9893779345336048e-07
5.5002354829533519e-07
4.2383094621491438e-07
1.2413581394614104e-06
4.3034394598001865e-07
1.4633557652136568e-06
1.1708521233482029e-06
2.5251625680395125e-06
7.9674132534149299e-07
2.1948050468954562e-06
4.3708773341618788e-07
5.2089863356449016e-07
2.6922593667166574e-07
1.3429054538751401e-06
5.3059490848595075e-07
6.2834682282148167e-07
8.322356179175229e-07
1.6109615862150825e-06
4.1809726372095182e-07
2.8823520581923439e-06
6.7264895448910186e-07
5.6860271956738752e-07
3.9984947349821866e-07
4.7753355991543886e-07
5.7856794843620105e-07
1.8459408555173201e-06
3.4092112895572641e-07
2.6197927782294148e-06
9.081139629686048e-07
7.5365065558733595e-07
5.5697642480914966e-07
2.1713288141700656e-06
1.8575135167377703e-07
1.0669380113019194e-06
3.7034694443350332e-07
1.5136738538114543e-06
3.0185209542252131e-07
6.5292112298097913e-07
1.1253286969602966e-07
1.3361625717770482e-06
4.573024749817759e-07
1.9215281558486028e-06
3.2186101624849435e-07
1.1404316180246862e-06
3.9617905953025021e-07
1.712669804434817e-06
4.0616709831885793e-07
1.4905320024860906e-06
3.1260524266574539e-07
1.2383928425021857e-06
2.1316011527714368e-07
8.4508802802442711e-07
1.0961016686727363e-07
1.3032812609227512e-06
7.4857885514946614e-08
1.8116628374026057e-06
3.3594624097954639e-07
9.7454943766856673e-07
9.1740713130215452e-08
1.0338644925695707e-06
1.4908960083325802e-07
8.2802892371198746e-07
2.0706171037812235e-07
8.5475550751248725e-07
1.2744699514247089e-07
2.1246806426710987e-06
2.6616271392815117e-07
8.7553881848043975e-07
6.6944381223519328e-08
6.7725504776028528e-07
3.8045823911111792e-08
6.1084555486334724e-07
5.4909578633236479e-09
5.8110508567389492e-07
1.7294641215280916e-08
7.3137616556387104e-07
8.0473325450465075e-08
5.4956934562630778e-07
9.7514336590945258e-09
8.1053698508348338e-07
8.3528299050258982e-08
1.1119840051699805e-06
5.7604039074980415e-08
5.7976934608879332e-07
3.8571524453433768e-09
7.2953198098572816e-07
8.2115317384321231e-08
1.5373330153463131e-06
1.0385475301303833e-07
1.8673024647522704e-06
5.5662690184658795e-08
4.3779366259332853e-07
5.7371252822648476e-08
4.4676148943253786e-07
4.6279150205056752e-08
1.0397672133327751e-06
5.8508732456036688e-08
8.5760259197840048e-07
6.9839604994228561e-08
1.401270558224829e-07
3.6763699451165678e-08
3.4168449184698283e-07
1.5465075925816725e-07
2.1794775127837467e-06
1.8180917638269273e-07
2.1056430577748107e-06
2.2564010273116077e-07
1.4722653361112505e-06
8.76417687150649e-08
2.7585939350557798e-07
6.2478547100376062e-08
9.6884488360750475e-07
1.1507129302671595e-07
3.2689913301067921e-07
1.0855621344081534e-07
7.2519280756582978e-07
9.9372327415865853e-08
7.3892933706444453e-07
5.0150398401612973e-08
2.7183929353897332e-07
1.7651796725722075e-07
1.6409250212454226e-06
1.991794894365915e-07
6.0456933729239244e-07
3.2438737258126964e-07
1.5893386914526017e-06
1.876707112258648e-07
8.213647445825846e-07
2.4239518517475719e-07
9.5158488681504352e-07
1.5087521555748253e-07
1.5998619848349281e-06
4.1842731622956793e-07
1.0645501006179806e-06
1.4709951347774513e-07
6.3649837142381207e-07
1.382696882710869e-07
1.8238297585537984e-06
5.5747875514372759e-07
1.3847881929250174e-06
8.4789792639710761e-08
7.3681844475945066e-07
2.889433325831553e-07
8.8968682361581051e-07
1.838404432122582e-07
7.6274276200737186e-07
2.7868242018337675e-07
3.1732848496703375e-07
5.4581440303536995e-07
1.6053314296681009e-06
1.7330914544444198e-07
1.0905696679423523e-06
2.8033736598765953e-07
1.66244697978537e-06
7.4371634550408855e-07
1.7449271600427746e-06
2.9421925239513979e-07
3.6469509162795588e-07
3.8220972337251655e-07
1.3655167101360029e-06
3.7716500173620902e-07
2.773693846265249e-07
2.4912974568696583e-07
2.4464233214947579e-07
5.1835369879670304e-07
1.149632421788061e-06
1.2845017749530918e-07
8.6152235824739485e-07
2.2401980044649286e-07
8.9882871813761847e-07
6.8936285869195209e-07
1.5550855871662417e-06
3.7931884675839596e-07
3.2854985501396537e-07
4.5818585228439379e-07
5.3987882558932906e-07
3.5739989499083246e-07
1.460027972633669e-06
5.3079508795083539e-07
2.3546286428055963e-07
2.1270384534101051e-07
7.0359250486433777e-07
1.5371443500611668e-07
5.1572890830711555e-07
3.6269276145682354e-07
3.8637396965729236e-07
5.5984834759516787e-07
1.4236317988358696e-06
7.4496433969202103e-07
7.5099000283716018e-07
1.6872917203245451e-07
7.32065203029949e-07
6.2940789364429964e-07
1.0095737999428391e-06
3.2591946863663057e-07
4.9433946833917634e-07
2.8028969794450091e-07
3.3136205523523949e-07
1.35544875140467e-07
3.5589259656603944e-07
3.4131379424532152e-07
6.3044290292844628e-07
3.4255391951390969e-07
8.4889685420672978e-07
6.5459809972584756e-07
6.1904194075063172e-07
5.1359045725449925e-07
7.6531811464318998e-07
3.3694047931308195e-07
3.5270179800039094e-07
7.4552467797404865e-07
1.4252943864337828e-06
5.9798399255827199e-07
2.3220539537378747e-07
4.9852940516277783e-07
4.4208368019578437e-07
5.2653863243843291e-08
4.816228542178957e-07
3.9026523046548105e-07
2.1789494245835828e-07
1.0556041003964451e-07
3.5054614224459205e-07
5.8961528379982801e-07
6.8345026438490776e-07
2.4056603799508018e-07
1.120606485433162e-07
2.626867759142623e-07
5.3079944303728401e-07
2.8045147861948317e-07
2.7091744356388316e-07
6.1830610171106529e-07
5.7957888660120386e-07
1.3613209563156062e-07
6.341670206743492e-07
5.3666862867156001e-07
2.8459988682491777e-07
3.5875347254993376e-07
1.7812299122249817e-07
1.8332284142390027e-07
1.8271002371496479e-07
3.1767418899424432e-07
5.6118847072029185e-07
3.8175715417119155e-07
1.5839367234203136e-07
1.5839290461205071e-07
3.8175472721446692e-07
5.6118818718249976e-07
3.1767335208186541e-07
1.8271305230431779e-07
1.8332305907309646e-07
1.7812698448317294e-07
3.5875411487775171e-07
2.8459622866340708e-07
5.3667163158265521e-07
6.3416557348970898e-07
1.3613249909097298e-07
5.7957668871074625e-07
6.1830452734674997e-07
2.7091597490506503e-07
2.8045385440055246e-07
5.3079932423625988e-07
2.6268829924515881e-07
1.1206107339341582e-07
2.4056459831644037e-07
6.8344851337729696e-07
5.8962016324077909e-07
3.5054858920314231e-07
1.0556095706715579e-07
2.1789306782886397e-07
3.902656323755086e-07
4.8162293807965811e-07
5.2657057270706537e-08
4.4208548062705121e-07
4.9852665835721889e-07
2.322035013289234e-07
5.9798345950351361e-07
1.4252945054128729e-06
7.4552381330087127e-07
3.5270339065819509e-07
3.3694139915926235e-07
7.6531637108702246e-07
5.1358869285003367e-07
6.1904239605493165e-07
6.5459932828257564e-07
8.4889727265082495e-07
3.4255565850720237e-07
6.3044411297391675e-07
3.413136862398853e-07
3.5589418709212551e-07
1.3554487768030869e-07
3.3135984453832786e-07
2.8029048830244688e-07
4.9433947756683966e-07
3.259173818092696e-07
1.0095753732475972e-06
6.2940771111070041e-07
7.3206454170606587e-07
1.6872948494907518e-07
7.5098942074564399e-07
7.4496050030809948e-07
1.4236301101280997e-06
5.5985119267153186e-07
3.8637347437101789e-07
3.6269063164281504e-07
5.1572902936934009e-07
1.5371364646992444e-07
7.0359414611327675e-07
2.1270436885045563e-07
2.354626707344292e-07
5.3079561058279194e-07
1.4600277415470041e-06
3.5739962963703235e-07
5.3987523781418614e-07
4.5818477564628217e-07
3.2855181746692325e-07
3.7931635920063157e-07
1.5550830269647415e-06
6.8936411449619452e-07
8.9882963531596924e-07
2.2402029868914271e-07
8.6152396193783511e-07
1.2845224356994068e-07
1.1496340524603855e-06
5.1835153958165811e-07
2.4464154801665188e-07
2.4913042644545597e-07
2.7736853587411199e-07
3.7716380339659973e-07
1.3655162010252497e-06
3.8221219639613916e-07
3.6469836793487236e-07
2.9421823929678601e-07
1.7449288686505773e-06
7.437177646444839e-07
1.6624458532198268e-06
2.8033718195527293e-07
1.0905689979910557e-06
1.7330943882925101e-07
1.6053338093923957e-06
5.458145214885707e-07
3.173298070785913e-07
2.7868158589313164e-07
7.6274436322283511e-07
1.8383899824597316e-07
8.89683884394835e-07
2.8894273387037501e-07
7.3681823441392187e-07
8.4786776601730391e-08
1.3847902284004153e-06
5.5747892043560092e-07
1.8238278472780334e-06
1.3827111558628137e-07
6.3649770814676478e-07
1.4709990344086919e-07
1.0645511824555787e-06
4.1842738841319048e-07
1.5998622402030035e-06
1.5087654822757188e-07
9.5158492330843219e-07
2.4239507159691811e-07
8.2136458290272445e-07
1.87670973968766e-07
1.5893375770098002e-06
3.243881674953054e-07
6.0456764014618924e-07
1.9918217022516449e-07
1.6409249696606104e-06
1.765148461701693e-07
2.7183572124450953e-07
5.015114785462274e-08
7.3892772814360081e-07
9.937058653111641e-08
7.2519066704427132e-07
1.0855623205676783e-07
3.2689491106088845e-07
1.1507173157847905e-07
9.6884788312799906e-07
6.2473710537390062e-08
2.7585841558810456e-07
8.7644010289133383e-08
1.4722661425373593e-06
2.2563933276409811e-07
2.1056445615454041e-06
1.8180644478313318e-07
2.1794747941215203e-06
1.546534316648548e-07
3.4168416689511747e-07
3.6761828008617303e-08
1.4012830468515583e-07
6.9841313867524084e-08
8.5760259814204812e-07
5.8508409592613345e-08
1.0397673831373228e-06
4.6278685455948957e-08
4.4676053419537068e-07
5.7371067950353056e-08
4.377913109901715e-07
5.5660094265134759e-08
1.8673063419481807e-06
1.0385164368970767e-07
1.5373363899087881e-06
8.2112073033301551e-08
7.2953147137359594e-07
3.8543185220169985e-09
5.7977026407448709e-07
5.7603234093591865e-08
1.1119831840688569e-06
8.3531198951329569e-08
8.1053867850889975e-07
9.7531114435884301e-09
5.4956528897777002e-07
8.0474304701951424e-08
7.3137502728266478e-07
1.72944475062588e-08
5.8110550805564541e-07
5.4907678069214559e-09
6.1084783054198823e-07
3.8045433838980056e-08
6.7725533252053258e-07
6.6943890076843191e-08
8.7554011205820562e-07
2.661646770271163e-07
2.1246830777781879e-06
1.2744688680950849e-07
8.5475560747586392e-07
2.0706086266929566e-07
8.2802871586393341e-07
1.4908940518067637e-07
1.0338647125601336e-06
9.1743765849338146e-08
9.7454949191548402e-07
3.3594658620792472e-07
1.8116632031970944e-06
7.4860480271912655e-08
1.3032799436129777e-06
1.0961224820510391e-07
8.450880711187177e-07
2.1315915557731965e-07
1.2383921344205234e-06
3.1260444890896886e-07
1.4905338371339966e-06
4.0616765014936509e-07
1.7126664651423057e-06
3.9618008011359672e-07
1.1404314994108128e-06
3.2186129694271224e-07
1.9215284847041886e-06
4.5730234114385459e-07
1.3361626929706508e-06
1.1253367123042804e-07
6.5292267696583421e-07
3.0185285334823467e-07
1.5136729215016008e-06
3.7034733649795124e-07
1.0669369902946074e-06
1.8575250152980021e-07
2.1713252551673996e-06
5.5697527354734116e-07
7.5365121365702613e-07
9.0811280032445734e-07
2.6197925641637184e-06
3.4092274282205358e-07
1.8459392860092004e-06
5.7856648888615723e-07
4.7753350378860098e-07
3.9984992094060843e-07
5.6860261117236802e-07
6.7265008001323754e-07
2.8823501829580871e-06
4.1809903095180372e-07
1.6109613713691004e-06
8.322352797873074e-07
6.2834729280530568e-07
5.3059523895846091e-07
1.3429041341760677e-06
2.6922897740551165e-07
5.2090000473732511e-07
4.3708711094261675e-07
2.1948021228505088e-06
7.9674088348528032e-07
2.5251606465402208e-06
1.1708534499603885e-06
1.4633562301841508e-06
4.3034453590955982e-07
1.2413599778352809e-06
4.2383239434185922e-07
5.5002540324819872e-07
8.9893614671416696e-07
1.6474249919866591e-06
4.3168523845872531e-07
1.3173124670631074e-06
6.0622190805993073e-07
1.1168038607048454e-06
9.7716066972759398e-07
3.6442518678314865e-06
1.4913290861433972e-06
2.2761611196192116e-06
1.6600232263150386e-06
1.3671413724287219e-06
1.6590714459434185e-06
4.5361340169665224e-06
1.5299046653486674e-06
6.5851170571169172e-07
3.5553039819017517e-07
1.8554192273051652e-06
1.4279807907124177e-06
2.4071768587669935e-06
1.0236713105403504e-06
1.7132654449147081e-06
1.1932776726237171e-06
1.583982981463665e-06
1.66532734312951e-06
2.1122214072876606e-06
9.4851212298163044e-07
1.3671366449893846e-06
1.2105702309605302e-06
3.2464210520672448e-06
1.419617237226996e-06
5.7920094178462634e-07
2.8454005194213109e-07
9.3371408432197364e-07
1.334527609727203e-06
3.0756957740239352e-06
1.8455538921705422e-06
1.5867034886294142e-06
1.3334466574703919e-06
3.185012963724597e-06
2.2029339579721854e-06
2.4076017227448428e-06
2.240287327608967e-06
2.448235469051123e-06
1.8480386702118099e-06
2.4601916209600397e-06
1.2038776163813278e-06
1.5444205552416338e-06
1.6062496037444632e-06
2.2460304852172696e-06
2.743302343919133e-06
3.3484175577768771e-06
1.1107809507212606e-06
3.0088515608032432e-06
1.8691458020314306e-06
2.3460061654462185e-06
2.3974232906428841e-06
5.0120786860113772e-07
2.5891134509729781e-06
4.4411867825903155e-06
2.1274390156547555e-06
1.5181032175359227e-06
2.4958005590415782e-06
7.8691224064744199e-07
4.9222801983061607e-06
5.9968868990823267e-06
2.5672531482467151e-06
6.1024898898928518e-07
1.3698315251161423e-06
2.5729896553832011e-06
2.4054774670879298e-06
4.0487744622285913e-06
3.9134499411358873e-06
3.0567915970553659e-06
3.1953212471578181e-06
4.6171163564763026e-06
3.738650046384443e-06
9.9689667040623481e-07
2.5069976003709929e-06
4.4079291232797111e-06
5.8224844750445102e-06
5.0894683215362819e-06
2.9341140553511047e-06
2.1116349701936006e-06
4.6375290803530591e-06
4.4499691577759334e-06
3.8204580672080132e-06
1.2591906131907453e-06
4.5534757851476152e-06
3.8784249483499028e-06
6.0072004701923223e-06
2.6841206828606449e-06
5.6777846163740525e-06
7.6328425406336058e-06
3.574159066743016e-06
3.0372123222660432e-06
2.3731505256483169e-06
3.584747065160991e-06
5.5723188506267523e-06
6.4306964877506065e-06
6.271890462862983e-06
2.5287371156190956e-06
6.9556675980265601e-06
2.7390077429728473e-06
4.8299604307326447e-06
6.2546845117530901e-06
7.449048277492165e-06
3.3080602030347634e-06
1.5067228476065129e-05
8.7075784390303844e-06
2.7441442285745141e-06
7.4285024225638053e-06
4.5968138334685764e-06
4.4063876165009936e-06
1.3340493374868164e-05
9.8328063369376327e-06
6.2936827570047353e-06
5.6674694443398009e-06
9.4782808839134875e-06
2.6622507598871346e-06
1.2348387257482039e-05
4.1808484670616771e-06
1.5095763849729247e-05
1.5872191137517577e-05
1.6119926641167382e-05
2.6963083113398767e-06
1.2069515604203864e-05
4.7699104165001776e-06
1.9999798767165762e-05
1.2127774321119901e-05
1.348076438344654e-05
1.5441829351128716e-06
2.0304444354386759e-05
1.7242174067151174e-05
2.1239776641764904e-05
3.9676203243390397e-06
6.0883567212319939e-06
4.3918345617291551e-06
2.219387698151059e-05
1.6111403538289395e-05
3.3409783853626279e-05
1.225483514912769e-05
3.6259412168387548e-05
1.5253344183187811e-05
8.7620837600549579e-06
1.9058181997083673e-05
3.4713525020480939e-05
1.003023851727689e-05
1.6223478670195722e-05
1.5447929164219201e-05
7.6191799220347634e-05
2.0578984928356066e-05
3.6425218215821461e-05
3.482004625637187e-05
7.1900078468744983e-05
1.549673033355949e-05
6.0696539628543994e-05
3.8257808384164943e-05
5.0913095230520706e-05
3.0705245086007199e-05
0.00013473360614535827
2.5600246405043351e-05
6.0089302321013364e-05
5.2936705805852915e-06
9.1731094400546252e-05
3.3820018401876273e-05
0.00012699529144285997
5.9199574174546403e-05
0.00017156262506159682
2.616729023785799e-05
0.00019223910786009201
6.9772492776189979e-05
0.00017051416616499488
1.7450715391985391e-05
0.00018285503332932091
9.6703882831856717e-05
0.00012104023934094372
9.7312963658475777e-05
0.00019888602716559384
9.4076279210660965e-05
0.00022312699986608257
0.0017108503214216544
0.0021245902972626056
0.030324519895589961
0.11454828705550228
0.21015519492025309
0.90193648052430675
0.56739281502360017
0.73417393747057369
2.6461502622023163
7.0426009977254527
7.6616003488807243
1.4719342274761111
6.1033979916294099
4.7713916981576121
2.6165291003131692
6.6966028739827212
5.6584799824630938
0.96500002945338137
7.0579697089943991
8.1637836301613333
2.3133186068226155
13.853268706304554
13.257099397204382
4.4625867817779952
7.6282514200851326
6.0725512058498419
7.59104959366418
10.26575297950499
11.683655984061042
8.9940334837543379
4.5205663452670803
5.3928728995111976
12.110060349062243
12.677674751063837
7.0349530257876705
8.8357494059648563
3.8130487763353678
8.3579802677131756
8.5453310445475292
6.1627294922605742
15.770569359699982
19.875597675817946
18.787395862341185
14.257176498072978
11.37371058395958
8.7666191257827908
6.6808269422748356
6.3370751098425311
4.7136087369670543
2.5285618732753798
7.057580578177765
4.7781184593055643
7.1028616212185005
16.550461123104636
14.895346988510573
7.7097275711361304
6.756625013020809
7.8366685013631434
9.2078953791373799
14.064958171247097
18.576453858457711
16.964556087031667
12.145904827995791
8.8198786142122678
7.4144598813092175
5.2149619474030429
5.8264943217809577
7.4479630638032654
5.5441706267495778
6.5412351890122036
15.840476830602528
25.005890451689726
26.609346604414842
18.873668213104985
7.4677196026914521
4.466761885686517
7.1032003749090258
8.4266197917160284
8.2388764703622854
5.7059126187865985
1.5336808628860852
4.6993237244238006
10.302141556801654
12.066910934648401
12.18847133596541
15.922793273804517
23.975080608936196
30.042360495728325
24.878070347887729
5.7134562821260388
21.739752111656522
35.429765969636875
29.387734497772879
17.982203788767592
13.624579098362657
4.8399579690859689
4.9551768717891607
1.4054574915512743
13.87417179288739
20.840334754101281
15.582989227411849
11.308375850234908
8.8925820476867994
4.8788416021713958
7.6594415427149372
5.0534825500498615
13.65717693006072
16.906664843794168
14.867783734622218
12.234478172953894
13.260218279590728
17.937399775173191
27.932363474267472
36.606006483931381
28.675065469110685
10.772620931410408
2.9115669882043034
10.59191595281267
29.11777531785366
34.156081504430126
22.879527431418627
17.465155138578606
17.184956858441279
7.0754051547586307
11.370443233182984
16.98821550690116
31.82558512678024
39.029162967392772
20.539137207820563
15.053483902056474
43.015544154737185
49.19757838500994
43.616273748221253
33.347623333228931
8.7182900981559204
22.198397871445902
37.361790040675011
28.20237911869522
10.874175547998286
30.603696875026031
40.880445305181432
26.054558293153598
16.153694903445221
38.222582160717586
44.291294380065835
35.920256558157611
21.453084090878551
20.262067095858701
31.74037769369049
19.688329837264487
15.878498518162239
50.172763498699275
64.277122925841795
61.242467695932895
51.188315952350671
33.423527498897869
18.867500369811573
45.634358720126329
54.876570418267313
38.854657292652682
31.049110159659225
42.663156775050268
63.609044681116913
63.798702256393163
32.879503231749723
38.025292484122076
51.345621981108692
35.410662369923266
44.196431424400615
54.948109990501806
37.394998391325402
15.482280439297385
15.543510312544058
14.066301444069062
10.129644568390587
4.5346877157876442
1.4880513003571789
6.0747529562993243
10.534975802107668
8.5164392858863014
12.024229556083142
18.903192935398422
14.863499241714019
3.9689365169357358
11.088031993535878
17.759917793210253
11.032376507467111
13.930130531412619
