354.62600352075208
74.367372374417172
19.812111273800493
52.112300165401201
57.860252300873974
28.639736143923646
29.203101031068265
51.294166737677259
20.643212671054901
37.647135494037109
15.571853945595119
44.987914608537039
102.50658815716045
23.784551843695539
20.876712379710334
52.127041055271469
9.7444462632188973
42.054575805808611
56.859207596276242
65.076433646648638
85.685901459817728
65.088223097500318
34.682450021572421
37.726473684576206
138.11859866564851
32.102384126765465
55.850541158678205
111.13395688408514
65.04629886169883
54.913815410360783
105.07070416811517
108.77853724084503
44.40428304273604
81.796170647816069
107.45808363138137
3.0745754233519547
61.103038660994997
5.2799075872979842
114.393882620261
88.984209831422675
76.194406537452338
87.503208632667224
43.229377200157643
115.85034056058392
154.0990619362052
128.69854876611078
81.513694115370825
39.614021479252983
11.160918320766388
34.086362896433947
52.388557061402778
45.384673977684557
19.959520644634409
10.544013193499289
13.115175299393401
45.097595420068288
79.017301619411768
25.079996018868677
48.686105618481491
37.590744234939393
59.877017746626002
33.951429425860873
27.741599934432571
8.9429858687277779
31.170462597142485
30.270581088222148
13.679676869791068
40.918663866819429
37.6673725963363
41.923441185447061
20.017886097817893
10.889226016684729
44.330050252738999
20.829350509016905
27.176260989647904
8.3168895174906652
26.379159958623269
38.223277917804317
22.169344129968344
31.364501986458723
18.595909858967183
14.491783689618186
27.733367040628604
29.06557784857533
40.920685848136152
31.288868346950427
1.8716552459515978
20.861506246470675
33.882048571996144
6.7286374404640119
29.930967885317351
18.642702842932181
37.908848144181036
40.038266115417194
24.677004325988904
8.846566373811271
23.894691576766061
20.495396839602162
40.424237544522882
36.415332629075337
34.082316957531972
15.274481557036554
21.688459249834395
19.711236338363396
10.057157230002613
21.017269323388916
46.537794085508125
27.300899181297854
12.706870984621899
42.866814766048172
12.190667934693465
7.7511373049963357
28.952202449067521
15.716635800268808
18.704925572858706
16.704181693335496
10.347720762060101
8.2742417757983162
16.133076815912354
16.324977549326135
9.4981218354449393
19.044584906630011
17.554190588809703
41.122150208105332
20.216230475752216
20.9878598237018
5.7031251045014537
34.723483549105467
39.823589484610224
10.013228484525593
3.2343690947991521
15.876550713160832
26.085497554033431
13.049534619597637
10.177287588278681
49.211938553226908
13.287785224480006
18.501641120387266
25.26781555066573
12.822952974444375
24.436998492975029
3.1822017050550473
9.1723488513408817
18.385890746317319
24.512853504497713
11.111447351416594
33.55255023031475
16.511982067406507
17.5352132379472
19.693710021026739
11.323168974720947
48.052148981848234
13.353306429329329
6.5884317431362014
46.070167530868844
6.4789860961120471
22.667881325200224
35.28347691029083
24.607742342766858
17.672199729789799
21.402749564531192
20.08431603669376
7.2908134364617574
26.776413872309657
16.664000929115488
13.382327948163567
23.175877590186925
4.0399087473060487
34.910810827006415
11.303877924063773
27.33880727709365
26.88411935101718
24.974276065672729
7.1903745537243724
12.616553532718244
39.043477915852947
23.542386962885477
12.453315411764111
28.80879188837612
21.728040465534722
51.566896953341427
23.917863161833786
34.251421561125156
27.286892535290523
13.311385296497962
29.976647916437383
12.878993430553884
10.703312967963273
6.5204659542431482
53.456645885230444
12.453209257156347
28.803554500577725
18.134006081083729
12.3328127576605
38.665516050165984
15.613626537588686
15.166688449548246
16.114149969717989
26.620710174902413
20.403523379098061
18.970624556482065
36.783989119856109
13.362303418697653
18.495561673038328
27.367720877866198
22.85094298980556
28.443119025036648
21.323569099767031
6.280003407630887
36.938738442350719
5.2262361804682467
27.397316570120811
7.0870234479223813
21.112907089373174
26.51052170762312
1.465110767963578
12.25500994761604
14.813199753189547
9.2303850328707817
43.131502260168723
22.175305971479737
18.154586254069759
31.680923015532141
19.412245761521433
2.9434658568135594
8.0448687017272729
32.583005989671953
35.396605155471086
11.979271234635595
14.068207476135857
24.304250913825626
22.268377452961495
12.671572776189977
9.7703417564993043
18.930505353026934
13.396123577254061
11.903969624312792
15.834109526584626
23.801216813942155
9.5626157366334041
18.197758650505815
13.042042253465013
12.599270974609722
12.013948910167938
16.983902361449562
12.430067116801277
23.091027761219859
28.540260580062061
9.6709296137491627
15.276054171817874
19.234866797681484
18.901753434552059
24.461397780597043
23.835480732692297
19.803874368327506
26.604343478782376
18.704484721880181
13.706948143968377
15.74203227681393
7.5198925338489824
14.35542120309912
19.708138512425045
12.853774129179124
28.474400114467734
14.659354579363784
12.325954827259311
29.441272152979714
30.303792511280154
18.684425017350534
38.204695741925654
13.537992383378507
23.78545908197799
21.403854378528685
5.9325436988271267
24.472201078369597
19.166783494754981
23.799990867990033
26.432687690846279
15.362012203503859
22.10942751018602
6.9620076736901968
20.035890396990709
21.440805452458982
13.948656743240276
27.087892485807537
22.031940436456509
7.6398456122543124
17.242051252052935
5.5501696479434646
11.942160260474116
7.8768091784879415
32.252008703172521
22.761979615121302
6.7125969297071428
3.884564600121025
25.235315876188199
16.148812315501889
16.721022847334243
35.892252349041463
8.5749730838875031
15.22315929909835
7.6766561295873084
8.8758680164761259
10.382887289662774
3.4557478361912239
18.336958134964171
8.9460405036062838
8.9460405036107851
18.336958134962511
3.4557478361920695
10.38288728966385
8.8758680164764598
7.6766561295899107
15.223159299099695
8.5749730838888514
35.89225234903995
16.721022847336386
16.148812315503466
25.235315876187421
3.884564600122888
6.7125969297088508
22.761979615117397
32.252008703171363
7.8768091784846703
11.942160260474207
5.5501696479409617
17.242051252054313
7.6398456122522678
22.031940436455169
27.087892485807046
13.948656743238221
21.440805452456509
20.035890396992752
6.9620076736925158
22.109427510186034
15.362012203513183
26.432687690843618
23.799990867991571
19.166783494752398
24.472201078370077
5.9325436988241007
21.403854378531946
23.785459081975763
13.537992383377818
38.204695741927701
18.684425017352584
30.303792511286186
29.441272152975227
12.325954827258048
14.659354579366646
28.474400114469621
12.853774129181412
19.708138512429883
14.355421203100372
7.5198925338452565
15.742032276811496
13.70694814397056
18.704484721877456
26.60434347877618
19.803874368325744
23.835480732691153
24.461397780594041
18.901753434549473
19.234866797682244
15.276054171813248
9.6709296137494132
28.540260580061918
23.091027761214921
12.430067116797343
16.983902361450465
12.013948910164057
12.599270974609409
13.042042253466775
18.197758650507357
9.5626157366306987
23.801216813940201
15.834109526580912
11.903969624309294
13.396123577257413
18.930505353038573
9.7703417564998567
12.671572776188754
22.268377452959584
24.304250913825744
14.068207476139852
11.979271234631129
35.396605155472812
32.583005989674483
8.0448687017281255
2.9434658568109233
19.412245761521167
31.680923015531462
18.154586254074779
22.1753059714794
43.131502260169853
9.2303850328773116
14.8131997531944
12.255009947614909
1.4651107679616935
26.510521707625109
21.112907089368854
7.0870234479118448
27.39731657012209
5.2262361804725019
36.938738442344501
6.2800034076311846
21.323569099765098
28.443119025035816
22.850942989807649
27.367720877870273
18.495561673036374
13.362303418700153
36.783989119857566
18.970624556482878
20.403523379097955
26.620710174898388
16.114149969724693
15.166688449549495
15.613626537584983
38.665516050169053
12.332812757660129
18.134006081089051
28.803554500581715
12.453209257151901
53.456645885229584
6.5204659542443668
10.703312967960354
12.878993430555429
29.976647916437479
13.311385296495718
27.286892535291308
34.25142156112252
23.91786316183596
51.566896953340915
21.728040465539408
28.808791888374657
12.453315411768946
23.542386962880855
39.043477915858091
12.616553532723668
7.1903745537198951
24.974276065672299
26.884119351021152
27.338807277096436
11.303877924063929
34.910810827010515
4.0399087473087514
23.175877590188577
13.382327948157993
16.664000929111349
26.776413872307259
7.290813436457416
20.084316036696052
21.402749564528168
17.672199729787771
24.607742342768592
35.283476910289231
22.667881325199914
6.4789860961120027
46.070167530875075
6.5884317431332509
13.353306429328963
48.052148981852383
11.323168974717255
19.693710021026501
17.535213237940557
16.511982067404002
33.552550230315013
11.111447351416624
24.512853504500562
18.385890746313624
9.1723488513412388
3.1822017050544891
24.436998492977441
12.822952974446501
25.267815550664061
18.501641120387227
13.287785224480668
49.211938553227455
10.177287588279066
13.049534619596658
26.085497554033296
15.876550713160666
3.2343690947999044
10.013228484522326
39.823589484605932
34.72348354910887
5.7031251044996543
20.987859823698621
20.216230475755697
41.122150208105815
17.554190588812602
19.044584906629122
9.4981218354441861
16.324977549319637
16.133076815908748
8.2742417757985738
10.347720762057964
16.70418169333578
18.704925572860532
15.716635800270014
28.952202449067407
7.7511373050015964
12.190667934695544
42.866814766044669
12.706870984624805
27.300899181296611
46.537794085507606
21.017269323393307
10.057157229997998
19.711236338359164
21.688459249830192
15.27448155703269
34.082316957529038
36.415332629080261
40.42423754452593
20.495396839605046
23.894691576759421
8.8465663738186802
24.677004325986822
40.03826611540881
37.908848144180389
18.642702842930319
29.930967885323369
6.7286374404600728
33.88204857199549
20.861506246472384
1.871655245953632
31.288868346949116
40.920685848131527
29.065577848578478
27.733367040624135
14.491783689618835
18.595909858967271
31.364501986456531
22.169344129967421
38.223277917805916
26.379159958625777
8.3168895174963087
27.176260989648728
20.829350509014056
44.330050252738012
10.889226016686397
20.017886097823187
41.923441185442236
37.66737259633652
40.918663866823408
13.679676869792933
30.270581088227406
31.170462597143594
8.9429858687243939
27.741599934438216
33.95142942585899
59.877017746617348
37.590744234941937
48.686105618477818
25.079996018865934
79.017301619412109
45.097595420070441
13.115175299391865
10.544013193501094
19.95952064463691
45.384673977681132
52.388557061407376
34.086362896432171
11.160918320771311
39.614021479246617
81.513694115366306
128.69854876611095
154.09906193620543
115.85034056058916
43.229377200158105
87.503208632666329
76.194406537450377
88.984209831420898
114.39388262026338
5.2799075872959103
61.103038660986236
3.0745754233426195
107.45808363138464
81.796170647803365
44.404283042737873
108.77853724084567
105.07070416811538
54.913815410363618
65.046298861702795
111.13395688408241
55.85054115867927
32.102384126762153
138.11859866564475
37.726473684581002
34.682450021570368
65.088223097496538
85.685901459821551
65.076433646644887
56.859207596281536
42.054575805810231
9.7444462632217306
52.127041055275733
20.876712379708795
23.784551843689695
102.50658815715937
44.987914608543107
15.571853945593949
37.647135494040043
20.643212671050989
51.294166737685394
29.203101031064218
28.639736143919848
57.860252300876944
52.112300165390181
19.812111273798422
74.367372374412724
