2.0433143103951508e-10
7.3667226008194514e-09
1.454632210283312e-08
1.1334432962675786e-08
-9.2186966686479512e-09
-3.6185445470461967e-08
-5.0078685259311074e-08
-3.2178624934807821e-08
2.0697495267357452e-08
7.7299067322103589e-08
8.8452147898029394e-08
3.4237182388265566e-08
-6.3334767227999822e-08
-1.275821828227634e-07
-9.6305963557335808e-08
-1.1915158156727071e-08
1.3227819008954233e-07
2.2709127813759201e-07
1.701007480532378e-07
-4.6126934699967857e-08
-3.1132256492758662e-07
-4.0685867529737293e-07
-1.9971879139877498e-07
1.9468179273724555e-07
6.0087203662679044e-07
5.4786136264442764e-07
-3.0806146359788671e-08
-7.8204622367615734e-07
-1.054278742295693e-06
-3.1920055813451446e-07
1.0043548829860998e-06
1.790631987401209e-06
1.1534728323329644e-06
-6.5378362496597912e-07
-2.3192138911272123e-06
-2.4195021740291853e-06
-4.96217736092428e-07
2.2771606270439225e-06
3.639690663071857e-06
2.0845317606740224e-06
-1.5177799815009289e-06
-4.45685166703902e-06
-4.1069268829472466e-06
-2.0030130285031856e-07
4.5350413342579681e-06
6.1278790897371839e-06
2.641455910703604e-06
-3.7136719191835957e-06
-7.8624788053901626e-06
-5.9239432125286762e-06
1.1495048591336079e-06
7.8742906217743362e-06
8.443365092293161e-06
1.6656376869834437e-06
-7.3411647017448086e-06
-1.1110181892815385e-05
-5.9289543707463916e-06
4.681226897452362e-06
1.2391077963502821e-05
1.0423434396289976e-05
-2.6012830112966806e-07
-1.1362277612694061e-05
-1.367385816767243e-05
-4.7914591507482105e-06
8.7474102938776467e-06
1.5904645770916815e-05
1.0504291410204144e-05
-3.6304647051017341e-06
-1.5518719044585683e-05
-1.5309391282386678e-05
-2.521231063976409e-06
1.321119662335393e-05
1.9167829517123507e-05
9.9727327427937298e-06
-7.6076528461031003e-06
-1.9912403786233753e-05
-1.6841732106016991e-05
7.1765224302889651e-08
1.7890320561511942e-05
2.2221857472890787e-05
8.8689610832539342e-06
-1.2401199902611227e-05
-2.4709369743575529e-05
-1.7641949732657365e-05
4.0044137498252337e-06
2.3484366705554757e-05
2.4978563820645469e-05
6.6317783293672856e-06
-1.7643287919879589e-05
-2.8675440021981321e-05
-1.7179250945388004e-05
8.2966416745126105e-06
2.7871449047742249e-05
2.587573741708184e-05
3.4076136912766134e-06
-2.2108706257626088e-05
-3.0553268135987498e-05
-1.5092327485269199e-05
1.2407269924013279e-05
3.0263720832896666e-05
2.4253246936987503e-05
-1.042300171799853e-06
-2.5576138338477731e-05
-2.982872328457228e-05
-1.061875580023892e-05
1.658908400109973e-05
3.0159075847602843e-05
1.963954869193403e-05
-6.0721588968859279e-06
-2.6335349136739035e-05
-2.5269457609311722e-05
-4.5162968151831076e-06
1.8686054665786174e-05
2.5715424902729629e-05
1.1818865833956065e-05
-1.0588683542215198e-05
-2.2885669741843814e-05
-1.5810520566545761e-05
3.494704545315004e-06
1.7999548580207371e-05
1.6046198237798188e-05
8.4395304192901981e-07
-1.3363087149040768e-05
-1.4090938446753355e-05
-1.6060242975833513e-06
1.1617326577428612e-05
1.2628992800277208e-05
4.3344105136442862e-07
-1.2819464997227242e-05
-1.3300296809535095e-05
8.7224676541342462e-07
1.6860608139596892e-05
1.8215885818816652e-05
8.0440033255734452e-07
-2.1350760598792852e-05
-2.6867567063313022e-05
-7.0988393287337584e-06
2.3607813205211418e-05
3.8115470857335662e-05
1.9692093186834182e-05
-2.0465497867273631e-05
-4.9279593247029227e-05
-3.8617909431907371e-05
8.5645630598505499e-06
5.5885161264402444e-05
6.1439011376019463e-05
1.4099098983032566e-05
-5.2260175841427557e-05
-8.2281871359758064e-05
-4.5008560019329338e-05
3.6099183658504496e-05
9.6964200429368498e-05
8.3124259605226583e-05
-2.5304464706769184e-06
-9.5736004610356821e-05
-0.00011888501886925227
-4.5283818427306151e-05
7.3408538226279408e-05
0.00014226381291585814
9.9190236703615439e-05
-3.0222768417835797e-05
-0.00014619978884285127
-0.00015152655906162132
-3.2602827727938e-05
0.0001227675244793412
0.00018961465500057684
0.00010604274474647211
-7.0689388484701318e-05
-0.00020256720296358074
-0.00017849345227610372
-7.508251687902309e-06
0.00018077016888075508
0.00023412682178564423
0.00010083140936335759
-0.0001221279922109698
-0.00025924778263140455
-0.00019456415116170817
3.0640347236287431e-05
0.0002429812872576096
0.00027044327083227548
8.1698740552478135e-05
-0.00018157236267032079
-0.00031113063243997665
-0.00019666693400796981
8.023424840888651e-05
0.00030385755842543668
0.00029267906515458762
4.6885710156733897e-05
-0.00024478202411793923
-0.00035033801213866183
-0.00017947567059666382
0.00013947643048229692
0.00035580113289780451
0.00029407391720063158
-3.1661373610868395e-06
-0.0003040245496963007
-0.00036864400583518493
-0.00014139768815156481
0.00020101510125493513
0.0003876377251988899
0.00026857411653781872
-6.4085742793837066e-05
-0.00034706914340513735
-0.00035547228016595734
-8.2304972331446278e-05
0.00025499300013157321
0.00038839186984852917
0.0002134163473184103
-0.00012785415323846741
-0.00036200186221679707
-0.00030456530783642385
-7.0995084277746825e-06
0.00028795421316474702
0.0003454874181855372
0.00012660237668908364
-0.00018416719741811633
-0.0003338972707927123
-0.00020904213001578158
7.678028084894262e-05
0.00028339358159668108
0.00024666678214856828
1.0658416785277095e-05
-0.00021689998268550504
-0.00024618967660530055
-6.536069504802735e-05
0.00015654207647498877
0.0002231119917889491
8.3796772868154521e-05
-0.00012450410486508965
-0.00020480029361102326
-8.222172966311927e-05
0.00012516238167023598
0.00021344991441978248
8.489193668615675e-05
-0.00015037552896519254
-0.00026430100292331848
-0.00012256091896408548
0.00017350582871840909
0.0003546909001632533
0.00022108067134685337
-0.00015577807686930497
-0.00045923864921419726
-0.0003885841548598832
5.7508781418607323e-05
0.00053340868985761675
0.0006096942322852797
0.00015062101334048253
-0.00051983488134155318
-0.0008392671179979842
-0.00047166468618681007
0.0003636394748761284
0.0010067203322564782
0.00087329194137378274
-2.8526344490454782e-05
-0.0010277951632048381
-0.0012831635971781075
-0.00048260514099070006
0.00082612738075593098
0.0015980206104555853
0.0011187689104563939
-0.00035405503728946393
-0.0016986692766971484
-0.001776076283514706
-0.00038321497047232793
0.0014776740610624947
0.0023090683875309423
0.0013146217531152869
-0.00086792144182988942
-0.0025530330235726873
-0.0023002534875811676
-0.00012926563952290419
0.0023565241518234315
0.0031428790211880473
0.001425117080249636
-0.0016190727681639782
-0.0036164271442553552
-0.0028373459020549115
0.00032970072398710756
0.003509057193456911
0.0041064405993211043
0.00140884676284795
-0.0026711096063801263
-0.0049297208714190284
-0.0033720548830114246
0.0010616202890026643
0.0050124395386958957
0.0052289451115490717
0.0012168851839199362
-0.0041272060815294356
-0.0065799036178209539
-0.0039027458501829414
0.0021754809875299394
0.0070197197268585219
0.006591131868774803
0.00076759092930303726
-0.0062110990820870085
-0.0087813753307396814
-0.0044346717017291646
0.0039647510466509816
0.0099707595057935729
0.0084040963141345203
-0.00031953294358120913
-0.0098686892230481493
-0.012322537944659498
-0.004207451401024475
0.010273076583348197
0.021535657587307664
0.021145299997831785
0.0079792459894369762
-0.010580693180947513
-0.023557466272688416
-0.024016221327655202
-0.01388004820285803
-0.0022867852426683168
0.0014279736077049395
-0.0050407046604716513
-0.015008361753008815
-0.017775996615168179
-0.0069795709719691693
0.013952877641681564
0.033554652329188243
0.040281470903984019
0.030892944485040576
0.012864821294289171
-0.0013282507364043466
-0.0041154855921040493
0.00049469868075933618
-0.0010229703133315577
-0.021556518814638482
-0.061869244336050379
-0.1061501633135213
-0.12870219175690584
-0.10846269112191699
-0.042547921177694348
0.049791950574429006
0.13558386396378272
0.18408009713394513
0.18101084793880004
0.13340111825113926
0.063315627193862023
-0.0045919945401476517
-0.054040570092657003
-0.081114535868067286
-0.090952678367004561
-0.091150749127075104
-0.086815969279211647
-0.079764726463156091
-0.070883599053455176
-0.062811002892399756
-0.060794697332188209
-0.071693078473364591
-0.10256493165460029
-0.1599705095914192
-0.24958874335821385
-0.37473976395805519
-0.53311693549373884
-0.71306163189533667
-0.89228097758340452
-1.0413472939489408
-1.1315813813073652
-1.1438411194096605
-1.0736872263711479
-0.93044255427731914
-0.73153434780035886
-0.49640744693336142
-0.24395653114452603
0.0060303027366419423
0.23087786818779779
0.40711518211300607
0.51829669405022638
0.56489263453146921
0.56898907663976317
0.56798901712607086
0.59795127640366807
0.67473220028566339
0.7843153034889877
0.88955533454217772
0.95083141844059083
0.94881651728744898
0.89516769939660967
0.82380622905693479
0.76780852134102473
0.73685190787121901
0.71069781177281466
0.65424273859151416
0.54520306672746999
0.39604476155705431
0.25413379944977482
0.1775278177853698
0.20005551023840928
0.30761293730048017
0.44191514506272989
0.53124990329734656
0.53051266708647782
0.44622834016856516
0.33102422905651757
0.250834944257815
0.24503758767500788
0.30387188691540928
0.37626212863857944
0.40189867759376641
0.34665524503123557
0.21947496602025884
0.061862437433479439
-0.080918572255606863
-0.18684781787364535
-0.26508199764641899
-0.34159552683988337
-0.4346046363938274
-0.53808179783533427
-0.6250515988817622
-0.66797244043629955
-0.66145047997539064
-0.63089429417773313
-0.62027666851217367
-0.6661720553492505
-0.77431815201261611
-0.91339487019025956
-1.0299732794849141
-1.0758279800810941
-1.0319208272591303
-0.9160139330744016
-0.77071133371515188
-0.6395195741909695
-0.54428914122601546
-0.47570551953961066
-0.40111141988479787
-0.28509684879379982
-0.11217905311645468
0.10008781034259699
0.30492257841786735
0.44654785501996613
0.4880533282241688
0.4330961350500348
0.32894429603633674
0.24657710867536017
0.24558160745088292
0.34128739498705657
0.49274820561117899
0.62057762108728309
0.64739357920921614
0.53978549883547278
0.32813757882224109
0.092111358177384056
-0.080800892966850418
-0.14010926481593014
-0.094585709313845051
0.00067082880428135934
0.083784577958456036
0.12773889637201355
0.15877966682329631
0.24092826663566091
0.43656250960944931
0.76663606855593058
1.1927701508113691
1.6291404808589249
1.9748066384909717
2.1478107984103194
2.1055763867593065
1.8476643367715488
1.4076616741953603
0.84372060579568464
0.23181109957349919
-0.34178633868071889
-0.79460520195630024
-1.0693383683176065
-1.1543173597572016
-1.0904856843515767
-0.95676839480066656
-0.83758789444637261
-0.78779794186598606
-0.81333519541644494
-0.87762722360975576
-0.92901712870248254
-0.93245399743469792
-0.8870389079201364
-0.82057901525995625
-0.76677590720429722
-0.74085366205094194
-0.72923527537092314
-0.69905210457004907
-0.62052254440455623
-0.48762959817202978
-0.32437224655525487
-0.17333391401632414
-0.074067129094027601
-0.04424685244879184
-0.073871746451695863
-0.13428518723439259
-0.19503829245790008
-0.23786664614417191
-0.2601264861995663
-0.26751762137439022
-0.26288711097002487
-0.2400344608682724
-0.18753896843477055
-0.10032589047887082
0.0092782939351921008
0.10989206322158553
0.16233265623426207
0.13899962162835572
0.040631268564341509
-0.09994808284052463
-0.23048752432932684
-0.30215870317885579
-0.29005845048761392
-0.19997777237546926
-0.058260671585512534
0.10811608261267727
0.28821174203277539
0.48989359315460218
0.72733306712672319
1.0020765884229925
1.2910817933580472
1.5508870812749416
1.7366963735385972
1.8252166176971392
1.8269715059706839
1.7796179738891909
1.7250286243810542
1.6827776650601574
1.6353121951813758
1.5340067100114001
1.3239996978942048
0.97544058142079293
0.50495061398123231
-0.02443610462082876
-0.52614402866091936
-0.92567149141411009
-1.1919883752803169
-1.3487663502714866
-1.4584778816536144
-1.5857459965171892
-1.7578559139340777
-1.9437784743668487
-2.0652925698170752
-2.037346673600902
-1.8177107112103192
-1.4382018402125507
-0.99740026390319803
-0.61538396892317415
-0.37365727204946342
-0.27432077554556045
-0.24352320395897725
-0.17903678423719394
-0.01488776026428087
0.2357353281588071
0.48613601878409368
0.62788798753472996
0.59758480369967637
0.41763717487396446
0.18607894900513205
0.022058402479636818
0.00093672408688669673
0.11821199081654341
0.30183178768718844
0.46131526712888449
0.54019381884657403
0.53949516398854414
0.50211030663451739
0.47461223370535305
0.47587103355236426
0.49285995470299937
0.50148564273396645
0.49160010188469022
0.47431482125540342
0.46623596318554289
0.46569770526825183
0.44395787438097895
0.36293023026062121
0.20884911783628757
0.015756594857636544
-0.14301564388860286
-0.19482522833218882
-0.1141457123650144
0.057361021514032315
0.23370701482127015
0.3371104278413613
0.34480190392168203
0.29718282565946491
0.26111522967783679
0.27469641755898905
0.3146340902828883
0.31243617662099815
0.21039891723939244
0.01754264864931317
-0.17787860130889405
-0.2545637119610798
-0.13684755118791742
0.14623670504416322
0.46462382764088561
0.65708748829726293
0.62640036260870968
0.39987441197607593
0.11554200699836001
-0.05896823318684867
-0.024986070027817615
0.19179077280172402
0.4614600625069874
0.6300908242997687
0.60813097857343779
0.41363047844629752
0.14895816111203602
-0.06739088197362382
-0.16711515942111077
-0.15707593640681258
-0.095196028610301353
-0.042092189742924932
-0.024629189669755708
-0.032694821104140903
-0.043104349249789377
-0.045868744938580092
-0.05078271991381432
-0.071910427226897847
-0.1070555727165638
-0.13297589246206126
-0.1226607055677164
-0.070895536482101826
-0.005534539675895683
0.02783215424769829
-0.0014609516290001437
-0.084022747730272476
-0.173989392592865
-0.22125417635552716
-0.20933798724551006
-0.16949583281011837
-0.15803690472864343
-0.21171787571381218
-0.31448231958608225
-0.40283531057518457
-0.40970624818138246
-0.3172770416441269
-0.1800187422804585
-0.098160890806410619
-0.15640417485863214
-0.36816311003002788
-0.66312526811531758
-0.92655809458197125
-1.06335333919368
-1.0437600356762375
-0.90260169001820767
-0.69833229013402931
-0.46686221730624794
-0.206474013022935
0.096389629040969593
0.42466713482152346
0.71072477198618744
0.86171109866243878
0.81694739807105377
0.59579016588215772
0.29671431286364042
0.041712861535871511
-0.098912759624534691
-0.14837813917685896
-0.19919988278450412
-0.33636600193662713
-0.56081272937537652
-0.7697332275574853
-0.81330519207641239
-0.59432233295149051
-0.14490721115248831
0.37350802830517105
0.75136414870525403
0.8441278339188949
0.64684792491627474
0.28492733363121209
-0.069410330672246293
-0.29864449318057518
-0.39511183521608911
-0.43994191292121443
-0.52784998104049941
-0.69344747458438893
-0.88857501588512244
-1.0211691139078869
-1.0232616273193091
-0.89854185085146165
-0.71830084204356781
-0.57292785618217601
-0.51608975737427532
-0.53999475830058363
-0.59428853222606015
-0.62889909583861503
-0.62629385541944016
-0.6005162537080786
-0.56821281073549745
-0.5187771274056272
-0.41050617506734965
-0.19840130355042251
0.12627716047049473
0.51498956177742983
0.87741113115338176
1.1257541133834845
1.2200197914686794
1.1858154893516479
1.0952995676888144
1.0260625667228462
1.0252639539996047
1.0993636999635348
1.2297778403203483
1.3969352245910067
1.5920097954232044
1.8081319308022623
2.0207907744474034
2.1767825476110665
2.2055089456169896
2.0500433843360599
1.7001579327437217
1.2062484657405543
0.66397737262752765
0.17698747001003018
-0.18232700760568801
-0.39398876939917388
-0.4852839173093757
-0.50637856026383987
-0.50314383236382454
-0.50202244601463242
-0.5115368214713677
-0.53354632478184816
-0.5720270052679598
-0.63089500000638632
-0.70222804163431707
-0.75536854697752676
-0.73941597454970809
-0.60441551605600696
-0.33377507810009932
0.030196977823331621
0.38669581816331555
0.61043364631028152
0.60790208382990529
0.36840416828663386
-0.020070830295130068
-0.4046941214054422
-0.6391884040435456
-0.65721318740581214
-0.50711407872974468
-0.32605954101802015
-0.26509996022343618
-0.40578140501992555
-0.71535932334874786
-1.066063350302678
-1.3063912891356602
-1.341907574392377
-1.1786807345455461
-0.90709012252055277
-0.6412860115003145
-0.45562698817628555
-0.3572987019115611
-0.30654401519162783
-0.26244445351022694
-0.21649291650119643
-0.1888213746768892
-0.19297529507108893
-0.20123734316743397
-0.14384862278990138
0.049713714825042499
0.39290557460195485
0.81019697722866435
1.1598750231601334
1.3041054864538071
1.1848748886480134
0.85735701942218345
0.45828846773369886
0.12911433758743987
-0.056849197444667994
-0.11768740480827439
-0.125502515863125
-0.13862522229814403
-0.15323973044642217
-0.10868697880188884
0.058624082899706602
0.35297019908713895
0.69533297954984907
0.95753271785467531
1.033565894694265
0.90113563410645348
0.63289941082040135
0.35107522075620939
0.15663021939288646
0.079477585650639379
0.079376493223849889
0.091407324390728198
0.080454059249552012
0.065912628178709493
0.10154163772151253
0.22797114590442843
0.43371611396168391
0.65275030451286242
0.7998488369762069
0.8188898267830883
0.71203630606777335
0.53276765942484949
0.35087348807235824
0.21460997047536542
0.13344760869676764
0.087674836113990365
0.052428350385209654
0.01672923179187303
-0.014054706238637941
-0.029299810105921913
-0.0253526425081557
-0.0085647515999608889
0.011146381999921408
0.028018299245207722
0.041471113115484154
0.050332990204378716
0.047839429398289175
0.024952389334275096
-0.018656057398986989
-0.065721815630494729
-0.085539597917317828
-0.05271530785991501
0.031120388359199249
0.13018797698615978
0.19166094036096276
0.17910427996274086
0.10001612354578693
0.0060570207123376964
-0.038015036110899722
0.0020025476976943345
0.10356730657107714
0.19906442641381297
0.22033827402441872
0.14721537373696883
0.026219032975814113
-0.055622865075997306
-0.026674551180470664
0.11997878480297122
0.31686557213509536
0.45942534316824868
0.46660060220541905
0.32606258545843014
0.096432844585016997
-0.13210349900576701
-0.29058903304787592
-0.36283432795761611
-0.37835249822453004
-0.37718959750213793
-0.37556638184434404
-0.3578368191587491
-0.29864521466699562
-0.19580551405029442
-0.086377073366090407
-0.031110747097285136
-0.07620760822541868
-0.21879844008470906
-0.40121475213667324
-0.54005685026985384
-0.57271791511468073
-0.49239866029685575
-0.35023187722810822
-0.22422656432237859
-0.17503001156896419
-0.21512623991841998
-0.3079453023948775
-0.39421310376142416
-0.4273373610964723
-0.39663406046839728
-0.32695425318848054
-0.25831512060352735
-0.22003514844820174
-0.21505455534005058
-0.22237884705684824
-0.21442277196734949
-0.17781168142948661
-0.12482705172555146
-0.088258093298191356
-0.10184462160014696
-0.17702808711486914
-0.28990300643353567
-0.3877937200460958
-0.41426110973109137
-0.33989868050178018
-0.18097798340190716
0.0066490627634168218
0.15671468719522696
0.22806600420681161
0.22431186910656931
0.18445865792430735
0.15063312582703592
0.1356650203428772
0.11483363311327023
0.04949036987981438
-0.074117058655150572
-0.2219107304620529
-0.32782693510829181
-0.34344451238418255
-0.28744744924714644
-0.25334214036187286
-0.35724086710597608
-0.64968824340541165
-1.0481955496589423
-1.3447089606066271
-1.3006827589026262
-0.78510503676274201
0.12489887257322861
1.1485803312085965
1.9211061346617375
2.1688042339754974
1.8437448864100405
1.1415165798052092
0.39285512344391021
-0.10751061901308874
-0.23759319822449329
-0.078321929137105228
0.16834843664899266
0.31353609401478272
0.28383181567645482
0.13711389667203286
-0.003616181428018657
-0.044039066376609544
0.023834320393945417
0.13146350286961345
0.19372138735991279
0.17081427248652234
0.089394543764624163
0.013848965540496229
-0.0054368371015937021
0.032864302662535302
0.085855150695567206
0.10320341687581279
0.065753204433899357
-0.0024738101538440051
-0.055242805880730717
-0.05976456549540362
-0.019658644388555278
0.03053317113971649
0.0528993981209743
0.033798570323302198
-0.0086087060403829529
-0.040707390883076337
-0.039608372512448704
-0.0090845889795076601
0.025577246544018464
0.038198841268236812
0.021234298569367514
-0.010184194024909467
-0.031401880187885083
-0.027404750776151419
-0.003233942647123358
0.021403365396513552
0.028039528910848713
0.013153532375928461
-0.010389077258777558
-0.024269308114617801
-0.018863562597296418
0.00023926574388268658
0.017633000013611462
0.020421325933570454
0.0076862563691031281
-0.0097787834791153109
-0.018501662401539602
-0.012653718363038514
0.0021935305778798264
0.014173354972613373
0.014543161140482784
0.0039909847906809525
-0.00865964545144483
-0.013750512921012864
-0.0081107011458050222
0.003110412786352307
0.011020349973558521
0.0099841201699143543
0.0015729422667145948
-0.007250223463353276
-0.0098406191250369878
-0.0048341207588692061
0.0033099839769092079
0.0081978864782287879
0.0064858726690850037
0.00010204643704463844
-0.0057121554492562919
-0.0066657601104155124
-0.0025475592475405302
0.0030289846362630702
0.0057377764983291297
0.0038683643457288635
-0.00066834889135653701
-0.0041751318090624068
-0.0041517209155647033
-0.0010412178269912414
0.002448562092226421
0.0036593207936106765
0.0019834384473721781
-0.0009347628200527874
-0.0027354244664592469
-0.0022285584013945663
-0.00013911690005988348
0.001715014288635371
0.0019718777378965333
0.00070381528619729882
-0.00085845758973894677
-0.0014647620179387597
-0.00082789872995360047
0.00030905344400311953
0.00094218021371278622
0.00066710876819916348
-9.0070160929053432e-05
-0.00057418674941861275
-0.00040928001782356113
0.00012418047679589218
0.00043526978730833366
0.00021650162774748073
-0.00027780765320138136
-0.00050691166376679671
-0.00018863703964583451
0.00040872251287088235
0.00070320483515158149
0.00034962282142693028
-0.00040508806089766924
-0.0009022853758027193
-0.00064889569078216598
0.00021556026233239588
0.00099010618458036958
0.00098939784744570317
0.00014594828675066503
-0.00088786729878736082
-0.0012535943842187681
-0.00060353680190342615
0.00057990178455071721
0.0013480608345662008
0.0010529837545981389
-0.00010601471450454248
-0.0012182737375348316
-0.0013842198128898372
-0.00044654980828096887
0.00086618622862866886
0.0015117920723408593
0.00096679050737177494
-0.00034819149880294863
-0.0013969124265059767
-0.0013493862223032704
-0.00024152627975776892
0.0010532519948038923
0.0015169952988040533
0.00079146593033097283
-0.00054490522895804918
-0.0014405029815015209
-0.0012020636295950069
-3.305687150025553e-05
0.0011401099348517445
0.0014053417324533357
0.00057638586679850039
-0.00067810028600536094
-0.0013758013386946429
-0.00099217728638585851
0.00014460898584201301
0.0011336952372118479
0.0012173842677090198
0.00036268015555357061
-0.00073857390576918336
-0.0012303188591217596
-0.00075955556536027951
0.00027213895840528927
0.0010493974126292434
0.00098874781544914365
0.0001762430200167342
-0.00072991245449819005
-0.0010327757692291145
-0.00053297600605357702
0.00034437328284649078
0.00090940861556721461
0.00075003512730368162
3.1238008841074596e-05
-0.00066568730721831729
-0.00081281431540763873
-0.00033493856870209834
0.00036293151536271581
0.00073668148785230466
0.0005271051085900696
-6.3504765821332992e-05
-0.00055948773049583256
-0.00059403664966681377
-0.00017933310745497726
0.00033409477999436505
0.00055096929941989491
0.00033490352727361214
-0.0001114907837912124
-0.00043072782869459927
-0.00039558281754911289
-6.8728014014481683e-05
0.00027375660480921118
0.00037349836683129293
0.00018357710578882112
-0.0001195401856204985
-0.00029500460389096607
-0.00022790592631889432
-8.4075371889553966e-07
0.00019383983463834453
0.00021498054062905563
7.3189622326833722e-05
-9.9058351899502443e-05
-0.00016698507967437043
-9.7572923793001995e-05
3.0921457585017746e-05
0.00010843407066647243
8.5616412592639065e-05
2.5612676857361834e-06
-6.0104184146444186e-05
-5.5576230782581011e-05
-4.405976473175514e-06
3.5319850855234473e-05
2.7237654259811726e-05
-1.2165536094536377e-05
-3.527347873543948e-05
-1.3749909411398971e-05
3.2127793662559493e-05
5.3415401702256151e-05
2.1107024537643544e-05
-4.1645140744472539e-05
-7.743943135023304e-05
-4.6721258612224885e-05
3.2181962075070037e-05
9.4175423781800029e-05
8.157688490697378e-05
-2.9158755540801585e-06
-9.3390719557929868e-05
-0.00011322134381089621
-4.0347970122378106e-05
7.0751177274788694e-05
0.00013045268289442027
8.6994653171153789e-05
-2.878957723169847e-05
-0.00012591476149200696
-0.00012537952544398176
-2.4558832423971998e-05
9.8306852174907656e-05
0.00014564094016499777
7.8275587081015941e-05
-5.1852265709093607e-05
-0.00014211729794039776
-0.00012089952993036251
-4.7991860475090156e-06
0.00011481813950242616
0.00014416116372067012
6.0779094417928542e-05
-6.9206452874381728e-05
-0.00014370963783623826
-0.0001054534176327652
1.4033610582522491e-05
0.00012038136796769714
0.00013140208842633264
4.0823950820704071e-05
-7.8908402953807011e-05
-0.00013447336376807691
-8.4907351295019081e-05
2.8181742460175944e-05
0.00011549155432902182
0.00011100677285460834
2.1727445166858167e-05
-8.0589615727365074e-05
-0.00011694518785295629
-6.2396981942439324e-05
3.7227465221062467e-05
0.00010376278539703403
8.8096254551995007e-05
6.1559136609701659e-06
-7.6264485912645285e-05
-9.6391413296937804e-05
-4.2429524795627476e-05
4.0497443628166051e-05
8.7819913489904942e-05
6.588256273518613e-05
-4.3234963265251644e-06
-6.667467255077689e-05
-7.4675482298213939e-05
-2.6071983013663421e-05
3.8510094453955408e-05
6.938498683751257e-05
4.5928223354997513e-05
-9.8573069126569885e-06
-5.3845670906040782e-05
-5.4238828800084326e-05
-1.4350922662185976e-05
3.2665110564804599e-05
5.1425466040968244e-05
3.0584129119184763e-05
-1.0838580200115712e-05
-4.0423598272234822e-05
-3.7558470394075906e-05
-7.5514503449201911e-06
2.4881086925095652e-05
3.5704337691047952e-05
1.9299969750412048e-05
-9.269721028140538e-06
-2.7855048226362221e-05
-2.4199998255047133e-05
-3.5728900815051862e-06
1.7229779337579778e-05
2.3256522505134187e-05
1.1991391226497593e-05
-6.4677638277830382e-06
-1.7791995604869234e-05
-1.4958657564966983e-05
-2.0814134019553993e-06
1.0199063477309214e-05
1.3603024689546995e-05
6.9901824445030265e-06
-3.3637046716782745e-06
-9.4174644218130064e-06
-7.2940730870773549e-06
-1.0445860563089256e-06
3.26679842759749e-06
3.5794346538880249e-06
1.4775845378947291e-06
-3.4051644794156263e-07
-3.8915535202276195e-07
-6.7307488128405515e-08
6.6857034161835113e-08
1.8919537388274912e-07
2.7966493706573099e-07
1.0983863949012468e-07
-1.2545020922057248e-07
-1.9446122254146864e-07
-1.2652340920679269e-07
6.5207620808163434e-08
1.9031675779986172e-07
1.3989449750783423e-07
2.5537980656603775e-08
-6.4134554245839966e-08
-8.9640015433223288e-08
-4.1590819252124224e-08
3.0756624901429868e-08
7.3311473157032149e-08
6.3785590009418061e-08
2.5918757903199418e-08
