1.5476669377468594e-10
5.6063591739277504e-09
1.2139054953185289e-08
1.6455715836837096e-08
1.0077014156554391e-08
-9.5036667638727461e-09
-3.0854496715680523e-08
-2.857682790956168e-08
4.3847112922339675e-09
4.2258574822355911e-08
5.3143282290759543e-08
2.4424833054462013e-08
-2.6812166319881445e-08
-4.9967204614501101e-08
-7.9954521475821552e-09
4.0573071269700904e-08
3.3691595266521519e-08
-4.4119493005240587e-08
-9.3080603043032226e-08
-1.9392466401492256e-08
1.0421875634993827e-07
1.2007721959763423e-07
1.8430293227841618e-09
-1.3811346502026829e-07
-1.5438759520915272e-07
3.2476630620633709e-09
1.965857232875097e-07
2.7081293707414756e-07
9.2382092677477071e-08
-2.9232866882055847e-07
-5.7059244294130908e-07
-4.3547488708813702e-07
2.1579378008863877e-07
9.0366048134630395e-07
8.7801502056804969e-07
-9.2478159470489483e-09
-1.0326212249219835e-06
-1.2714784272275764e-06
-4.7592369564947834e-07
8.3040657341780413e-07
1.594648492018675e-06
1.180018823378346e-06
-1.8779645375834193e-07
-1.4585424835072272e-06
-1.5689753264063702e-06
-3.8929052016337476e-07
1.044622273192723e-06
1.5660986807234585e-06
7.7324249076610185e-07
-6.324095503102959e-07
-1.3906543728157619e-06
-7.5366557586115176e-07
5.7313812354583447e-07
1.2756039292999488e-06
6.5762878076353124e-07
-7.6392736620129861e-07
-1.5895247745399469e-06
-9.9832875749392043e-07
6.8327646948724084e-07
2.0955534312853138e-06
1.8681935877326707e-06
-1.2193678208956369e-07
-2.3692802749538939e-06
-2.9511558695113035e-06
-1.169459615209544e-06
1.8322732540312038e-06
3.7188079952481635e-06
2.8136152254076559e-06
-4.8198063938306352e-07
-3.7268578872651574e-06
-4.3782490138910334e-06
-1.6027985063122566e-06
2.8806075621768051e-06
5.6673487241629895e-06
4.2684282110695571e-06
-7.0982446349450978e-07
-5.7272655693964624e-06
-6.740137434746176e-06
-2.47891140032092e-06
4.3327742422434743e-06
8.3648960812765967e-06
5.9988850447161907e-06
-1.4637766582404973e-06
-8.3840136862170662e-06
-9.1072038499193794e-06
-2.4037416819882798e-06
6.9151510966726567e-06
1.1430058824795452e-05
7.1139534444526367e-06
-3.1260031141836688e-06
-1.1631567670638479e-05
-1.1574947622335401e-05
-2.3949199316436024e-06
9.3113317222136791e-06
1.4582685992116888e-05
8.737035716448082e-06
-4.5540201678266567e-06
-1.539252157442327e-05
-1.5074097318397234e-05
-2.8562737621580394e-06
1.2602448252824028e-05
1.933548758207257e-05
1.1246441145243896e-05
-6.3802642711584699e-06
-2.0377247748552083e-05
-1.9384942774267572e-05
-3.0605338151957825e-06
1.6872391956631306e-05
2.4955473606514616e-05
1.3839876946019036e-05
-9.1907259656777568e-06
-2.6690017693133007e-05
-2.4279866756030948e-05
-2.2624446128914583e-06
2.3353231016890172e-05
3.253845568155383e-05
1.6749474629771709e-05
-1.3270131007869485e-05
-3.4846872139985073e-05
-3.0441704516182469e-05
-1.8482857158497387e-06
2.987729575421429e-05
3.9867024812667433e-05
1.8958504618412296e-05
-1.7920797097866866e-05
-4.2659289603905126e-05
-3.5134254507717858e-05
2.336267752804933e-07
3.6921201856063976e-05
4.6273448858206946e-05
1.9787896209108613e-05
-2.3220766967985176e-05
-4.964023551518171e-05
-3.811244787809374e-05
3.7169248026084652e-06
4.3783490942687712e-05
5.0960640932448337e-05
1.8970369911441728e-05
-2.8160630574940538e-05
-5.3886061822831507e-05
-3.7855894954766859e-05
7.7993400400591809e-06
4.7684953449790554e-05
5.0787691411848212e-05
1.4529180819404384e-05
-3.3100120783307799e-05
-5.5483535494741699e-05
-3.5477017549735963e-05
1.1379696869020499e-05
4.8988955331729041e-05
4.86651768583379e-05
1.116349688058842e-05
-3.4133619116198067e-05
-5.2465625023532794e-05
-3.0657731291483588e-05
1.3642194656029298e-05
4.604550956867872e-05
4.2532601932965933e-05
7.5483872001754567e-06
-3.0915393768039623e-05
-4.3869279639934333e-05
-2.3584264520345535e-05
1.1984540916355824e-05
3.5178783857282903e-05
3.0589113494606794e-05
5.0481455034677473e-06
-2.0243125801390178e-05
-2.7296027384739327e-05
-1.4520677170838931e-05
4.6623067268505255e-06
1.5403519025638469e-05
1.3457336728128908e-05
5.4084076644131408e-06
-3.2682098689646133e-07
-2.2003105794135226e-06
-4.9610910519056083e-06
-1.1162400182883092e-05
-1.5044187580833118e-05
-7.2726024263910444e-06
1.3002785691208879e-05
3.1968703509702218e-05
2.9904414459165959e-05
1.4774877882753533e-07
-3.9351072463294483e-05
-5.5925525836198718e-05
-2.8565274670149992e-05
2.9806412584076694e-05
7.5760898842441591e-05
6.6973754137804149e-05
-2.285720099076191e-08
-7.9272297417380379e-05
-0.00010563078595749039
-4.7854294648055622e-05
5.8955348453605611e-05
0.00013242693998259935
0.00010640682097976161
-1.1143357527329851e-05
-0.00013493288001333842
-0.00016306082302263908
-6.044564421828122e-05
0.00010368189171704714
0.00020131686065121322
0.00014516987811718983
-3.5038552821062696e-05
-0.00020456882143390028
-0.00022406699981050826
-6.3533869421693144e-05
0.00016294451953693958
0.00027704063114433915
0.0001766267991677648
-7.477683740076626e-05
-0.00028562113298528333
-0.00028205751104069609
-5.1034601051091269e-05
0.00023749812111007438
0.00035471274379923659
0.00019469907267366575
-0.00013188142100579124
-0.00037289043046253711
-0.00032953648038041943
-2.006441830671514e-05
0.00032235846716027787
0.00042522321468942083
0.00019402122754394704
-0.00020292793538495676
-0.00045657132615507237
-0.00035827534463671399
2.8782390057630855e-05
0.00040834798782627676
0.00047827272307542638
0.00017168515263621544
-0.00028104641085318168
-0.0005255927754985822
-0.00036176259048255793
9.2190367879630564e-05
0.00048451252044699598
0.00050341285051250435
0.00012573365276270058
-0.00035745460889876723
-0.00056638261017557883
-0.0003322247939993012
0.00016596325791040807
0.00053788833540372556
0.00048951473727162226
5.7035828720996217e-05
-0.00041973981482500529
-0.00056586773778411858
-0.00026832740991094238
0.00023551783867344059
0.00054784873077515423
0.00042680590672941648
-2.4029241609584427e-05
-0.00044330094752581252
-0.00050352630629151029
-0.00016988871531805916
0.00028058945127881199
0.00048985388161265229
0.00030632428930408402
-0.00010310986685762681
-0.00040215353402579422
-0.00036361952772484139
-4.550681759982574e-05
0.00027454152160073824
0.00034149143000258711
0.00012996087800125361
-0.00015370040914772207
-0.00026550362248537276
-0.00013606939784212215
8.4632663765717316e-05
0.00018127325167196251
7.8039398127398822e-05
-9.6050668933887778e-05
-0.00014264585183622807
9.5406083406738159e-07
0.00018684027040156561
0.00019442457903577764
-3.9189845106606982e-05
-0.0003210921167257593
-0.00035453811190440507
-2.6692165690096698e-05
0.00043266892773733193
0.00060308305986482742
0.00024361802537890091
-0.00043518379164275299
-0.00087420420171720572
-0.0006170029429655989
0.00024856237267895863
0.0010663672795126757
0.001099722365799826
0.00017637836908260927
-0.0010615528478248519
-0.0015879397408589868
-0.00083107017348370846
0.00075614234697081591
0.0019334165936216218
0.0016305107216740271
-0.00010281796544111255
-0.0019792100955078567
-0.0024103845273231554
-0.00084007559428131244
0.001625177156219495
0.0029398117557523974
0.0017929961634797823
-0.0010443270481155253
-0.0028967406956314249
-0.00099764320022389225
0.0052752183360849437
0.013468612827055235
0.019342317320590104
0.019661662128031162
0.014549701101031218
0.0076215209525663345
0.0036720296011476428
0.0055031190046684088
0.012168333165634591
0.019893811019149249
0.024922979992601506
0.026075549891390215
0.025054476386276527
0.024339110020400661
0.024469551449511878
0.023083667912069821
0.016713352940968842
0.0040950588267336776
-0.0116211901467072
-0.023737167269111199
-0.025688795586263535
-0.015168949234383671
0.0040717496026718217
0.023873747641249096
0.035548845524413522
0.033514176390015041
0.016877790746358496
-0.011014305159501589
-0.043799971672438397
-0.073155544853935425
-0.090123920160769602
-0.087852409233667703
-0.065698051563602103
-0.032289971550376981
-0.0039158850766816255
0.0034402233093061355
-0.014663252998827878
-0.043943235633237453
-0.055364647064833586
-0.021224335996450183
0.06461872216206091
0.17575223945296753
0.26164968526023269
0.27428970045919943
0.19870006112075056
0.067743917107923074
-0.051175387039524754
-0.092855359141249219
-0.033729900980705572
0.090839137282039253
0.20424974690238978
0.23265301001731614
0.14922387832455825
-0.0087508539918994214
-0.16118635314926227
-0.2321967663173658
-0.19388616021310251
-0.080266201031873874
0.036174116653904985
0.089188526152679137
0.056215543585383734
-0.033752548316858554
-0.12398473063054211
-0.16743845627508686
-0.15277354688255673
-0.10389034112368729
-0.056891040507539604
-0.032885392416549232
-0.025698417578818893
-0.011108884342464799
0.031469394211088311
0.10171232438090701
0.17747684765947064
0.22938092495599083
0.23915101091517368
0.20876577929863391
0.15566943407351627
0.099971427965349677
0.054368844178404256
0.02346843258397547
0.01031888425986432
0.021875775744478878
0.066694754436210646
0.14579678220009593
0.24475548159611793
0.33542504221913899
0.38865578304545084
0.39027643933236233
0.34891181655346182
0.28924612332371741
0.23474471644331382
0.19185084494685933
0.14704350329581778
0.079019412978895018
-0.02277939297309637
-0.14686222756945314
-0.26407337501886924
-0.34478708660065993
-0.3767654257650444
-0.37114157113655516
-0.35273787983486837
-0.34234050315043646
-0.34419914516743433
-0.3477429141860226
-0.34147090561594218
-0.32737667772868256
-0.32332478812587634
-0.34949699865754147
-0.40733164299606273
-0.46647005060103208
-0.47169854200159805
-0.36954165514426812
-0.14088858617895383
0.17949902874638712
0.50970067613888359
0.75243447466886515
0.83673366773902391
0.74852812163191162
0.53482286782538002
0.27989144725883353
0.066092376154721161
-0.060876985084314092
-0.10565939910920812
-0.1107182961607794
-0.12613491917055047
-0.17899472809219444
-0.25907626189951516
-0.32800282340091413
-0.34549793479444851
-0.29628737511223224
-0.20044154347881546
-0.099615546782469866
-0.026685143184629993
0.022108763143241127
0.092877902190632758
0.2501697226135069
0.53433499910802662
0.92465543340483736
1.3321712650014585
1.6304817017512387
1.7106202153763996
1.5309543694791374
1.1348277900672494
0.62692102983573983
0.12302750385513724
-0.297639568890813
-0.61226731438842352
-0.84005598783231261
-1.0087239097301908
-1.1268278391047792
-1.1793435232447274
-1.1454975108745935
-1.0220045592230347
-0.83269225826850746
-0.61764087307167159
-0.411523820281745
-0.22891960896164876
-0.067896705851421407
0.072515645955448751
0.17759023028107598
0.22008087822669226
0.18180873628160765
0.077414611813706319
-0.041045069084043477
-0.10792900463779835
-0.084068119807417255
0.014121951120780471
0.11965778684993905
0.15528777289902812
0.084836141826680034
-0.058898525186585303
-0.19052842811347448
-0.22414200043868643
-0.12734391694235386
0.059057955918437856
0.2493066421660777
0.36954865221886629
0.40386143419800696
0.39741326614055178
0.41498851895614008
0.48519260013508408
0.57164288531900698
0.59397496433527686
0.48603125348443776
0.25104877479111165
-0.026192544161175463
-0.22191642061777925
-0.24497479868808139
-0.091572376765999011
0.15220413555147511
0.36103849414155764
0.44091521987965365
0.37516209676197743
0.22041095719013193
0.061339397079387382
-0.041198144199029028
-0.074126877610380504
-0.057675993509502435
-0.011059906805062912
0.070350910674335451
0.2071285995493774
0.40455937913204976
0.62581478119236611
0.79553180916250044
0.837161622956753
0.72082984378992832
0.48799846310901973
0.23328951384836968
0.052781032533725722
-0.0086726169383292764
0.022414500511224063
0.072102122647178302
0.06931646270226921
-0.011464834129310876
-0.14160617949602683
-0.26540919541892566
-0.34050748211043136
-0.36257935749280751
-0.35958023823748259
-0.36399447315881267
-0.38658164415817914
-0.41146012778138275
-0.414129684207868
-0.3858006759035264
-0.34308946498414322
-0.3145990856386075
-0.31510858416617299
-0.32898532966435395
-0.31834651037114925
-0.25264659460053246
-0.13873102986804295
-0.027392623597896362
0.012857284303180486
-0.058609518944243599
-0.21810560135645471
-0.37576106596118786
-0.41368618258425999
-0.24542797474173758
0.13537329090028219
0.6437948905060743
1.1361637701789171
1.4695872306075011
1.5591019334299117
1.4065314001742821
1.0910642541642868
0.73020320684241447
0.43154214524881712
0.25640994589273436
0.20765983985353265
0.24158745678575733
0.29419332732024495
0.30835081366034522
0.25116766177355476
0.11757051875496384
-0.076745494712939011
-0.30573273504007409
-0.54009758718976841
-0.74895329977434466
-0.89926355410917458
-0.95879849354332525
-0.90581939946028711
-0.74254370167773254
-0.50394914153180925
-0.25322188587401789
-0.06158074553423766
0.020024373705155876
-0.016887529712080823
-0.13496768607835455
-0.26946398623071516
-0.35893421453799612
-0.37154971209775078
-0.31318564348412437
-0.21476189822066191
-0.10866453334499407
-0.0096104376555682554
0.089183496336614612
0.20457380587609167
0.34651610339976124
0.50739826993809212
0.66360810468546672
0.78632990877297082
0.85322217367713937
0.8541259707812332
0.79002700812237181
0.66969745785205803
0.50860002256800141
0.33021571884380158
0.16538177350609914
0.04509154777177659
-0.012667516230600013
-0.015003014184671818
0.0041106443050782197
-0.0031776440870334745
-0.075640059322847134
-0.2222114715890306
-0.41558230276967173
-0.60435868589508046
-0.73711178641758746
-0.78486945163375044
-0.7502330334087377
-0.65994373236074766
-0.54750597709392124
-0.43722406437214473
-0.33832929705534032
-0.25034332808439985
-0.1737340376908168
-0.11753189106845681
-0.098586095186566622
-0.13289298343435815
-0.22420514300707042
-0.35656348581492581
-0.4953935376785768
-0.59783589392793912
-0.62880537854758956
-0.5762878712123285
-0.45866498983725218
-0.3192071477784752
-0.20823552984186858
-0.16004529927735958
-0.17604041035885695
-0.22419055873152577
-0.25707705397911129
-0.23991822654745018
-0.17257371553323778
-0.091214070688832805
-0.046520717766542145
-0.069900243495547923
-0.14797478150699134
-0.22211785008534179
-0.21527305315613443
-0.071496224221761356
0.21454128056794278
0.59483251117836422
0.99228749694282303
1.3358274197378557
1.5847680362087544
1.7297245623239907
1.7739786639347892
1.7123928387311886
1.5257372094667883
1.1965024316976098
0.73617700094436789
0.20445874906681288
-0.29584016637417615
-0.65059741776783231
-0.77958402579934194
-0.67335302579359102
-0.40319707704659186
-0.09772795210607578
0.10566013572076433
0.11542841287890299
-0.075512390077685065
-0.38433515433166021
-0.67131002341753077
-0.8012961696569294
-0.70961228611247995
-0.4418134954444779
-0.14386141938269881
3.126091363220097e-05
-0.14241487383794668
-0.57683053364603487
-1.1646502082463508
-1.6784334897241935
-1.9069903185664494
-1.7572480588225379
-1.2978378494948519
-0.7194898064394748
-0.23377539396005981
0.032790205468309734
0.089968476704946662
0.054256347867702052
0.061274571468814786
0.17681947602228337
0.36140300523391539
0.50697319200389646
0.51782986167525713
0.38067141499869483
0.17806749264174462
0.038185647351366918
0.055237415197204605
0.23265374462476876
0.48407015212724608
0.68846581479433211
0.76161968897238064
0.69840539660619416
0.56263889351902052
0.4366874651493946
0.36765082749777533
0.34534191366203093
0.32268202603880031
0.25968445694674508
0.15790734079975471
0.061431180782145628
0.02507495167833217
0.073065268250962129
0.17692060052404243
0.26750727884862885
0.27350840085643391
0.16220169731676021
-0.041766772314008264
-0.26937626096230838
-0.44279662199612935
-0.51268401703898725
-0.47778770474342264
-0.37920038489868818
-0.27552068433286364
-0.21351538125440495
-0.20842419717934968
-0.24098287655908707
-0.26947975261345752
-0.24910843577194744
-0.14947495567774527
0.036221454130415359
0.29208408815011599
0.5877201803075528
0.88846414149884012
1.1627057674722514
1.3842203777905793
1.5309533534489383
1.583790971167288
1.5281045819220171
1.3579097143965013
1.0797122913345778
0.71291791943021865
0.28643256472112832
-0.16552991169748338
-0.60472400053611486
-0.98694847364727911
-1.2618415500189317
-1.3814098883202752
-1.3196974681758951
-1.0961303830782274
-0.78671148705215166
-0.50824878684172625
-0.37389095401214029
-0.43734068874017318
-0.65591707198851679
-0.89842875193212568
-1.0017352848765471
-0.85128190130881343
-0.44340670090779399
0.10653752122907011
0.61770801795232921
0.93158700099201319
0.98662277313250113
0.83961381984493111
0.62456294690079772
0.47534894047242038
0.45747212387183378
0.54559270454153364
0.65415087461822319
0.697093662043483
0.63860603495347934
0.50670766748465412
0.36711748956519102
0.27862584722050981
0.25908515781506986
0.28042897948385176
0.29113009749635799
0.24883504924607922
0.14324666285600701
-0.0012911842603168882
-0.14082185978768455
-0.23334025762401281
-0.25571799766498432
-0.21032994387226392
-0.12160835998079512
-0.025732724500091349
0.04288171797794265
0.064503013411406157
0.041874080617301593
-0.0014815267330719032
-0.03357038418877005
-0.031968162878489949
0.0024229260409680659
0.045424358032254065
0.065343544300721063
0.045603645712487657
-0.00093157646687997396
-0.037389925443973945
-0.026900089968124954
0.039480926223840439
0.13015562254808236
0.18631787096205629
0.15502245700019496
0.021991155382348179
-0.17678286630269463
-0.37246210708728744
-0.49913447995602633
-0.52587241279141117
-0.46644276171014543
-0.36349334082337748
-0.26051892783670749
-0.18105453920757447
-0.12681402871230854
-0.091421627684831142
-0.075424628894546097
-0.089210157975548487
-0.14177291215204549
-0.2257023328149875
-0.31247356968456752
-0.36433255726207864
-0.35591193502552559
-0.29047065249218323
-0.19873903290333592
-0.12052773126353317
-0.081382057176592915
-0.079671524315200845
-0.09155603831195612
-0.08848959232813261
-0.053901183870277765
0.011981155571994438
0.099992526175146354
0.20363126536389117
0.32361201733034184
0.46165340175182434
0.60963543768459116
0.74476203991605661
0.83685429924639121
0.86401816666105635
0.8256680863628989
0.74314663059849184
0.64713024653941242
0.56072281867796303
0.49005560734758719
0.42812347408966916
0.36728797081960968
0.30944391792686987
0.26523782437000198
0.2429835778296669
0.23670098259633943
0.22405240354679418
0.17770973522849026
0.083331231357395272
-0.048250105785106315
-0.18360346560131657
-0.28312400203789145
-0.3212319861876996
-0.29823726879816054
-0.23776818834948946
-0.1729309114264552
-0.13035964689945775
-0.12066956379958639
-0.13830178407314506
-0.16811241462622473
-0.19393875726882059
-0.20572594939167838
-0.20384817901461724
-0.1997585727877034
-0.21155893409930188
-0.25401133696376743
-0.32621561212676625
-0.40443204507991815
-0.44779117375013799
-0.41814380098040121
-0.30479416422636019
-0.13789006748627605
0.022140312068249016
0.11734021842788257
0.12888178158581751
0.092978645060624893
0.08201518228422161
0.15939395560539499
0.3361345591240682
0.55899202476363374
0.74046566533094038
0.81253277515834854
0.76824172640065169
0.66217724137877465
0.56900056616770567
0.52949738312679262
0.52372496535435997
0.49223495685977053
0.39104707936691729
0.23934794660862799
0.12125444127939256
0.13461044527752838
0.3191730703526291
0.61510030121087145
0.88532477598076065
0.99246455168093917
0.88180557556661276
0.61479168513665294
0.32891903809563777
0.14934040865738812
0.11082573459385431
0.14235141784808081
0.12419754940875351
-0.022070332842383064
-0.27280645743968102
-0.51259271282755992
-0.60878831932650213
-0.49974808644328755
-0.2373634639550441
0.043836402541958447
0.20923589206362267
0.20312539628832593
0.073662894249926711
-0.068556065690327156
-0.12648805228343019
-0.07516443226252828
0.033372878053454208
0.11607417888901372
0.11948924640220066
0.052542635613018619
-0.027619654471682676
-0.061616170451802718
-0.030109557677839877
0.036879213065241043
0.086718700292140793
0.084247273165636447
0.035229279854144549
-0.021962415839829229
-0.047316547374450971
-0.028226630506748944
0.014259837702599202
0.044351416064800885
0.039386528827990944
0.0053806508680735903
-0.030090671276181188
-0.040407771233963191
-0.01979719519544464
0.013970604397830003
0.03468155169722055
0.02790049257209069
0.00082908865592635291
-0.024747021305015118
-0.029850635906101777
-0.012265043697261878
0.01310770546253274
0.026705270135209333
0.019285928142784785
-0.0019626504383434629
-0.020073811666078682
-0.02175408954088387
-0.0070419792026188924
0.011764157139389927
0.020275080936416119
0.012947773610734159
-0.0034653701650048776
-0.015953899735070463
-0.015496678369507546
-0.0034966486398922063
0.010117521489722411
0.015029595989856247
0.0082980694212297056
-0.0040544962476531162
-0.012309766795527635
-0.010651207540355801
-0.0011885534700143408
0.0083123603290705932
0.010747822662903306
0.0049418136685780208
-0.004006651136859404
-0.0091187425366548221
-0.006941841175466497
0.00019351067130314077
0.0064725747840032825
0.0072940961727558208
0.0026014579658574584
-0.0035307999369050061
-0.0063749157789919813
-0.004165178906613146
0.00089149793808527189
0.0047008752583511948
0.004565883513090235
0.0010560467766342751
-0.0027987355076313195
-0.0040785790989906947
-0.002159818234454363
0.0010996941453134945
0.0030797184790051046
0.0024794508715438434
0.0001264581099710782
-0.0019470968656164532
-0.0022248896793325619
-0.00079146294124734617
0.00097512074612878983
0.0016696004951755039
0.00095823533975821992
-0.00033545669513289811
-0.0010788479201406405
-0.0007943114760942065
6.3243062835354003e-05
0.00064672352532080463
0.00050586306596728562
-8.0963724207043324e-05
-0.00046430270018527677
-0.00027565494892893317
0.00024456317299674052
0.00051942336247253048
0.00022075167234968863
-0.00039544087421202406
-0.00071998940297096745
-0.00037214180430214364
0.00040837198142830352
0.00093525203274617862
0.00068095746787410756
-0.00022062581478112395
-0.00103676458999383
-0.0010411801316557777
-0.0001547875810721592
0.00093826751292412809
0.0013282894606107618
0.00064126820665019811
-0.00061573045143391086
-0.0014350355409303522
-0.0011236549011756423
0.00011142729242047007
0.0013011821192701958
0.0014822312348434022
0.00048121800700412861
-0.0009264998342425829
-0.0016233994495085289
-0.0010427971613911206
0.00036973075661364302
0.0015020554635297883
0.0014570032049916462
0.00026647482974188089
-0.0011325040806742842
-0.0016401083046265275
-0.0008626649721808835
0.00058160170405877824
0.0015571356274093912
0.0013082569988074205
4.6477665724565503e-05
-0.0012293760107900268
-0.0015272177382991633
-0.00063597379731388198
0.00072635978981138089
0.0014930959129061088
0.0010870180997661516
-0.00014477567268326432
-0.0012264842535250114
-0.0013288847122410895
-0.00040644853464197941
0.00079424556712833232
0.0013393546496447575
0.00083580320432473192
-0.00028687319259558107
-0.001141302228595816
-0.0010845549687834078
-0.00020222799371471739
0.0007914233236344829
0.0011311570934600908
0.0005910355374327558
-0.00036965763643433445
-0.00099507612602899617
-0.00082805314841724359
-4.2759367397168205e-05
0.0007259193874453024
0.0008949104644717259
0.00037503066271199893
-0.000392849190252445
-0.00080913892815466569
-0.00058363780614025809
6.5612072033178489e-05
0.00061506271564445048
0.00065704464208608685
0.00020046998719198831
-0.00036811900465250747
-0.00060980622845177666
-0.00037117650933543047
0.00012412208466733657
0.00047863494749154944
0.00043877738435729215
7.3917761737363593e-05
-0.00030746213945606507
-0.00041638070332354366
-0.00020104621205088737
0.00013926705838514456
0.00033345976123555932
0.00025331010682167751
-5.592383446028027e-06
-0.00022441029376832146
-0.00024358417015495242
-7.7435665692418676e-05
0.00012040969799973797
0.00019464010716741987
0.00010901852145955124
-4.3220360863958049e-05
-0.0001324901624102894
-0.00010134486007318698
1.8253586743618975e-06
7.9491579760728305e-05
7.3374284455504689e-05
6.7138771716098117e-06
-4.8975079571518521e-05
-4.4401396501367103e-05
5.6583546029974679e-06
4.3815999101093334e-05
2.8933667204841224e-05
-2.3333993500458115e-05
-5.7515922042388168e-05
-3.3610900199810743e-05
3.2063774913342236e-05
7.8671015096467431e-05
5.6884000941503087e-05
-2.265208064106879e-05
-9.375906051150883e-05
-9.0361049654596581e-05
-6.8353751391116114e-06
9.1506882568699791e-05
0.00012080247733809475
5.029899936795727e-05
-6.7456398868847645e-05
-0.00013685969703924644
-9.736891529054524e-05
2.3762045582845801e-05
0.00013080104564794774
0.00013590118143559218
3.1588575330214008e-05
-0.00010102332204990931
-0.00015591045417090273
-8.7591007960689151e-05
5.1349404939301951e-05
0.00015103756734522996
0.00013199606306864371
8.9444861053422661e-06
-0.00012120115618145275
-0.00015593433999210111
-6.8380998955760999e-05
7.1820945848482151e-05
0.0001543629468718712
0.00011542367585315912
-1.2566970492877647e-05
-0.00012822193908003341
-0.00014183628851380077
-4.5242358279553938e-05
8.3917971141335903e-05
0.00014473539341593438
9.2238285219457678e-05
-2.9464865883328862e-05
-0.00012432099384802756
-0.00012021887264780472
-2.3914095037889601e-05
8.7032673980592503e-05
0.00012666506950853297
6.7540896733723728e-05
-4.0514058718800932e-05
-0.00011241051107871861
-9.4932807895735586e-05
-5.8381468378532277e-06
8.3049354505792706e-05
0.00010388907866612886
4.4501239860573745e-05
-4.5313623192873775e-05
-9.5487918078861756e-05
-7.0250995127671387e-05
6.6066187548260473e-06
7.3483052553861112e-05
8.0356169538706195e-05
2.6172599069210992e-05
-4.3940244518005937e-05
-7.6021194331766658e-05
-4.863773032767708e-05
1.3255530549940038e-05
6.0454840779584783e-05
5.8627213286593539e-05
1.3039284767708612e-05
-3.854231202127487e-05
-5.7004170513215897e-05
-3.1490376069151926e-05
1.5131848657030934e-05
4.628020165745746e-05
4.003790110183882e-05
4.6167405364970269e-06
-3.0891144508303083e-05
-3.9899437225910823e-05
-1.8211847907164585e-05
1.4740048824893099e-05
3.3041647744833815e-05
2.4702379360497607e-05
-1.0691926575860388e-06
-2.2805997486492126e-05
-2.4815354420154702e-05
-7.9720075400392438e-06
1.2634812295403854e-05
2.0990813192443929e-05
1.2573791928837285e-05
-3.7617318698529501e-06
-1.4510262110961382e-05
-1.2499534438534585e-05
-1.5570334062341789e-06
8.198919368257351e-06
9.5085365048467737e-06
3.4528001710136776e-06
-3.4074639814178296e-06
-5.3690077436109865e-06
-2.8165099563508992e-06
7.8006348922929718e-07
2.4687735315749009e-06
1.8227240406346541e-06
6.7783105848320488e-07
-2.2933587642122873e-07
-5.755072481323585e-07
-6.8922454599080588e-07
-2.258413443887554e-07
4.8421379957597997e-08
-1.8606719868202931e-07
-9.835933028693124e-08
9.0959871086048804e-08
1.764272122111224e-07
1.1442355791676875e-07
-2.110970524140399e-08
-1.1109058862229146e-07
-1.0230170200185576e-07
-3.3702891504739584e-08
4.983756595588389e-08
8.675780564531648e-08
5.2628872848750995e-08
-4.8132424106183117e-09
-4.3658223472688372e-08
-4.1362816961346673e-08
-7.5604337800992377e-09
2.0006372873063454e-08
2.6337753964377349e-08
1.8019174419744259e-08
4.245942336063634e-09
