2.5963854955447127e-10
9.6824787703283092e-09
2.9771444347848577e-08
2.5079051966352578e-08
-4.9476223745861162e-08
-1.2558835521912657e-07
-9.8038957151381422e-08
6.1967797296255379e-08
2.3968808955115095e-07
2.5884147580327307e-07
3.9154440216158105e-08
-2.6890820950043729e-07
-4.3333209677697518e-07
-2.6620706847908089e-07
1.3939250267425149e-07
4.9802646160991782e-07
5.1744185763781541e-07
1.3918505456964043e-07
-4.1090310505871833e-07
-6.9479204261232789e-07
-4.2878876922885565e-07
2.3635609032282563e-07
8.057968902525321e-07
7.9598190203385948e-07
1.0250913006159992e-07
-7.6535730440877104e-07
-1.1148098600966489e-06
-5.6936867764965901e-07
5.5763104263655417e-07
1.3282439771610515e-06
1.0770265674553344e-06
-1.258866563818682e-07
-1.4112749446088919e-06
-1.6647231345021315e-06
-6.2354070506745432e-07
9.3234862791429367e-07
1.8035291006911442e-06
1.3877448116272987e-06
2.9793122625689381e-08
-1.3061159997357451e-06
-1.5968688391471216e-06
-5.9571718329020835e-07
6.9015159045325275e-07
1.3247951786965684e-06
9.6101847188510768e-07
1.8774042012907279e-07
-3.4573053992856713e-07
-5.1625989180526249e-07
-3.8514793028694182e-07
-2.1620950949140597e-07
-1.6856113088073127e-07
-2.4855327437414896e-07
-1.4979989083559703e-08
5.3079742590889022e-07
8.5797159374372485e-07
4.1647088070986553e-07
-6.2571174164444482e-07
-1.789456743878978e-06
-1.9891600637639445e-06
-8.148514116722467e-07
1.4487061241773985e-06
3.2279605500229704e-06
2.511776539563099e-06
-1.0639093684444119e-06
-5.4262249135614277e-06
-6.4798256693849257e-06
-1.7713892172927454e-06
6.3585440192881004e-06
1.1432232521404434e-05
8.0898099417391044e-06
-2.9731078863767018e-06
-1.3980892373625212e-05
-1.6003960544826335e-05
-5.2354047395176297e-06
1.2097820008085393e-05
2.2631539143976636e-05
1.6017991698616163e-05
-5.1663303406347033e-06
-2.5711093627793522e-05
-2.8187705234941313e-05
-7.6734545769576418e-06
2.1784841296305139e-05
3.7218440097587139e-05
2.4037351688989702e-05
-1.0430150932089536e-05
-4.0170905891933187e-05
-4.0344784678267985e-05
-7.4836745163342861e-06
3.5087318520041341e-05
5.3680225458918964e-05
3.0777747541376965e-05
-1.9433169633812963e-05
-5.918177150902734e-05
-5.5226606423606592e-05
-6.4398432085355668e-06
5.2391063758664805e-05
7.4885753501440617e-05
3.9128195757264371e-05
-3.1236685248356888e-05
-8.2803720367333533e-05
-7.3314765624486061e-05
-5.1808507469427558e-06
7.2119564985324223e-05
9.754126051309003e-05
4.6645100907678255e-05
-4.5540608831007122e-05
-0.00010831751554326043
-8.9042644658075761e-05
3.3592036970413239e-06
0.00010002659585396957
0.00012355171081202584
4.9757541967267571e-05
-6.884841484634963e-05
-0.00014013111630400532
-0.00010403932209894715
1.7603028440475832e-05
0.00013296217250211443
0.00014917454208460297
4.7410036906582013e-05
-9.776374835126711e-05
-0.00017344797807206038
-0.00011610478982976596
3.5139012151541638e-05
0.00016494302126923103
0.00017020529618227924
4.227878286910732e-05
-0.00012329124372346102
-0.00019839003519477752
-0.00012115068534525301
5.2957076138440158e-05
0.00019126770950096317
0.00018513471285419374
3.5238066935387521e-05
-0.00014592202012364533
-0.00021819649924086161
-0.00012274531090934583
7.0045795065766802e-05
0.00021172673990382704
0.00019114756872274546
2.2133324401645699e-05
-0.00016548198091657709
-0.00022648893010626089
-0.00011361819530524444
8.5908685293553937e-05
0.00021811677844965684
0.0001822521247000584
8.4959879583623389e-06
-0.00016745607417422727
-0.00021195636811773352
-9.5283507407903836e-05
8.8265892780936198e-05
0.00019799226111826535
0.00015537672394862103
3.2075379351610041e-07
-0.00014563843262443705
-0.0001754406475114945
-7.6231531740680427e-05
6.868540596800674e-05
0.00015035977526088937
0.00011783030629068311
8.4616557948097908e-06
-9.1387116331697772e-05
-0.00011544826791635751
-6.1673912477842977e-05
1.8627733076378148e-05
7.0241172589000065e-05
7.2822394380134034e-05
4.1570267002156106e-05
1.1537694118383779e-06
-3.6490320176670412e-05
-6.6942154877862837e-05
-7.6994662006345157e-05
-4.533567134754161e-05
3.2372230969939756e-05
0.00011850359984409006
0.00014458265903982616
6.3230039950783678e-05
-9.5417450642295478e-05
-0.00022130438570337163
-0.00019741954904591098
-3.174178011619237e-06
0.00023855492787598512
0.00033417036772010069
0.00017189240465244221
-0.00016371517115519718
-0.00042504082105020933
-0.00038108637931807016
-1.7026181636346716e-05
0.00041689170660254873
0.00057285566171971216
0.00028305808270311729
-0.00027535310469619767
-0.0006808291535015088
-0.00058265637434276899
2.8474034725860327e-07
0.00064968966134142342
0.00084452342328710287
0.0003765514755480941
-0.0004443522717465941
-0.00098855246852736617
-0.00078813094238336075
6.5268602047384073e-05
0.00094251370972890875
0.001138339922043015
0.00043674492983933067
-0.00067237126968466138
-0.0013305593689090364
-0.00097404078092414427
0.00018782257716948409
0.0012833188157719672
0.0014312075531374678
0.00044806642707030306
-0.00095692019745630304
-0.0016900356301613891
-0.0011248925789637187
0.00036767129290788195
0.0016552129158716731
0.0017024730126991782
0.00040371095734953851
-0.0012817708171962803
-0.002037881904505484
-0.0012209100573854854
0.00059629030987584577
0.002022377459629637
0.0019142054151909088
0.00029446894306852251
-0.001618947920121879
-0.0023292921901141507
-0.0012343371021561005
0.00086531009832867885
0.0023507185420533314
0.0020373199383537099
0.00012161886591205801
-0.0019359989191791236
-0.0025279289961514209
-0.0011603930360579977
0.0011347638235507118
0.0025819026082436092
0.0020415783502007244
-8.8208582888319663e-05
-0.0021656663773531883
-0.0025776508931638293
-0.00099871035551540345
0.0013499201633017507
0.0026499589840053624
0.0019033117129594759
-0.0002971182390363154
-0.0022409931269286032
-0.0024392157870969373
-0.00077329207116515956
0.0014391279366612732
0.0024941169620205147
0.0016259437712839685
-0.00043432985325651981
-0.0020746055612939581
-0.0020767069568546157
-0.00053016616221412461
0.0013085119322484415
0.0020454551234303886
0.0012200053430916449
-0.00041764785032879842
-0.0015806414470104174
-0.0014730225536463797
-0.0003379512969034857
0.00085643173123311079
0.0012504337436653394
0.00072570036796205635
-0.00014170235949188814
-0.00066907366776254714
-0.00062376762499222161
-0.00028148520999062151
-2.329170980466625e-05
6.8115258430110747e-05
0.00020179167498698676
0.00050603643221348805
0.00073625023595456668
0.00044729370799916795
-0.00047077483570871401
-0.0014447632345442364
-0.0015333780756801437
-0.00027769367211851576
0.0016481151668932832
0.0027124788422065154
0.0017171641787997113
-0.001002735834464189
-0.0034975664864587436
-0.0035683824303223487
-0.00065052173606420377
0.0033660909081480207
0.0053029452544107441
0.0031802909097921658
-0.001905101681362737
-0.0062149477588073765
-0.0060963200393157656
-0.0010224437059255273
0.0055586085627858843
0.0085465569766880866
0.0051306404276098812
-0.002711044808527721
-0.0093334275328211171
-0.0095608203628609872
-0.0027153216907403709
0.006711735602480267
0.01243533917627661
0.011175781607172041
0.0049636469938727787
-0.0010124977118929489
-0.0032040292570487175
-0.0028835186985077285
-0.004604624175831875
-0.010934981700637574
-0.018166633509404149
-0.017614374331470447
-0.0027179561930792259
0.023272155046151911
0.046030250093016922
0.048230180179799735
0.022424972959660741
-0.020817220789373349
-0.056992946128972731
-0.062881056775062047
-0.032826337010145805
0.016147894463540445
0.055353111906502196
0.064524251680375636
0.046284961166185391
0.023542886382445956
0.020983426186871164
0.044573025401449314
0.07559370503330505
0.085160365852839454
0.058767410949506153
0.010991455540056741
-0.023487723506341693
-0.018107152211055206
0.019481149528833338
0.04628789078028759
0.01351159084220597
-0.091996324955345654
-0.22592582557321597
-0.30551739601446487
-0.26190598687030248
-0.091529468565883829
0.13170300466307913
0.29736298560464941
0.32896588625531498
0.23656426794425789
0.11293998799703386
0.072450203311262645
0.17241411913241508
0.37137749576138468
0.55463165297456041
0.61054761987256978
0.50471058285605463
0.29953349545209895
0.10569552338302647
0.0011586932433430128
-0.022492663966589825
-0.046508246188465288
-0.15453410469273476
-0.35939678543432257
-0.58534041335910658
-0.72353242207280333
-0.722200177738339
-0.64224479890383357
-0.62936101279180445
-0.81279302940390386
-1.197485534285716
-1.6285829341741525
-1.8631291720629477
-1.7115855755014382
-1.1610000002869023
-0.39870783111006031
0.28255990730273695
0.64126833824750462
0.60943759002115572
0.30859808673319311
-0.043161164646076451
-0.26742437914621947
-0.31755562370312096
-0.27559954492647015
-0.2693236530149471
-0.37464290123355243
-0.56985727688032406
-0.7642732751057546
-0.86947071825668409
-0.85583679998959306
-0.75557417672805438
-0.61860500210669944
-0.46382192269858352
-0.26833936889169296
-0.0035361632693754626
0.31358596674419992
0.60011121178092031
0.74212010331605727
0.66624255824626311
0.39844721055287002
0.06526051486905321
-0.16983680882608684
-0.19809781362759174
-0.029086752293116695
0.21191504409783649
0.34859443930837619
0.2396176385548614
-0.16223183838580607
-0.80248022400603813
-1.5590401238609599
-2.2876029087503134
-2.8534774742962421
-3.1470226639490009
-3.097057013406483
-2.6937875594726082
-2.0131933318495658
-1.2175985517599639
-0.51142751784077511
-0.059069485057770654
0.09514131385440891
0.053235302127991095
0.0087866617600979788
0.13240680165788707
0.46134159017829052
0.86219637660697113
1.0961117668457712
0.95357471491412837
0.38085080136807264
-0.47786155936971936
-1.3486372974735241
-1.9658365281774048
-2.198175705432674
-2.0912847959603882
-1.8092397981321873
-1.5198433583904023
-1.2989863217368909
-1.1103720274413773
-0.86341688878238143
-0.50123311673488424
-0.055518222571050428
0.36657468625082174
0.64894814942495738
0.73608794557120938
0.65698459738818471
0.49047106360220388
0.30162372799503878
0.09802859340486085
-0.16211445775736807
-0.51739343346910882
-0.94638289675433118
-1.3502194441564379
-1.5903470461764417
-1.5589215093531559
-1.2375975070493177
-0.70935315616172401
-0.11959907114690421
0.38617739972230469
0.7114423528832553
0.82322933522453312
0.73753884610039833
0.49700591676530764
0.15818420373215664
-0.21166951845226711
-0.54161603787098278
-0.77730938051479492
-0.90638388530168756
-0.96651689578963429
-1.0191004034585798
-1.0970107112356948
-1.1622951001332065
-1.1141906724927042
-0.85919427307631968
-0.40789002078456044
0.06885187019546514
0.28039671019611717
-0.045847963708089336
-0.99658223733031381
-2.3759290645725368
-3.7523855355812956
-4.6414768709168293
-4.731738075198753
-4.0281784293447291
-2.8304760806342286
-1.5596737416343525
-0.53778571232038641
0.14848369301667269
0.62404771438443907
1.0688543486679662
1.5400721364046397
1.8962591271159055
1.8777525429915267
1.2928688684513701
0.18727260283734001
-1.1190029527826573
-2.1605008810902913
-2.5509152345696089
-2.1731739636626428
-1.2262834438870351
-0.1074584686283465
0.79500985150459613
1.2762010359214617
1.3640470454950424
1.2341550584100232
1.0609756639739254
0.90541428952780534
0.70304842089772024
0.34500557738083626
-0.2152899541039725
-0.90539682358879803
-1.5615502259977203
-2.0154457638550025
-2.1784163249944259
-2.0703288645517741
-1.7842206478029201
-1.4222961804945191
-1.052753737846039
-0.71263527982299335
-0.44047593217613512
-0.29692131533840993
-0.34199654514760242
-0.57690677433562387
-0.89597893819114527
-1.0997026002360093
-0.98418970549281692
-0.46731080678559234
0.32456066660341087
1.0742677867658443
1.4046188298712352
1.061817735170814
0.053706583148373094
-1.3353951651056666
-2.6644868226325498
-3.5272106795263638
-3.7147512026898148
-3.2720541611750766
-2.4336851822570913
-1.4917030754381762
-0.67571683808693095
-0.10205645356369156
0.20458050184673487
0.25923005166625085
0.085207696727544885
-0.27579808645938786
-0.73280486164294412
-1.1359037913123133
-1.3152814255527443
-1.1572702783522606
-0.67254755996022975
-0.0096610856153864083
0.60104818546763727
0.9445125702821896
0.90565195777660323
0.49907056208949224
-0.16179235512124085
-0.92524950444151732
-1.6504683770994257
-2.2239491419261359
-2.5542416977738722
-2.5729566687734233
-2.2587200145384601
-1.6709729700631737
-0.95890148872931014
-0.31887618721438538
0.090109598357747234
0.22535781858613924
0.17764232508506358
0.10445321192068961
0.11441730492836838
0.17876461809219116
0.13698021392042861
-0.19480967717476216
-0.87639094248413318
-1.7562770464725657
-2.5139693253098971
-2.8196039665858068
-2.5185420116484627
-1.7244995227883617
-0.75777754397087416
0.036286357635999328
0.47397232406276124
0.60482774109645587
0.62385497889338348
0.68808592531822521
0.76924660613951423
0.65308091617669317
0.096410610237602321
-0.95970441884789681
-2.2709213838697933
-3.3623681729905011
-3.7676315143123675
-3.2943214103541711
-2.1489240585639116
-0.83479190990057883
0.12228140806968174
0.45668508433701571
0.28266791462979074
-0.018027347060193381
-0.063622529561063207
0.27812335090411061
0.81577312269992464
1.1771788277832336
1.0708679915216466
0.4929916515034935
-0.25468192714997695
-0.74660339914216756
-0.69837029822090824
-0.14780376549395804
0.55848812326974173
0.96073686812757308
0.74185410675555596
-0.10759371840079077
-1.3023741699836999
-2.4298761053436406
-3.1619234506000806
-3.3894191370585469
-3.2190769206121987
-2.8594415437107465
-2.4817815313272846
-2.1397906614715279
-1.7813722155993368
-1.3253810298255477
-0.74421927819491973
-0.10275703762799573
0.46019173155058463
0.78765925700813988
0.76480124613982359
0.35986910328614219
-0.36133473478163458
-1.2446287431258138
-2.0770128554372591
-2.6354957500111302
-2.7500785207550091
-2.3650776043855117
-1.574057605736684
-0.60673592887522143
0.23611611044466058
0.67982806049073496
0.56866159831061014
-0.081420788976609537
-1.0888701450066021
-2.1668383843034595
-3.0141446160357845
-3.4057044139636767
-3.2542754782312371
-2.6256879790171124
-1.7042294066570638
-0.72135559924594195
0.12449587565893276
0.72343926461621777
1.0611014231114908
1.1776834310448956
1.1079510142336919
0.84473010861020548
0.35522016365071102
-0.35668265047818454
-1.1859018622177175
-1.9144597585853982
-2.2799914148085394
-2.0995833115921183
-1.3803898180658998
-0.34547422085205642
0.65217459275243062
1.2879917883399814
1.4111889037353273
1.097462428822614
0.58426410300210596
0.13261580141052468
-0.10195351385060611
-0.12119472353356463
-0.044553937853776947
-0.019064805506663604
-0.13973502535320448
-0.4190506476804402
-0.80246287730890653
-1.1996078320009593
-1.5062956457455701
-1.6187028154482916
-1.4597439498264491
-1.0274930900006767
-0.44339112371738271
0.046141250709651832
0.14848055202219829
-0.33252483901549051
-1.3620686444580947
-2.636934586899224
-3.6900239231547651
-4.0983216850714337
-3.6860812883481668
-2.6086752743411803
-1.2688445822651695
-0.11566001064226723
0.55650537510546128
0.69975117297970035
0.46167579098388839
0.048618125261867373
-0.39569977131715034
-0.82310706999743088
-1.2271792984474204
-1.5684293886544582
-1.7517126336103295
-1.6784933728932316
-1.3302804173750566
-0.81017675551958823
-0.30003241617568649
0.042921501718295937
0.17598891486945897
0.17970701211922094
0.17697279789354289
0.22250129471336713
0.24735974584710796
0.10434875246067035
-0.31521240304881187
-0.97852762769059498
-1.7013522698980661
-2.2450041686165667
-2.456748733933896
-2.3565952483905894
-2.1096098567227832
-1.9032154133433392
-1.8161834448111893
-1.7718257172927223
-1.607872837588018
-1.2123559249656464
-0.62748172710852257
-0.045348959673866263
0.30521401057157682
0.30528444709855201
0.02636710037600604
-0.31106322631002559
-0.47595584172476757
-0.37375240716894664
-0.10944137468133218
0.071219749453630785
-0.075901707363902032
-0.6535015752377773
-1.5641716301239776
-2.5580829224093646
-3.3503627041853972
-3.7390051089481449
-3.6657240014989663
-3.2035612593818152
-2.4965913632202654
-1.6946894283256098
-0.91543689346446022
-0.23941802473790413
0.27632023319631138
0.58736004391223351
0.66499871754007267
0.51059168247403386
0.16923605865541705
-0.26919871252639122
-0.68674657059702027
-0.96764025987239299
-1.0310726649101878
-0.85290060430547221
-0.46639492358203605
0.058648008653968201
0.64756980315894375
1.2448468465803457
1.8147355252108854
2.3173226523882118
2.6777914699515417
2.7773701559930775
2.4861709660377898
1.7319568011132436
0.56967847824906925
-0.79486407062010345
-2.055432695158252
-2.9166577234214097
-3.2131988948978241
-2.9724365764297955
-2.3844667726210056
-1.6959073756247756
-1.0888605927323156
-0.61402888857756432
-0.21154906328892914
0.20283706977682375
0.64859391465293292
1.0484717646093871
1.2725329194203054
1.2246456222558384
0.91077785616707718
0.44364750158477573
-0.016431591646164978
-0.34207544167755988
-0.48785061491519505
-0.48205386313084386
-0.37852780924343626
-0.212372261951152
0.0053089989355894693
0.25437249230026238
0.4694331995651328
0.54112268887383974
0.36687182083291009
-0.078095121312916738
-0.70097678663617935
-1.3183770910921948
-1.7411079798083471
-1.8662491491755224
-1.7181340140672914
-1.4133476754870382
-1.0768300254921357
-0.76966021489092296
-0.47921827311065873
-0.17518003295118192
0.11617388433269057
0.28390036815603081
0.18381385948121251
-0.25676363790159473
-0.95255361635843816
-1.6609996516831498
-2.0860249175155841
-2.0315367572508363
-1.5127040677122989
-0.7533609210726333
-0.066470892818142932
0.31229399589944978
0.33811260376895863
0.15174677392903979
-0.03493197239532643
-0.084818676029655538
-0.018405219021241932
0.016202991567468097
-0.13957723511628237
-0.53220799756328085
-1.0501825349191234
-1.4836654058238519
-1.6479733729422461
-1.4890151709407191
-1.104084152832965
-0.66978783876542269
-0.32987884928731837
-0.11885524259092639
0.031063887595911933
0.21026227299419761
0.43818325472242453
0.6215582261570437
0.59345391471440201
0.20885366399684271
-0.56201223268518208
-1.5968078508828878
-2.6583217265743664
-3.4814497653905194
-3.8644877350406222
-3.7273305593896908
-3.124054509397058
-2.2187052841528234
-1.239005746518044
-0.41727825886033088
0.075393509417976345
0.1884476436687732
0.019362202468691556
-0.21638648334103908
-0.27703575301986122
-0.015058720559073809
0.53458538231484076
1.1543127755376654
1.5440087184103481
1.4740805743230174
0.90735524314042681
0.019002127166316853
-0.89729336537616744
-1.5801645238930233
-1.9185852778511638
-1.9719817436358718
-1.8929909196875701
-1.8148530481123371
-1.780749580164809
-1.7530883749694881
-1.6778459908060039
-1.5403786976017309
-1.3634260227695967
-1.153039124116999
-0.84921183790292276
-0.34187792470453759
0.43766527722956705
1.4083574814178632
2.3040387980595103
2.7645230717077958
2.5204242358396796
1.563210769951521
0.18468796524308195
-1.1552503612034783
-2.0627765850533959
-2.4046425841347205
-2.3419320104213548
-2.185174451692764
-2.1708804972751023
-2.3110514165687164
-2.4151359806807466
-2.2627894222982827
-1.799357852161535
-1.2091903883949657
-0.80774381276158191
-0.82290991174325345
-1.2183604363864382
-1.6881052671342176
-1.8365330503421098
-1.4305474294881524
-0.55811927346665879
0.41290523489225739
1.0508819174293482
1.1127548016142117
0.67362145009880203
0.058417950906531672
-0.36980584191109933
-0.4229585111508305
-0.17012567601369624
0.14840953524717171
0.30127993224074789
0.21323916306144661
-0.011834286577973955
-0.19072237061550418
-0.20006727420597523
-0.0548919511405642
0.12016537675923314
0.19368547889023571
0.12302860816666551
-0.024637559381734845
-0.13289101247589366
-0.12607813819016547
-0.02066584100171142
0.095641763183100817
0.13498914634312406
0.074086531933409486
-0.034281743620363278
-0.10672915519814476
-0.09337720153385333
-0.01182615879033479
0.071521658492864501
0.094628310751366948
0.045355955631516363
-0.033679626554332584
-0.081228416682912155
-0.064421849530397896
-0.00092686909521489519
0.058232446337111554
0.069307161600007244
0.027832058623796646
-0.0311406889139988
-0.062269640201653972
-0.044531603385972465
0.0050095714166046293
0.046916658521822092
0.050551439083783976
0.016233506191765192
-0.027445299371546012
-0.047189974819523882
-0.030211238836868517
0.0078778012492435046
0.036996215473013613
0.036201743206162804
0.0085581372379975613
-0.023129652686301617
-0.03495568818657057
-0.01981895741761085
0.0087135035105089832
0.028285428968928994
0.025158792243829584
0.0036799441112433978
-0.018564084940099004
-0.025019939311491844
-0.012379138700169883
0.0081949399033759696
0.020724402137481814
0.016739804823333416
0.00083141244113289596
-0.014053552493201721
-0.017053289002269302
-0.007220253836740729
0.0068240724740698559
0.014298096485306304
0.010468490828787156
-0.00054079375643490139
-0.009818145600377649
-0.010803945120141703
-0.003833425851387615
0.0049792372559593137
0.0089868057615446403
0.0059614900654007767
-0.00088451090542534107
-0.0060376171531845947
-0.0060648003284131833
-0.0017989014407844175
0.002967723198353586
0.0047581205513991054
0.0028899155027505485
-0.00056028749572353614
-0.0028296763156016496
-0.0026336572837986501
-0.00076295710294460009
0.00101947660462485
0.0015510245071152257
0.00096247048183729954
0.00014386085215439774
-0.00025813540815137516
-0.00031237315702738134
-0.00043169641855216544
-0.00070864372640655547
-0.00073242246156448448
-8.9623718262430089e-05
0.0010034528278364738
0.0016719588316483377
0.0011135088712871241
-0.00054228178147852938
-0.0021084184997035948
-0.0022147677008638369
-0.00051451228226711545
0.0018400154656793466
0.0029819623324228313
0.0018348084950308534
-0.00089279826014302701
-0.0031261903229522531
-0.0030257940526892402
-0.00051524687329865813
0.0025412263597728683
0.0037378033672215349
0.0020398198940794771
-0.0013230025802661524
-0.0037529786181990221
-0.0033095158376944779
-0.00027065619416043987
0.0030340897956289488
0.0040231742580627084
0.0018950361015302804
-0.0017196732844538746
-0.0040165784122527049
-0.0032074953371932298
7.9187300138240581e-05
0.0032898864669939276
0.0039405813367790234
0.0015493219603298094
-0.002005261918845857
-0.0039678010766818241
-0.0028515365415922871
0.00043110822319702801
0.0033151212890129714
0.0035952309755618171
0.0011184345972738694
-0.0021459631615018122
-0.0036774870080588163
-0.0023575011562265448
0.00071531602441800865
0.0031375183694545409
0.0030857317319345837
0.00069181216060539691
-0.0021313382261396664
-0.0032205915147817863
-0.0018229257352226798
0.00089040882614980176
0.0028014038908699183
0.0025011776178193714
0.00032749515873763693
-0.0019784556870394306
-0.0026670920782647448
-0.0013087758989761202
0.00095464042881228406
0.0023644081120728828
0.0019117391546744095
5.4821634800748916e-05
-0.0017203575921114198
-0.0020870729904926945
-0.00086805037683680523
0.00091031917749979159
0.001876529360557555
0.0013702283421273818
-0.00011557440173813839
-0.0013938361960606164
-0.0015297940162223671
-0.00052004515592925444
0.0007841711153157775
0.0013885337546420528
0.00091135916964242482
-0.00018894910180843473
-0.0010368829027630427
-0.0010337408913842676
-0.0002745503143476411
0.00059780809051453415
0.00093049825828632753
0.00054548554125372442
-0.00018556638979165416
-0.00068470621897008272
-0.00062157915510769246
-0.00012264807851204519
0.00038671367685641852
0.00053901935706539077
0.00028493171904796346
-0.00012257424722333043
-0.00036556930552223039
-0.00030590631558036392
-5.1178200068677889e-05
0.00017586669961815605
0.00022625047889389546
0.00011628337830253678
-2.8896579697055677e-05
-0.00010106740277452352
-8.6056539632483857e-05
-4.0671549056874528e-05
-1.383350316109234e-05
-2.3069109565539484e-06
2.6261415163133247e-05
7.5812319934775868e-05
0.00010124686221668755
5.1522574368972223e-05
-6.5324244541086843e-05
-0.00016596137815323624
-0.00015372945566317797
-1.017650323919796e-05
0.00016893184015658651
0.00023821894139656181
0.00012250200772865108
-0.00010697386323911397
-0.00027462342087742752
-0.00023748724348136491
-7.5772734035871459e-06
0.00024495951764036042
0.00031910515430095448
0.00014514753326903856
-0.0001513157207941228
-0.00034087850006967504
-0.0002696439639524532
1.4449300672550302e-05
0.00029313620903801682
0.00034805632082527598
0.00013256223178840349
-0.00018799966947511261
-0.00036432347808446557
-0.00025843315896709559
4.7313569325645654e-05
0.00031498931234203196
0.0003374932672294718
9.9591829175475476e-05
-0.00021136307987710959
-0.00035457548423514714
-0.00022294860979271138
7.6604378629839152e-05
0.00031019004049854967
0.00030012412654828121
6.0290570124445043e-05
-0.00021856969241445319
-0.00032137021679130742
-0.00017575278606365668
9.8039935143786748e-05
0.00028686915748166706
0.00025021627722305836
2.5429635645930053e-05
-0.00020870100556654876
-0.00027398433675313299
-0.00012834342762660326
0.00010792184895104768
0.00025115237494714081
0.00019671352480517414
-4.505366593048061e-06
-0.00019239840918402226
-0.0002252638425020031
-8.6989723107392435e-05
0.00010822219507196506
0.00021004291052247333
0.000147741048197996
-2.0793625180601308e-05
-0.00016220430672224417
-0.00017280932402443937
-5.3952670578989338e-05
9.6177247278573808e-05
0.00016330009463953954
0.0001038503352863022
-2.7857230788918258e-05
-0.00012770657560190072
-0.00012404677143617384
-2.8486990727213872e-05
8.0078417172939776e-05
0.00011980510711206013
6.7108153356136717e-05
-3.0909276047216706e-05
-9.7445500027204795e-05
-8.5862348739103797e-05
-1.2097692585456999e-05
6.3093299874496369e-05
8.3968436186727071e-05
4.0675287865287962e-05
-2.7863333913036348e-05
-6.854165802113974e-05
-5.4799273810870754e-05
-3.2532963590350641e-06
4.3643669635455391e-05
5.257770875647563e-05
2.2991287132573615e-05
-1.7818361641189608e-05
-3.9104152966112301e-05
-2.8776697376466711e-05
4.9963684614834298e-07
2.4472047010934966e-05
2.6765439290700413e-05
9.4513196662058642e-06
-1.1278842576859404e-05
-2.0035893579785006e-05
-1.3444612899213354e-05
1.2903116425492978e-07
1.0015050649600353e-05
1.0514809330149264e-05
4.1439610152870351e-06
-2.5659664732440326e-06
-6.3991284040988974e-06
-5.4414413133047162e-06
-1.2651959953205015e-06
2.775154354633465e-06
2.0878628231677552e-06
1.5332382671233989e-07
-2.2525452698353087e-07
-3.1128749014478464e-07
-1.5363438396902258e-07
4.5668307617609757e-08
1.6725422943153635e-07
1.6472822803024553e-07
4.3698419041580725e-08
-9.6267139500735358e-08
-1.3912667250524009e-07
-6.2278416454613049e-08
4.2176887146555085e-08
8.2400240366077628e-08
4.6452172606203507e-08
2.7569795451302277e-09
-2.687859584169688e-08
-3.5812368175729374e-08
-1.393153146238366e-08
1.0854400851850137e-08
2.0884959037560291e-08
8.4219810239145093e-09
