 8.828233089287461e-09
 3.172253958520746e-07
 5.868133100571679e-07
 2.897575719268242e-07
 -5.855596759030195e-07
 -1.331385768823116e-06
 -1.081925700931319e-06
 2.979944411146382e-07
 1.849382427223476e-06
 2.165343282454031e-06
 6.30009246377801e-07
 -1.816888815187644e-06
 -3.203869289089175e-06
 -2.100100662661381e-06
 1.005825406473729e-06
 3.793006050568137e-06
 3.82459014941054e-06
 6.39044777517077e-07
 -3.551743065006297e-06
 -5.362988354689557e-06
 -2.949933619301651e-06
 2.225792904232601e-06
 6.201671844847987e-06
 5.52901038319083e-06
 2.185984294211455e-07
 -5.867544280457145e-06
 -7.795276874160374e-06
 -3.533997435381328e-06
 4.056585611962197e-06
 9.086236919456387e-06
 7.186122227534e-06
 -7.498835530424139e-07
 -8.802308743792801e-06
 -1.041709367839078e-05
 -3.714011334764264e-06
 6.568361447187134e-06
 1.237777346768836e-05
 8.63825316806855e-06
 -2.376183590961235e-06
 -1.231186286380389e-05
 -1.305466833155075e-05
 -3.332023178725709e-06
 9.757047275182343e-06
 1.589593274644729e-05
 9.672954810104191e-06
 -4.716151996652371e-06
 -1.622762788482231e-05
 -1.544147610756116e-05
 -2.251203359261528e-06
 1.349371401530513e-05
 1.933188527507092e-05
 1.005554903584139e-05
 -7.715795028503387e-06
 -2.022478842533519e-05
 -1.723892128214901e-05
 -4.131569051032854e-07
 1.747879238982225e-05
 2.22540870612502e-05
 9.583425901465663e-06
 -1.115353656688252e-05
 -2.381090847446666e-05
 -1.808294467005469e-05
 2.095526268609381e-06
 2.121235199648551e-05
 2.414254519894829e-05
 8.157208392376028e-06
 -1.459221600086182e-05
 -2.634353784203628e-05
 -1.765469206001152e-05
 4.978453843259685e-06
 2.399140726465687e-05
 2.445317574009593e-05
 5.859381323232646e-06
 -1.735350587621487e-05
 -2.708204275449076e-05
 -1.576835100607966e-05
 7.679830586174869e-06
 2.494301558783533e-05
 2.270869361024137e-05
 3.027181763651366e-06
 -1.852662014454085e-05
 -2.527404988631774e-05
 -1.246440410514281e-05
 9.36431008682999e-06
 2.309784132229038e-05
 1.860689592762787e-05
 3.041778212597779e-07
 -1.702026163360789e-05
 -2.027102983479118e-05
 -8.092640437989889e-06
 8.939129446237534e-06
 1.750320879075954e-05
 1.213198708722639e-05
 -1.345391683430175e-06
 -1.166184059486265e-05
 -1.166139432141342e-05
 -3.36705254042646e-06
 5.127672633417277e-06
 7.368061854208261e-06
 3.650581109083856e-06
 -6.734166542466904e-07
 -1.341503629026928e-06
 5.960968148077806e-07
 6.251902740393986e-07
 -3.402169081903035e-06
 -7.77449796145947e-06
 -6.028031088668229e-06
 3.754724860868776e-06
 1.480886176042891e-05
 1.605994209947009e-05
 2.475826189057622e-06
 -1.785883412855578e-05
 -2.790737491411935e-05
 -1.564726361846082e-05
 1.339949167377144e-05
 3.721883605135808e-05
 3.373771392326757e-05
 5.784792716194315e-07
 -3.910928051578149e-05
 -5.239684784283648e-05
 -2.357083830860955e-05
 2.95286860509778e-05
 6.568840815713767e-05
 5.208433083739122e-05
 -6.675203516764992e-06
 -6.744265336650167e-05
 -7.991333396399851e-05
 -2.793304672611511e-05
 5.295559465258568e-05
 9.923048516398876e-05
 6.908500840851433e-05
 -2.06331431156765e-05
 -0.0001023422533588761
 -0.0001084303236216397
 -2.687362209868663e-05
 8.375679317399545e-05
 0.0001359762898900405
 8.243412981587985e-05
 -4.207077603268156e-05
 -0.0001422970221204498
 -0.0001353215345925265
 -1.884912780410929e-05
 0.0001209996845849552
 0.0001731710578558863
 8.98118718126394e-05
 -7.085514159903908e-05
 -0.0001846849967470959
 -0.0001575684919041499
 -3.002267526557232e-06
 0.0001625142543030167
 0.0002072819823900589
 8.924950229720808e-05
 -0.0001056182121111341
 -0.0002257587260949433
 -0.0001720804114491923
 2.043914594582205e-05
 0.0002047444310993483
 0.000234231612870242
 7.956305357919674e-05
 -0.0001434768958673097
 -0.0002607563593621755
 -0.000176116485179094
 4.976931239822299e-05
 0.0002427112979562461
 0.0002497586198675778
 6.082499024296517e-05
 -0.0001798375435766157
 -0.0002841523564957737
 -0.0001677887902467832
 8.145745096814553e-05
 0.0002701130954511712
 0.0002498951592749545
 3.483601501769655e-05
 -0.0002083186824984015
 -0.000290049353706907
 -0.0001466136461191792
 0.0001098860613078505
 0.0002795758792427851
 0.0002315374975493152
 5.555696793231718e-06
 -0.0002208169442591105
 -0.0002726989078100692
 -0.0001140719807719115
 0.0001272082147189413
 0.0002630546895954269
 0.0001930758418071072
 -2.05476222783319e-05
 -0.0002077280540907803
 -0.0002271252564394066
 -7.41367698031877e-05
 0.0001233465674763258
 0.0002123694365683135
 0.0001350423193207257
 -3.42592074117831e-05
 -0.000158318030107689
 -0.0001498147300648356
 -3.372942329626864e-05
 8.614021957347277e-05
 0.0001198439693682707
 6.073469680551291e-05
 -2.350920251587322e-05
 -6.122038128410025e-05
 -3.942604703278165e-05
 -3.0786299278956e-06
 1.623624846238456e-06
 -2.099730971548692e-05
 -2.322025522383868e-05
 2.661340206041349e-05
 9.498593286826338e-05
 0.0001025244578489742
 4.023595329991327e-06
 -0.0001456056537001992
 -0.0002147317471441522
 -0.0001063834684037971
 0.000133762428939391
 0.0003211851857834773
 0.0002710411967471195
 -2.99597017542459e-05
 -0.0003720077038113405
 -0.0004634022276525529
 -0.0001740901051781382
 0.0003182349904845446
 0.000627211623097731
 0.0004571106416929467
 -0.000126497365836832
 -0.0006948317617636666
 -0.0007660054161218099
 -0.000207045698910166
 0.0006030195462566676
 0.0010215348857844
 0.0006472288118267496
 -0.0003113431060908027
 -0.00113214632370028
 -0.001118161628944209
 -0.0001807883157413491
 0.001014245011570537
 0.001511308252502647
 0.0008229145362601787
 -0.0006153519948434716
 -0.00170346610108615
 -0.001512011711834314
 -6.472614338124065e-05
 0.001582471082342792
 0.002103023552739711
 0.0009600131255297343
 -0.001076312491095273
 -0.002431485828880984
 -0.001936369298800849
 0.0001798226630905565
 0.002345631646925402
 0.002804185581711382
 0.001027370435804759
 -0.001742870201501262
 -0.003345884590958532
 -0.002377136019517734
 0.000603761610333857
 0.003355262818827277
 0.003626813022200496
 0.000983969475397547
 -0.002682815415840479
 -0.004491234302480756
 -0.002817964468774962
 0.001279113061067644
 0.004689645628085624
 0.00459457349268298
 0.0007724285859772691
 -0.004001043402503345
 -0.005943836875259033
 -0.003241131194388067
 0.002319051795692455
 0.006482945107348421
 0.005758172870405948
 0.0003034280725586997
 -0.005881235264491949
 -0.007850546472201073
 -0.003628561808307128
 0.003926999138016031
 0.008996543220941235
 0.007232700939554847
 -0.00058529330355891
 -0.008694828535965907
 -0.01053125530442259
 -0.003962934626126624
 0.006535216680091277
 0.01282385024874794
 0.009306400231991349
 -0.00225619701742756
 -0.01334578035143416
 -0.0148128957329929
 -0.004228779657382841
 0.01129819791781109
 0.01964960398214841
 0.01286157698742705
 -0.005798243775586006
 -0.02277431520904661
 -0.02358033559350826
 -0.004413487402532029
 0.02276963481412782
 0.03675841667772733
 0.02214628609323081
 -0.01695909914387626
 -0.05494242107443906
 -0.0577927121688496
 -0.004508147170136425
 0.0965553484706882
 0.207759640546445
 0.280271648536821
 0.280271648536821
 0.207759640546445
 0.0965553484706882
 -0.004508147170136425
 -0.0577927121688496
 -0.05494242107443906
 -0.01695909914387625
 0.02214628609323081
 0.03675841667772733
 0.02276963481412782
 -0.00441348740253203
 -0.02358033559350825
 -0.02277431520904661
 -0.005798243775586006
 0.01286157698742705
 0.01964960398214841
 0.01129819791781109
 -0.004228779657382843
 -0.0148128957329929
 -0.01334578035143416
 -0.002256197017427559
 0.009306400231991349
 0.01282385024874794
 0.006535216680091275
 -0.003962934626126624
 -0.01053125530442259
 -0.008694828535965909
 -0.0005852933035589084
 0.007232700939554849
 0.008996543220941235
 0.003926999138016033
 -0.003628561808307128
 -0.007850546472201073
 -0.005881235264491956
 0.0003034280725586988
 0.005758172870405948
 0.006482945107348421
 0.002319051795692458
 -0.003241131194388067
 -0.005943836875259032
 -0.004001043402503345
 0.0007724285859772704
 0.004594573492682981
 0.004689645628085624
 0.001279113061067644
 -0.002817964468774962
 -0.004491234302480757
 -0.002682815415840478
 0.0009839694753975472
 0.003626813022200497
 0.003355262818827278
 0.0006037616103338571
 -0.002377136019517734
 -0.003345884590958532
 -0.001742870201501263
 0.001027370435804755
 0.002804185581711382
 0.002345631646925403
 0.0001798226630905574
 -0.001936369298800848
 -0.002431485828880984
 -0.00107631249109527
 0.000960013125529736
 0.002103023552739686
 0.001582471082342805
 -6.472614338124217e-05
 -0.001512011711834317
 -0.00170346610108615
 -0.000615351994843473
 0.0008229145362601775
 0.001511308252502647
 0.001014245011570537
 -0.0001807883157413481
 -0.00111816162894421
 -0.001132146323700281
 -0.0003113431060908028
 0.0006472288118267506
 0.001021534885784401
 0.0006030195462566679
 -0.0002070456989101661
 -0.00076600541612181
 -0.000694831761763667
 -0.0001264973658368319
 0.0004571106416929467
 0.0006272116230977316
 0.0003182349904845449
 -0.0001740901051781384
 -0.0004634022276525533
 -0.0003720077038113408
 -2.995970175424581e-05
 0.0002710411967471187
 0.0003211851857834789
 0.0001337624289393913
 -0.0001063834684037979
 -0.0002147317471441556
 -0.0001456056537001949
 4.02359532998732e-06
 0.0001025244578489751
 9.498593286826331e-05
 2.66134020604131e-05
 -2.322025522383907e-05
 -2.099730971548665e-05
 1.623624846238703e-06
 -3.078629927895744e-06
 -3.942604703278236e-05
 -6.122038128410073e-05
 -2.35092025158734e-05
 6.073469680551238e-05
 0.0001198439693682711
 8.61402195734726e-05
 -3.372942329626845e-05
 -0.0001498147300648357
 -0.0001583180301076888
 -3.42592074117835e-05
 0.000135042319320726
 0.0002123694365683131
 0.0001233465674763271
 -7.413676980318765e-05
 -0.0002271252564394064
 -0.0002077280540907812
 -2.054762227833215e-05
 0.0001930758418071074
 0.0002630546895954272
 0.0001272082147189426
 -0.0001140719807719114
 -0.0002726989078100697
 -0.0002208169442591152
 5.555696793226264e-06
 0.0002315374975493205
 0.0002795758792427925
 0.000109886061307852
 -0.0001466136461191793
 -0.0002900493537069086
 -0.0002083186824984018
 3.483601501769605e-05
 0.0002498951592749548
 0.0002701130954511718
 8.14574509681451e-05
 -0.0001677887902467831
 -0.0002841523564957742
 -0.0001798375435766156
 6.082499024296527e-05
 0.000249758619867578
 0.0002427112979562462
 4.976931239822285e-05
 -0.000176116485179094
 -0.0002607563593621755
 -0.0001434768958673097
 7.956305357919681e-05
 0.0002342316128702423
 0.0002047444310993488
 2.043914594582204e-05
 -0.0001720804114491924
 -0.0002257587260949435
 -0.0001056182121111341
 8.924950229720787e-05
 0.0002072819823900594
 0.0001625142543030175
 -3.002267526556738e-06
 -0.0001575684919041504
 -0.0001846849967470952
 -7.085514159903908e-05
 8.981187181263772e-05
 0.0001731710578558862
 0.0001209996845849552
 -1.884912780410921e-05
 -0.0001353215345925263
 -0.0001422970221204499
 -4.207077603268135e-05
 8.243412981587959e-05
 0.0001359762898900405
 8.37567931739954e-05
 -2.687362209868671e-05
 -0.0001084303236216401
 -0.0001023422533588761
 -2.063314311567629e-05
 6.908500840851465e-05
 9.923048516398869e-05
 5.295559465258544e-05
 -2.793304672611515e-05
 -7.991333396399881e-05
 -6.744265336650156e-05
 -6.675203516764781e-06
 5.208433083739155e-05
 6.568840815713798e-05
 2.952868605097791e-05
 -2.357083830860907e-05
 -5.239684784283692e-05
 -3.91092805157816e-05
 5.784792716213226e-07
 3.373771392326852e-05
 3.72188360513565e-05
 1.339949167376825e-05
 -1.564726361846338e-05
 -2.790737491411903e-05
 -1.785883412855574e-05
 2.475826189058238e-06
 1.605994209947048e-05
 1.480886176042881e-05
 3.754724860868714e-06
 -6.028031088668444e-06
 -7.774497961459672e-06
 -3.402169081902959e-06
 6.251902740395089e-07
 5.960968148077641e-07
 -1.341503629026784e-06
 -6.734166542467231e-07
 3.650581109083725e-06
 7.368061854208198e-06
 5.127672633417269e-06
 -3.36705254042647e-06
 -1.166139432141351e-05
 -1.166184059486235e-05
 -1.345391683430192e-06
 1.213198708722659e-05
 1.750320879075966e-05
 8.93912944623746e-06
 -8.092640437989941e-06
 -2.027102983479088e-05
 -1.702026163360722e-05
 3.041778212598554e-07
 1.860689592762618e-05
 2.309784132228993e-05
 9.364310086831665e-06
 -1.246440410514153e-05
 -2.527404988631857e-05
 -1.852662014454012e-05
 3.027181763651338e-06
 2.270869361024132e-05
 2.494301558783548e-05
 7.679830586174815e-06
 -1.576835100607976e-05
 -2.708204275449109e-05
 -1.735350587621494e-05
 5.859381323232607e-06
 2.445317574009582e-05
 2.399140726465695e-05
 4.978453843259751e-06
 -1.765469206001167e-05
 -2.634353784203628e-05
 -1.4592216000862e-05
 8.157208392376109e-06
 2.414254519894822e-05
 2.121235199648524e-05
 2.095526268609496e-06
 -1.808294467005476e-05
 -2.381090847446664e-05
 -1.11535365668827e-05
 9.583425901465821e-06
 2.225408706125018e-05
 1.747879238982216e-05
 -4.131569051034165e-07
 -1.723892128214911e-05
 -2.022478842533428e-05
 -7.715795028501854e-06
 1.005554903584389e-05
 1.933188527506951e-05
 1.349371401530375e-05
 -2.251203359262068e-06
 -1.544147610756111e-05
 -1.622762788482243e-05
 -4.71615199665222e-06
 9.67295481010417e-06
 1.589593274644731e-05
 9.757047275182634e-06
 -3.332023178725666e-06
 -1.305466833155071e-05
 -1.231186286380412e-05
 -2.376183590961115e-06
 8.638253168068567e-06
 1.237777346768842e-05
 6.568361447187127e-06
 -3.714011334764221e-06
 -1.041709367839078e-05
 -8.802308743792901e-06
 -7.49883553042431e-07
 7.186122227533986e-06
 9.0862369194564e-06
 4.056585611962176e-06
 -3.533997435381436e-06
 -7.79527687416035e-06
 -5.86754428045711e-06
 2.185984294211989e-07
 5.529010383190741e-06
 6.201671844848021e-06
 2.225792904232787e-06
 -2.949933619301957e-06
 -5.362988354689625e-06
 -3.551743065006344e-06
 6.390447775169804e-07
 3.824590149410388e-06
 3.79300605056815e-06
 1.005825406473698e-06
 -2.100100662661402e-06
 -3.203869289089186e-06
 -1.81688881518767e-06
 6.3000924637786e-07
 2.16534328245401e-06
 1.849382427223489e-06
 2.979944411146778e-07
 -1.081925700931317e-06
 -1.331385768823112e-06
 -5.855596759030276e-07
 2.897575719268068e-07
 5.868133100571622e-07
 3.172253958521007e-07
