23.208445764146607
11.013890026713749
11.123869527960753
14.818179407999629
12.085161299652516
10.547481824728164
1.5110552142121214
10.07573675645086
15.564777790070382
37.00954803954729
44.546300544175459
51.244513139164404
32.280695857635791
63.950007894941578
31.136924286943035
54.702377669684637
19.243732224282592
50.829863733675374
64.374871070875741
17.103771626847792
31.815383213678388
20.975429064612193
44.181487095564776
16.93788361475476
40.766057703304007
11.029601951081979
37.451424859054185
7.3568946094722287
43.308553166635377
43.807951424107145
19.022557978529019
32.615880223631109
11.700501172022379
16.821860787120027
22.147234301106916
29.907645234907793
2.5388391330554434
27.676365130944053
28.709190602445389
13.50756488618247
14.700095680296631
14.150410189151511
7.5393415031363773
8.4697108422569425
15.021177770574855
14.778771967826133
5.0559076132978102
13.161783673432549
28.373447891939865
23.486687469728022
23.773273454525221
24.683499104400813
12.308321178583174
10.621862552497703
1.0811899641416671
8.0957834529381145
7.2518599600791234
6.5778906363230343
26.239046799711232
16.865608699022282
5.2937915405979208
6.0956369482049455
7.2518548978791628
11.689443844509535
18.7108283591384
9.512991919428158
6.8842110441663182
14.136666833520586
8.489705319412014
7.3229379046636023
4.3885882600078849
6.63279748444302
11.147965636158073
18.355951371035896
16.605968797999779
7.7617043030866961
3.1703866669853382
6.9535612407965592
12.742865479529097
4.1958053816343224
11.62866682766855
8.0402598677014545
7.7813165914932805
12.155634695296488
4.1957850716132503
7.8939440742927456
5.5286596699247594
4.298074572847784
9.8583319412678243
14.407354612703918
9.8869033198840572
2.3736885104468164
7.0475172498599994
16.181185033971015
11.967691892393335
6.02047477959995
10.023353116358855
13.011191144992091
2.7021540842411635
13.861691037606096
6.2026514646627158
15.416020163407271
9.1853210927519413
1.7201293909603514
7.4623698616974821
13.515580563785335
15.057720091554588
6.1448144366667252
16.373522186510357
7.7223996113070372
10.495854405778777
5.9123925896153677
11.998091535252344
8.1718810469490446
8.4027572563566437
11.936998845817584
4.4205284779608078
3.0618553666444677
14.15108385797277
2.0804738193701975
10.442322161476479
5.6557869738570057
4.4782137973372924
16.388443640765097
3.5047828206698721
4.5869402720919155
7.7323042693756916
11.215084571692282
7.1728782248730312
9.5647253848039089
9.3400217433504267
7.3984636183237384
9.6327391340268367
3.447361924208562
5.5495095672644057
10.729047152336864
6.6554600470746363
5.572771487081261
12.48013556869177
2.6249379888178925
7.5191329601880055
3.7656931419447823
8.6601851369417009
5.6578334105545212
9.8254488605421066
10.278477964689619
2.1059695413658863
10.557532572593452
6.7252848134501058
10.029925920652785
6.1017157305824865
1.0770217441231844
13.615320046558519
5.4312663943328685
6.0050517789065374
11.55045932645943
1.9015740584465077
7.7365508439094457
9.0077299823496855
8.305150821753692
7.4235132394110179
5.2070845233260448
7.0194121319025307
7.304668750846119
8.4230697222452946
11.137427206533461
4.9976364753851712
10.809471922655812
4.0451936272965741
1.4853973347584795
11.541963610075639
4.2478159170537761
6.4913310453238253
7.2929805260932925
7.5123824008231805
9.067174773367924
8.6818094495053693
1.805202223907673
17.843512311132162
4.8194635802310408
11.59766738752618
16.226351140645082
4.758548517887724
5.831535003710572
5.8957322220131516
4.9667336596247713
5.8782205632000499
5.3036946237765434
13.447257953484639
10.847828950779151
1.5469899406802163
5.3354702611398599
2.4426296407627714
10.951393279029602
13.697940965933515
2.8203851176225694
3.002373661382217
10.999137808790463
11.496768365135733
9.2908879613147306
13.558400032570445
4.7396351398969454
8.7304185688392302
4.6565988766191007
6.2031211325164142
11.817429220996445
6.0805550457807396
10.7251709657611
10.451083109160594
9.099362542048306
7.0118546854439359
8.2944835438770621
8.8600073167214664
8.9718351572108617
5.8027754521391506
4.7012214022724432
8.380461839966431
12.643608165706274
10.094338515667978
5.7818748221091294
4.6083636970291071
3.5976077712198538
3.5203668185409223
5.6018985409535222
4.3886775030982665
8.9970240696042918
5.4518498757186107
3.3315866031178336
12.021310241269454
15.424833242824429
0.82895034973622028
5.4675620016734445
8.0811285201603926
6.2954687748239495
4.1504828359508998
1.601521787400392
18.549095976927816
16.946905514259001
15.427253074442683
3.7349721041814989
7.3580358451801837
4.3913102082144615
7.4198671198865549
7.0129825991730135
0.51143031463568567
14.004284297139268
3.3752137010390761
16.961650006137987
7.4737044395979941
11.088160072624737
12.273835505671432
14.428074688205191
7.4276738587136508
13.776649197937802
18.204708746105652
4.3421565477019044
9.9355179000619955
5.9356741824541333
3.9428589848856621
20.343199201956182
9.9452213944955155
13.368811379458855
21.988332447309254
2.8472947136070728
14.313884428097349
5.0509330222775688
3.4671251561102081
16.011100369677632
7.9961794903453693
6.3454503974259202
19.588533453460531
3.0284080809724792
10.608188674012
15.497515520022615
7.5520730060868164
8.0287100933625961
2.6056331792426541
5.6983906492780578
16.625336472335064
13.835653073324048
6.8342584874229582
14.655573271577051
6.0916034701866
5.2141409658820317
3.6013861343136004
8.344204019479653
8.8649081719258831
11.071779375743148
11.520820863565616
4.8474013935481537
19.359145564522166
4.3565288978974834
8.9506317326821794
4.6454939987750494
5.3753110022776642
2.6730991835886928
11.658915110496306
2.2268070617093727
7.0362884231119409
1.4551194971817492
11.335125270527831
6.7636405447763508
6.3937413250316721
5.2552041906369631
3.8504569851413462
8.0529058025931235
3.9177421747061176
3.9177421747076164
8.0529058025929849
3.8504569851414314
5.2552041906382057
6.3937413250312787
6.7636405447746046
11.335125270528538
1.4551194971802
7.0362884231111851
2.2268070617094717
11.658915110495714
2.6730991835896334
5.3753110022778507
4.645493998773035
8.95063173268308
4.3565288978953438
19.359145564523544
4.8474013935462157
11.52082086356671
11.071779375744585
8.8649081719260501
8.3442040194797507
3.6013861343150704
5.2141409658812625
6.0916034701863087
14.655573271578101
6.8342584874232299
13.835653073322337
16.625336472335881
5.6983906492779042
2.60563317924366
8.0287100933633742
7.552073006085565
15.497515520022011
10.608188674012084
3.0284080809716292
19.588533453460343
6.3454503974279524
7.9961794903436489
16.011100369679053
3.4671251561082781
5.0509330222773299
14.313884428098172
2.8472947136075439
21.988332447308451
13.368811379459149
9.9452213944946699
20.343199201957965
3.9428589848845181
5.9356741824554069
9.9355179000634593
4.3421565477033894
18.204708746103822
13.776649197941166
7.4276738587107305
14.428074688203663
12.273835505672364
11.088160072626117
7.4737044395976229
16.961650006137244
3.3752137010400456
14.004284297138799
0.51143031463649569
7.0129825991733119
7.4198671198888313
4.3913102082142359
7.358035845181627
3.7349721041823565
15.427253074441158
16.946905514257914
18.549095976927241
1.6015217873989751
4.1504828359509336
6.2954687748222247
8.0811285201608918
5.4675620016745956
0.82895034973592363
15.424833242825022
12.021310241268235
3.3315866031186534
5.4518498757194447
8.997024069604997
4.3886775030974752
5.6018985409539557
3.5203668185411727
3.5976077712195358
4.6083636970307902
5.7818748221098417
10.094338515666838
12.643608165708221
8.3804618399652675
4.7012214022732959
5.8027754521380022
8.9718351572102826
8.8600073167211821
8.2944835438777726
7.0118546854417012
9.0993625420488708
10.451083109161363
10.725170965760659
6.0805550457811881
11.817429220997244
6.2031211325157409
4.6565988766194684
8.730418568839541
4.7396351398967385
13.558400032569127
9.290887961312567
11.496768365136505
10.999137808793101
3.002373661381188
2.8203851176218935
13.697940965934292
10.951393279028821
2.4426296407622128
5.3354702611402294
1.5469899406781413
10.847828950780537
13.447257953486563
5.3036946237773899
5.8782205632004088
4.9667336596222169
5.8957322220125645
5.8315350037104441
4.758548517888066
16.226351140645576
11.597667387523822
4.8194635802298835
17.843512311133683
1.805202223908658
8.6818094495068596
9.0671747733682135
7.5123824008252784
7.2929805260931131
6.4913310453237365
4.2478159170544592
11.541963610078547
1.4853973347586746
4.0451936272968485
10.80947192265468
4.9976364753868419
11.137427206533093
8.4230697222431505
7.3046687508473829
7.0194121319041489
5.2070845233255723
7.4235132394096661
8.3051508217550012
9.0077299823503125
7.7365508439094048
1.9015740584454133
11.550459326458988
6.0050517789039235
5.43126639433296
13.615320046557793
1.0770217441237251
6.1017157305806693
10.029925920652399
6.7252848134504504
10.557532572594548
2.105969541365694
10.278477964687745
9.8254488605426022
5.6578334105549013
8.6601851369427685
3.7656931419417008
7.5191329601903618
2.6249379888152622
12.480135568691855
5.5727714870827105
6.6554600470726255
10.729047152334376
5.5495095672639438
3.4473619242070979
9.6327391340274122
7.3984636183218537
9.3400217433526276
9.5647253848051896
7.1728782248713534
11.215084571690666
7.7323042693757369
4.5869402720893282
3.5047828206702301
16.388443640766386
4.4782137973372915
5.6557869738566442
10.442322161476604
2.0804738193703947
14.151083857973381
3.0618553666443566
4.420528477963221
11.936998845819852
8.40275725635634
8.1718810469497374
11.998091535251035
5.9123925896126552
10.495854405773374
7.7223996113055628
16.37352218651257
6.1448144366671773
15.057720091557256
13.515580563786154
7.4623698616957403
1.720129390959654
9.1853210927515399
15.416020163407349
6.2026514646616357
13.861691037606263
2.7021540842413652
13.011191144990367
10.023353116357606
6.0204747795993807
11.967691892393765
16.181185033971875
7.0475172498608138
2.3736885104469798
9.8869033198828475
14.407354612705017
9.8583319412678225
4.2980745728487513
5.5286596699261867
7.8939440742929889
4.1957850716122174
12.155634695296957
7.7813165914914952
8.0402598677040569
11.628666827668217
4.1958053816334857
12.742865479530291
6.9535612407999849
3.1703866669866407
7.7617043030883863
16.605968798002213
18.355951371034656
11.147965636156
6.6327974844401192
4.3885882600128765
7.3229379046651628
8.4897053194094045
14.136666833520328
6.8842110441668085
9.5129919194287194
18.710828359138869
11.689443844509368
7.251854897879098
6.0956369482026549
5.2937915405982938
16.865608699023657
26.239046799711101
6.5778906363243586
7.2518599600803384
8.0957834529377042
1.0811899641426557
10.621862552498035
12.30832117858208
24.683499104399324
23.773273454526027
23.486687469724348
28.373447891940543
13.161783673434567
5.0559076133010379
14.778771967823937
15.021177770576319
8.469710842257097
7.5393415031342634
14.15041018915252
14.700095680296084
13.507564886181367
28.709190602444146
27.676365130948504
2.5388391330542186
29.907645234906941
22.147234301109748
16.821860787119856
11.700501172023451
32.615880223632466
19.022557978529441
43.80795142410674
43.308553166634788
7.3568946094714311
37.451424859054761
11.029601951080497
40.766057703306373
16.937883614754348
44.181487095566617
20.975429064615778
31.815383213678
17.103771626847443
64.374871070877191
50.82986373367725
19.243732224282475
54.702377669685198
31.136924286941731
63.950007894941528
32.280695857638769
51.244513139164596
44.546300544174159
37.009548039548108
15.564777790068751
10.075736756448887
1.5110552142157903
10.547481824727472
12.085161299652043
14.818179408001315
11.123869527960187
11.013890026715725
