3.1415926535897931
-0.16408876552864968
-1.0937921988268091
-1.2598430465157586
-0.67698443813495612
0.40480674406884459
-3.0460092970602521
-1.1919422837144535
1.5075326632732293
-0.099090988390774709
-2.1702114889260606
-1.7441700193700489
1.3395140990226868
0.69294377173646937
0.05375768114955725
1.6212020783969472
2.5610180523595369
-1.3978322291363563
-2.4102360038432886
1.1736521878654982
2.2899295937124156
-1.9087253597586717
-2.7873039039745198
1.3406505214854694
-2.4254642948821061
-0.93732497621726341
-0.32869331700286986
0.11596035687478776
-0.40829511748642883
-0.28925202851421888
2.8186424629147653
1.2495713338779368
2.6081569807134066
3.0711998111817729
-0.9034205994907536
-1.2480688972922662
2.6995190698527476
-0.12739789729866147
-0.11387368282490273
-2.8947908055011271
3.080545916183262
-0.17494426208828326
-1.0178982713586795
0.848915855133209
2.7354786134978637
-0.25199881545479064
-2.6990036789249285
2.3600061837504698
0.40318883842415493
-1.9896439116507376
2.5194614138390734
-0.60139725936258492
-2.8433784985350359
-1.1288267174566562
-1.3846831269087616
-2.5317283155578343
-0.06511086486329605
-1.9154729305996914
0.30049703448443232
1.0196105901603549
3.1354271113450558
1.655230574321402
1.5879894004186053
-2.0851241447221125
-0.69593099059743768
-1.7875484021721169
-0.39977463955196535
1.7163258998515531
-1.1220581266195981
1.6077815858810474
2.5781755335527778
0.47827600620439681
-2.687950223196359
1.6095241881899722
-0.68923617327975539
1.8377385424167707
-2.4050765641467193
2.7841271140029797
-0.51896879191945666
-2.7068609044460472
-0.75032583240804396
-0.54159342133259691
0.078038511755032652
-2.5496368073729574
-0.043927970071079202
-0.92021551560513315
-2.0651442718478652
0.7728067042865342
2.0232542169820995
-0.47540213047449642
1.2463439874788571
2.149391472231208
0.41453315208491509
3.0186868919383656
-2.3172287396677591
2.0428568687879367
-2.9187112705781897
0.26049268075555798
-2.0467908238805794
1.9930202143000708
-1.0385423831133196
2.1816208434978361
-1.6651923124136716
-0.2840762022386113
-0.23746395110887514
0.72712201012209488
-2.0515047353275189
1.8791869339173106
-0.38169616301034109
1.0699924295367707
-1.9150810326953851
2.3724470353891394
-2.7922609155973515
1.3469708102254034
-0.8119983426722599
-0.93234582555052048
-2.4943878296504471
0.98385361765513257
1.5674201656056244
-0.37305781519842401
-2.3551780755580349
2.8092629926791344
-2.6828997899457692
0.2717844006402132
-1.6462904127394391
1.4969200861949026
-2.4211484345768017
-0.020092418991664373
2.9575341850418235
0.0733769939184723
-0.84327295636217958
2.6763492614437405
1.1618674235132815
1.2312200886826909
2.7877293043708522
-2.755277785481677
-1.119103845073858
-3.0735915738435993
-1.3919248955934778
-2.381680538326139
-0.34628251857612496
-2.8003573050211621
-1.6758153890446434
-0.25926111547390041
-0.7731527143619068
-0.68762833101035525
-0.27152697336103815
1.8121986929551273
0.6586405746206494
2.0048753317889174
1.6266972231905859
1.0560145870278854
-2.4737869828016317
1.8129101379117654
2.2520335531532534
-1.9153231804953672
-2.0056058268647927
2.7221859902361536
-0.64649649714287138
2.0231401565413085
-2.2292680746088078
-2.5093084015018601
-2.9322499575722634
-2.3821424892436549
-1.4972783447431901
-0.1372757974490281
-1.8924441990944487
0.21081696504919964
-0.71304708522021709
-0.10125580847906435
-0.42223927776156062
0.35631984865166144
0.026044020965196927
1.5321970147184976
0.95026577938551104
1.3032956955040864
2.5831569494650126
0.86514303970633755
0.92418357155383934
2.1003699456250082
3.0968949549836275
1.8490283752594416
3.0680889276636476
-1.5719466634749255
-2.8221626052163722
-2.6343732039520882
-1.678920650909719
3.1241597220340189
-3.0593064620612971
-1.4378797898591908
-1.19521905355618
-0.94916963148069344
-0.82407628187719528
1.2250080976883027
0.15435801466993904
-1.0396561668255961
-0.12855730133820378
0.45990514475898736
0.51262909148357738
1.9637718850946413
1.1938653628552194
1.8280303637489552
1.0192891619998894
1.461055615147165
3.13920095998848
2.0798658002665422
-2.7969156113982994
3.0007533804818141
-1.3119116538469371
-2.024410196959737
1.5996402518668591
-2.3908071586901887
-1.8585427048631211
-0.14113480720422483
-1.5528491539609903
0.91962999974222215
-2.3000030969786254
-0.6369414645615975
-2.2462279298134606
0.23641867243430623
0.70965220598422629
-1.4568605389728666
-3.105913509460875
-0.20405170464330913
1.4852068866638075
1.7361939077406425
0.42854585527160477
1.2434235803239144
2.9545798453569301
-0.49198915267613003
2.6803479360638316
2.2394552344085397
-2.6617383334125986
0.54440070194482382
2.7132501885892752
1.411815597589051
-1.9958924172040042
-1.745453542347402
-2.7961209504877313
2.0307123985379989
-1.766491280721612
-2.13360142988846
-1.7526439848326774
-2.0002891411826704
-2.0567622547932412
-0.30686405698947744
0.58050437967293145
-0.62893493667431577
1.2750710525338917
1.0030808528742154
-1.2332010211100612
-0.03198626214747128
0.3195153193485098
2.2661635116737608
0.21257869206530233
2.2653247936306795
1.7384257767804061
1.1679359287832418
2.5211475941398089
-2.9577795234859119
2.9314051983890401
2.8359610114087697
-3.0129851027454708
-3.1040128353186711
-1.045775841579164
-2.4830821182194569
-1.5922328988458445
-2.5232594343076982
-0.85738565480385021
-0.90510294038692385
0.85525517704566778
0.38576952838164819
-1.0650012521861782
2.5116573946549816
-0.19435617292322993
0.60552727291823349
1.0959600835938703
1.6417502400627624
0.60095468826831211
2.5487078067103539
1.0419388342068323
2.059330167795157
-1.7820451584779156
-2.8024684300406242
2.7503174175607064
2.8065969082597007
-3.0632884592134295
-1.8646316604244149
2.4826959645659858
-1.0890238630719435
0.36573568465913536
-1.5022584557883363
-1.2887797517578914
-0.48874762597998972
1.0284170912063217
0.26618079056518229
-2.2823780331652519
0.54882779606008525
1.0285319192454445
-0.76185956683766498
2.0457332327749724
0.82476994363405298
2.2748736104578335
2.3582126648678803
1.7362467654228391
2.1021471175660307
-2.9847328462973026
2.9847328462970792
-2.1021471175657789
-1.736246765423165
-2.3582126648676978
-2.2748736104580924
-0.82476994363392386
-2.0457332327747335
0.76185956683757805
-1.028531919245395
-0.54882779605974574
2.2823780331652115
-0.26618079056511451
-1.0284170912058022
0.48874762597981825
1.288779751758149
1.5022584557883454
-0.36573568465947021
1.0890238630722857
-2.4826959645662647
1.8646316604245148
3.0632884592133904
-2.8065969082594902
-2.7503174175607619
2.8024684300404346
1.7820451584779224
-2.0593301677948723
-1.0419388342063081
-2.5487078067098201
-0.6009546882683191
-1.6417502400625117
-1.0959600835935286
-0.60552727291826691
0.19435617292352614
-2.5116573946544687
1.0650012521860615
-0.38576952838175832
-0.8552551770454867
0.90510294038708072
0.85738565480414375
2.5232594343077421
1.5922328988460315
2.4830821182196985
1.0457758415790546
3.1040128353188328
3.0129851027453589
-2.8359610114085783
-2.9314051983891662
2.9577795234856996
-2.5211475941395745
-1.167935928782813
-1.7384257767801312
-2.2653247936307164
-0.21257869206498245
-2.266163511673823
-0.31951531934810545
0.031986262147524883
1.2332010211099862
-1.0030808528740418
-1.2750710525336366
0.62893493667434308
-0.58050437967303414
0.30686405698975178
2.0567622547932229
2.0002891411826829
1.752643984833177
2.1336014298884067
1.7664912807214912
-2.0307123985382574
2.7961209504879325
1.7454535423473454
1.9958924172036303
-1.4118155975888038
-2.7132501885891309
-0.54440070194457812
2.6617383334129903
-2.2394552344085845
-2.680347936063626
0.49198915267625987
-2.9545798453567911
-1.2434235803238942
-0.42854585527161382
-1.7361939077414175
-1.4852068866653885
0.20405170464306804
3.1059135094607253
1.4568605389729758
-0.70965220598404721
-0.23641867243418674
2.2462279298126169
0.63694146456150091
2.3000030969784744
-0.91962999974399728
1.5528491539609983
0.14113480720456728
1.8585427048637364
2.3908071586904924
-1.5996402518670396
2.0244101969597184
1.3119116538469275
-3.000753380481564
2.7969156113982794
-2.079865800266433
-3.1392009599886186
-1.4610556151467624
-1.0192891619997415
-1.8280303637488973
-1.1938653628550833
-1.9637718850944075
-0.51262909148336278
-0.45990514475866739
0.1285573013381974
1.0396561668256175
-0.15435801466981044
-1.2250080976880953
0.82407628187732462
0.94916963148102751
1.1952190535561982
1.4378797898590827
3.059306462062334
-3.1241597220341717
1.6789206509097325
2.6343732039524879
2.8221626052164397
1.5719466634748485
-3.0680889276634096
-1.8490283752592527
-3.0968949549836537
-2.1003699456248053
-0.92418357155381081
-0.86514303970625306
-2.5831569494647715
-1.303295695504153
-0.95026577938480072
-1.5321970147180162
-0.026044020965132884
-0.3563198486512949
0.42223927776173786
0.10125580847894
0.71304708522028437
-0.21081696504916897
1.892444199094597
0.13727579744961596
1.4972783447433631
2.3821424892437832
2.9322499575724073
2.509308401502008
2.2292680746087621
-2.0231401565412304
0.6464964971431808
-2.7221859902360803
2.0056058268649855
1.9153231804942887
-2.2520335531531606
-1.8129101379107686
2.4737869828018018
-1.056014587027821
-1.6266972231905805
-2.0048753317887034
-0.65864057462122416
-1.8121986929550893
0.27152697336119619
0.68762833101051568
0.77315271436190014
0.2592611154741305
1.6758153890447613
2.8003573050214206
0.34628251857636722
2.3816805383260813
1.3919248955939336
3.0735915738435247
1.1191038450742563
2.7552777854818835
-2.7877293043709725
-1.2312200886825702
-1.1618674235133262
-2.6763492614436335
0.84327295636361577
-0.0733769939184373
-2.9575341850417178
0.020092418991535899
2.4211484345767849
-1.496920086194919
1.6462904127396905
-0.27178440064014009
2.6828997899456173
-2.8092629926789763
2.3551780755577845
0.37305781519847964
-1.5674201656055826
-0.98385361765426294
2.4943878296501336
0.93234582555055956
0.81199834267220461
-1.3469708102258469
2.7922609155973328
-2.3724470353889249
1.9150810326950873
-1.0699924295367329
0.38169616301066633
-1.8791869339173983
2.051504735327478
-0.72712201012166533
0.2374639511090314
0.2840762022386617
1.6651923124137054
-2.1816208434972508
1.0385423831133589
-1.9930202142999707
2.0467908238806305
-0.26049268075549104
2.9187112705782976
-2.0428568687874367
2.3172287396681162
-3.0186868919382372
-0.41453315208484631
-2.1493914722306848
-1.2463439874788942
0.47540213047614766
-2.0232542169819006
-0.7728067042864929
2.065144271849348
0.92021551560545645
0.043927970071124145
2.5496368073730307
-0.078038511754755208
0.54159342133246136
0.75032583240797646
2.7068609044461844
0.51896879191935918
-2.7841271140028834
2.4050765641468779
-1.837738542416729
0.68923617327980835
-1.6095241881897868
2.6879502231963373
-0.47827600620411592
-2.5781755335528782
-1.6077815858808995
1.1220581266195571
-1.7163258998515163
0.39977463955230275
1.7875484021721744
0.69593099059708474
2.0851241447220321
-1.5879894004185939
-1.6552305743212479
-3.1354271113446965
-1.0196105901602699
-0.30049703448437698
1.9154729305996254
0.065110864863449205
2.5317283155580066
1.3846831269088145
1.1288267174564415
2.84337849853515
0.60139725936261179
-2.519461413838898
1.9896439116509654
-0.40318883842416386
-2.3600061837505204
2.6990036789250045
0.25199881545479108
-2.7354786134977642
-0.8489158551331204
1.017898271358731
0.17494426208835304
-3.0805459161831976
2.8947908055011982
0.11387368282493468
0.12739789729794923
-2.6995190698525695
1.248068897289196
0.90342059949080467
-3.0711998111816179
-2.6081569807132148
-1.2495713338778638
-2.818642462914724
0.28925202851425497
0.40829511748653147
-0.11596035687478132
0.32869331700294008
0.93732497621757038
2.4254642948822247
-1.3406505214853965
2.7873039039745637
1.9087253597588132
-2.2899295937122113
-1.1736521878655013
2.4102360038433637
1.3978322291363454
-2.561018052359004
-1.6212020783967982
-0.053757681149590654
-0.69294377173623534
-1.3395140990226764
1.7441700193702552
2.1702114889261059
0.099090988390945281
-1.5075326632730328
1.1919422837146301
3.0460092970603121
-0.40480674406875145
0.67698443813505282
1.2598430465159522
1.0937921988272603
0.16408876552873694
