0
-3.1415926535897931
2.6675803036654408e-17
-3.1415926535897927
3.8730099260158237e-17
-3.1415926535897927
1.3316251120143455e-15
-3.1415926535897922
8.9175974383646851e-17
-3.1415926535897913
1.0171287103729853e-15
3.1415926535897913
2.6103056036549728e-15
-3.1415926535897918
1.8800992497433343e-15
-3.1415926535897927
2.0897904918145287e-16
-3.1415926535897913
3.6876423012532954e-15
-3.1415926535897913
1.8785940763211476e-15
-3.14159265358979
-4.1179644129774478e-15
-3.1415926535897918
4.095560070932364e-15
-3.1415926535897905
3.2210250447403144e-15
3.1415926535897922
3.4786739061636391e-15
-3.1415926535897909
6.7729119289094447e-16
-3.14159265358979
1.1427615417566252e-15
-3.1415926535897887
4.4314019874203923e-15
-3.1415926535897856
6.2170735699340844e-15
-3.1415926535897842
2.6180356657557968e-15
-3.1415926535897918
8.639387921676782e-15
-3.1415926535897887
7.5460203511286361e-15
-3.1415926535897891
-1.1137080192114028e-14
-3.1415926535897882
3.6675520938600911e-15
-3.1415926535897847
5.1347990365063645e-15
-3.1415926535897913
6.1746237619177842e-15
-3.1415926535897931
6.0824186615656035e-15
-3.1415926535897807
-6.5046234943093477e-16
-3.1415926535897833
5.2478058865412499e-15
-3.1415926535897878
5.0544436257562134e-15
-3.1415926535897842
4.213925575579686e-15
-3.1415926535897882
8.8477240884415668e-15
-3.1415926535897847
2.3755871476475147e-16
-3.1415926535897758
1.370339434312828e-14
-3.1415926535897913
3.7245237262250286e-15
-3.1415926535897869
8.1723946440926303e-15
-3.1415926535897838
1.0204524610760697e-14
-3.1415926535897882
1.7487644894336989e-14
-3.1415926535897931
-2.0357762890995819e-15
-3.1415926535897913
7.367105477206369e-15
-3.1415926535897767
1.5876424150378725e-14
3.1415926535897913
4.9596241756364687e-15
-3.1415926535897842
1.6618210535002067e-14
-3.1415926535897718
9.425892383325071e-15
-3.1415926535897749
-1.3382616115935482e-14
-3.1415926535897656
-2.5458099643825383e-15
-3.1415926535897856
-6.1740029061307176e-14
3.1415926535893952
3.1415926535664358
-3.1415926532155209
-3.1415926523838587
-3.1415926498798834
-3.1415926447468294
-3.1415925995102287
3.1415926217438872
-3.1415926442554505
-3.1415926252873829
3.1415926305080473
3.1415926454836702
-3.1415926533257887
3.1415926462620098
3.1415926509598275
-3.1415926419681592
-3.1415926257639777
3.1415926524582396
-3.1415926385548913
3.1415926435665793
-3.1415926366583133
-3.1415926434187256
3.1415926527428746
-3.141592644159342
3.1415926526918718
3.1415926398700988
-3.1415926185971332
3.1415926497805784
-3.1415926382720065
-3.141592651055567
3.1415926396593936
3.1415926235077642
-3.1415926527470677
3.1415926498089033
3.1415926265806124
-3.1415925983132942
-3.1415926307056208
3.1415926238760092
-3.1415926420162523
3.1415926401287235
3.1415926473599503
-3.1415926205770757
-3.1415926174969928
-3.1415925818267003
3.1415926081557797
3.1415926464305586
3.1415926461811203
-3.1415925897858856
-3.1415926532782055
3.1415926528571814
-3.1415926500555584
-3.1415926204016649
-3.1415926280362481
-3.1415926511180197
-3.1415925584418507
3.1415925669145257
3.1415926257540949
-3.1415925981402029
3.1415926355210821
-3.1415925643267806
3.1415926468742379
-3.1415925628990458
3.1415926078582608
3.1415926345907623
-3.141592611341804
3.141592531470379
-3.1415926192033692
3.1415925487648799
-3.141592499726146
-3.1415925483897507
3.1415926030378709
-3.1415926335641653
-3.141592607280443
3.1415926340745894
3.1415926260055671
3.1415925329505865
-3.1415925165728633
3.1415925212580103
3.1415925929705062
3.1415925423349749
3.1415926440837376
3.1415925856919578
3.1415923790283173
-3.1415926482083871
3.1415926145603459
-3.1415926520804467
-3.1415926408010937
-3.1415925306457964
3.1415926285223157
-3.1415926437476323
-3.1415926483587153
-3.1415925564584146
-3.141592644652321
3.1415926534660654
3.1415925244084177
-3.1415926066979636
-3.1415924310982968
-3.1415925992685847
3.1415925053351428
-3.1415925950178805
3.1415926391157543
3.1415925156592777
3.1415925109839633
-3.1415925999421801
3.1415926378016277
3.1415923325577819
3.1415924487263283
3.1415924684587799
3.1415926435190848
-3.141592438206251
3.1415925200785129
3.1415925322389167
3.1415926246134722
-3.1415925281562074
3.141592419307794
3.1415926456403462
-3.1415925542060523
-3.1415926534437912
3.1415924000929132
3.1415925694867277
-3.1415925509492468
-3.1415924501936998
3.1415925919030694
-3.1415925906200419
3.1415924815709428
3.1415925504955573
3.1415925837872356
-3.141592614692541
-3.1415926081217447
3.1415924245402076
-3.1415925851944877
3.1415926062042701
-3.1415926084849009
-3.1415925974995709
3.1415925309819874
-3.1415926180567464
-3.141592631921867
-3.1415926518565174
-3.1415926498812943
-3.1415924039588146
-3.1415925620215206
3.1415926376258225
3.1415925748165625
-3.1415925079171476
-3.1415924851624575
3.1415925431471172
-3.1415925466310615
3.141592451163572
-3.1415926173632878
-3.1415925175598258
-3.1415926072467171
-3.141592651378196
-3.1415925166427896
3.1415926364669016
3.1415924695810711
3.1415925452749032
-3.1415925415349308
-3.1415926527779447
3.1415926058382317
3.1415924256487231
3.1415924232320873
3.1415926401583625
3.1415925684972925
3.1415925199049339
3.1415925869054684
3.1415925994927267
-3.1415924904997885
-3.141592439157876
-3.141592532950729
-3.1415925341922635
-3.1415924202867327
3.1415925577180404
3.1415926302227404
3.141592576145801
3.1415926244420285
-3.1415925849936737
3.1415925140360277
3.1415923920083939
3.1415924311234718
-3.1415925565168461
3.141592644821825
-3.1415925203889805
-3.1415925869433958
3.1415925496172714
3.1415924524759471
-3.1415926466352122
-3.1415926421364255
-3.1415924823653238
-3.1415926506948111
3.1415926179349696
3.141592587529908
-3.1415924804944129
-3.1415925160677136
3.1415924465572904
-3.1415925969430938
-3.1415924604448402
-3.1415926467936925
-3.141592580501924
-3.1415925574736776
3.1415926497512765
-3.1415926184795491
-3.141592576253875
3.1415926147463997
3.1415926389248132
3.1415925914222922
-3.1415926203438436
3.1415925912995104
-3.141592584135636
-3.1415925941661644
3.1415926463824575
3.1415926297300714
3.1415926244631445
3.1415926240221821
-3.1415926525036553
3.1415926527204063
3.1415926404035139
3.1415926223829587
-3.1415926215993486
3.1415926293444234
-3.1415926043090181
-3.1415925605499053
-3.1415924167808278
3.1415925690845516
-3.1415926058950414
3.1415926380291554
-3.1415926090112305
3.1415926161622352
-3.1415924765960268
-3.1415926330451995
-3.1415921535526312
3.1415925512065219
3.1415925380644949
-3.141592164897423
3.1415926331362831
3.1415926141782555
3.1415926438489192
3.1415926301238981
3.1415924326210019
-3.1415924908505199
-3.1415925374574249
-3.1415923220350552
-3.1415925652475596
-3.1415924814342384
-3.1415926338354838
3.14159229916672
-3.1415925000230502
-3.1415924753835234
-3.1415924576942267
3.1415924964354525
-3.1415926350437142
-3.1415924464227958
-3.1415923247028275
3.1415924617588251
3.1415924344933472
-3.1415924993692195
-3.1415924451748536
3.1415924411392528
3.1415923953965281
3.1415926022069232
3.1415926518299542
3.1415926520071573
3.1415926153007931
-3.1415926492412183
3.1415924619141298
3.1415923088940998
3.141592532456015
3.1415926197331068
3.1415925613461511
-3.1415925998277401
-3.1415925487018632
-3.1415926476162794
-3.1415925659638289
-3.1415925714636095
-3.1415924600326282
3.1415925891977143
3.1415923736996798
-3.1415923070971603
-3.1415924909450008
3.1415924200872252
-3.1415926418811391
-3.1415926303385957
3.1415925479049416
3.1415925204711082
3.1415925561707452
-3.1415922575025039
-3.1415924744867718
-3.1415925899206609
3.1415925175757704
-3.1415925258669857
3.1415924839800273
-3.1415924954375649
-3.1415925076452917
-3.1415923843493143
-3.141592650884697
3.1415925890179244
-3.1415921907567967
-3.1415920659889314
3.1415921799975677
-3.1415925640065754
-3.1415925028326988
3.1415923717338274
-3.1415925768548076
3.1415925712183177
-3.1415919658068114
3.1415925106749141
3.1415921609374005
3.141592528367644
-3.1415922301410282
3.1415923966216526
-3.1415925006050478
-3.1415925074266919
3.1415922157117562
3.1415925057948741
3.1415924273011662
3.1415924400822899
-3.1415924080307613
3.1415926502857165
3.1415926048899787
-3.1415922369202267
3.1415924240927318
-3.1415923043299809
3.1415922189141927
3.1415922361381448
-3.1415926348685437
3.1415923800406165
-3.1415922123485673
-3.1415926058786123
3.1415926393029139
-3.1415926166477153
3.1415923229254319
3.1415920852063151
-3.1415923026585966
3.1415925913607232
-3.1415923857560601
-3.1415926228437123
3.1415923218858959
-3.1415924018837846
3.1415923620321653
3.1415925860810296
3.1415926511491334
-3.1415924615125466
3.1415924313656229
3.1415926185794536
-3.1415924234114363
-3.1415923570968847
-3.1415925632714461
3.141592433130163
-3.141592648891486
3.1415925962094318
3.1415924888287288
-3.1415924219344813
-3.1415924463563996
-3.1415926210098428
3.1415925764933208
3.1415923902405742
3.1415925721566866
3.1415924236666983
3.1415926013601845
-3.1415926464899804
-3.1415926531002496
3.1415926467175406
3.1415924659602861
-3.1415924559541617
3.1415926252361244
3.141592651433029
-3.141592626181235
3.1415926517419153
3.1415926491267587
-3.1415926467256212
3.141592648015719
3.1415926087143209
3.1415925682842829
-3.1415925655284558
3.1415925301090528
-3.1415925586339015
-3.1415926387133615
3.1415926447713818
3.1415925189881326
3.1415926139331258
-3.1415925417162209
3.1415925474472068
-3.1415924929388126
-3.1415925990187588
-3.1415925272559591
3.1415926526960907
-3.1415925086799752
3.1415926405571937
-3.141592595636721
-3.1415924339729497
-3.1415926372910543
3.1415926530738632
-3.1415925935115001
-3.1415925029632228
3.1415926195204786
-3.1415926034999333
3.1415926535268026
-3.1415926021185085
3.1415926320925993
-3.1415924927030279
3.141592587201715
-3.1415926047737806
3.1415926289495522
-3.1415925941769083
-3.1415925444620423
3.1415925682650725
-3.14159256762172
3.141592540414476
-3.1415926265298655
3.1415925673200062
3.1415926410444261
3.1415925178186441
-3.1415926444532647
-3.141592579438679
3.1415926101964917
-3.1415926189228633
3.1415925963665159
-3.1415926425514873
3.1415925441928172
3.1415926156673617
3.1415924759913425
-3.1415926181209151
3.1415924703019638
-3.1415926211418634
-3.1415926328235435
3.1415926505267175
3.1415926522569788
3.141592653295
-3.1415926535672076
7.2182445879836393e-14
-3.1415926535894694
3.2285096868694506e-14
-3.1415926535895764
1.0192864413512194e-13
-3.1415926535897354
7.8234774944392466e-14
-3.141592653589703
1.318753254244894e-13
-3.1415926535896723
-4.7167335865175747e-14
-3.1415926535897341
1.118614226289035e-14
-3.1415926535897922
4.9406194272904934e-15
-3.1415926535897811
4.1284239281942979e-14
-3.1415926535896701
2.2414824623607412e-14
-3.1415926535897194
4.0097928477866038e-14
-3.1415926535897096
5.8470756720311927e-14
-3.1415926535897651
7.6341317207608187e-14
3.1415926535897172
9.085171151852962e-14
-3.1415926535897665
7.6600372925036844e-14
-3.1415926535897678
9.4332816992668836e-14
-3.1415926535897412
1.294028142883077e-13
-3.1415926535897079
7.3432890658548145e-14
-3.1415926535897123
1.1504563994188183e-13
-3.1415926535897412
1.1129892156573441e-13
-3.1415926535897247
8.9520078084875544e-14
-3.1415926535897531
5.5833451850576218e-14
-3.1415926535897367
6.0019915341238422e-14
-3.1415926535897691
2.062419769960588e-13
-3.141592653589711
1.5861303479931824e-13
-3.1415926535897136
1.7364575320501843e-14
-3.1415926535896888
2.6325107486644781e-14
-3.1415926535897296
5.5521111074611249e-14
-3.1415926535896941
3.0649586606228113e-14
-3.141592653589691
-1.2317805310189452e-14
-3.1415926535897358
3.2968029832459107e-15
-3.1415926535896959
1.0545796520448412e-13
-3.1415926535897496
-1.6899846989443721e-14
-3.1415926535897389
1.611005640984091e-14
-3.1415926535897065
1.1624315557002729e-14
-3.1415926535895671
7.9218050807877858e-15
-3.1415926535896666
8.86846211127554e-14
-3.1415926535896168
9.4980058211838832e-14
-3.1415926535897394
1.0512611653469989e-13
3.1415926535897847
1.1704521162573071e-13
-3.1415926535897918
5.9693433916905251e-14
-3.1415926535897873
4.4177281478747066e-14
-3.1415926535896936
4.6583986919528637e-14
3.1415926535897856
1.9447015523210995e-13
-3.1415926535897221
7.0760720108606358e-14
3.141592653589719
1.6860489505975018e-13
-3.1415926535897811
