0
2.807370141627517
-2.8951213431674718
-1.3326077354125767
1.7143817294282067
-0.42363584562546064
1.3622393133652622
3.1225422752083056
0.37134107216970008
0.2017012493383801
-2.3110340119653747
-2.9696364812731573
1.1766694051156761
-2.458367070981005
1.1719172986716038
2.3025222156233873
-2.9388787767475026
0.96830086086538902
-1.9918638388510581
2.0993708870145222
0.54445081462370415
-2.0227102872060221
-2.5302934292504098
1.3004650869635799
-2.4571276919683478
-0.41126327507911559
-0.6938579126662292
2.5046474031057899
0.50820074421246375
-0.4042489879318007
-3.0973880286230786
0.64806092037940954
0.81337443475008353
-0.84764298954273898
0.58392230267635858
2.4048041801742448
1.4777255414151411
2.9246395127388696
0.15710398725110686
2.3118631271766885
3.0661904498590866
-0.24256391819167
-1.9159349051934194
1.9774608750434619
3.0189563801872268
-1.238897541019423
-2.0890740468605009
-3.1323299283722985
-0.3001811868704789
-1.3840958127838974
-1.5442035446890507
-0.054365207820503733
-1.0690752549905713
-1.295615316569074
-0.025848209956638096
1.9337862806031851
0.46952289220730026
0.19845983109584411
1.4944649160293897
3.0809860451667395
0.69205812437777281
1.2989877065328508
2.3397776411098912
1.8184546302531768
1.5923057632342021
2.274262541812818
-2.5923941139597266
2.8931510451838132
2.5692273591904402
-1.568241675810256
-3.0295760988987772
-1.1861344260289803
-2.9574256666313414
-0.82630234572346806
-1.4213386217986648
-3.0305437740866257
-1.0658967232403442
1.1496182340724368
-1.3771679809168027
-0.38482748737241879
-0.7207103407756541
1.0581128879315367
1.4618872684115516
0.10848800609821981
1.0237736232597765
2.9981851787789715
0.32654856267749388
-2.0571625737512846
0.5972233619964652
2.3811575033114432
2.5268751882654259
0.93497464635897987
-2.4721549508519152
2.4618879489922927
-2.5317576952364593
-2.0418153800545702
-2.1434408087834291
-2.0779330931081166
2.7390972403927623
1.2191516163039038
-1.2838037317351572
3.002708527919892
1.7420417151286731
-1.8857681499520962
-1.0753628248639444
-1.7842442359976456
-1.0694710276555093
1.5911269354588227
-1.6452076211339144
-0.91646776732592861
0.29282978581620356
-0.15347325428465985
0.73530651366494681
0.75105851589775519
0.015508947941894381
0.43748669890854014
2.501657722047768
0.092283943597669435
1.478034388348054
2.5204016514507437
1.5594399513464217
-0.96563648134331825
2.4084052070604942
-3.1055254317645931
2.9534679029580211
3.1064962572399404
-1.881188957299661
3.0545595132701506
-1.5812025875804281
-0.69203265020408045
-2.6932685803413836
-1.3755835390289046
-1.969402986493527
-0.75088823371695157
0.048643733729473969
-0.22602859172695375
-1.9041421931437472
0.55594289806331454
0.3375583588231505
-0.74367111154256604
0.45176415202489512
1.5828320933042099
0.54856420668826178
1.3028936056419744
2.4300690381728853
1.4500149324244349
0.78150755746246547
2.6018027598094884
2.9672799565846444
2.8996753833386171
2.2534723307654354
-1.318359995728773
-2.2661359267467756
2.0707721134807411
-1.5886061778901279
-1.6428662118764716
-1.8218082404039255
-0.12638749796205598
0.23817121223427901
-0.86805750858971253
0.42906936259972422
0.4866304205469964
-0.098797359807378637
2.1590624630516295
-1.8257778712643389
1.4657754372743779
3.0317188244795767
2.6428964318260495
2.8736030477201067
-1.2212638623719785
-1.1121453129718308
-0.87388942482514964
-3.0869736589850558
0.68522219975991472
-1.3837711177163634
-0.055008777387907597
-0.92338117357718563
-0.81512781519762556
0.3312683601130742
1.6665214916882134
1.659027215209927
3.095826290212794
2.2827660833014982
0.81169029291889461
2.1230177847779004
2.331828838591866
-1.5927406208786232
2.9958720888920563
-0.094344841412608169
-2.1845331372971426
-2.8389378454063858
-1.9342149922920073
-0.6855699665535373
-3.0510336892193162
-0.35279331493500848
-0.85838333738965855
-0.5792083078177559
-1.256707085639188
0.0058203731169018079
-1.4797751767631235
-0.25620725928061738
0.85013389773780268
0.30398344613907768
0.76279282634215062
1.6272555412760414
1.1130893915434841
2.3051152985671148
2.4109728822315168
-1.8103569973922773
1.7983367422502361
1.2182329380414489
-3.1004783131722298
2.4049598130111156
-2.7333442667106471
-2.7294402952732182
0.83645679658564576
3.0656138939344029
-1.8026333946875879
-2.4631030122508863
-1.3752267725565803
-0.30830639286119227
-1.2678464211898013
-1.9457880664739775
-1.1862619005582993
0.52186418757918251
0.5675203835408289
-0.22604841662475389
1.6409344249769067
1.2904457945612828
0.3615841089213761
3.090733992530919
2.8304341862773432
0.89425683146250923
2.0557715750448673
2.8252341985521015
0.20725176100506221
-3.0290801045311473
2.7715535505072966
-2.045129582877975
2.0213377599239064
-3.1154930502747886
1.1976625377324037
-0.65141501171729854
-1.414244522119249
-0.62799983873313459
0.47189843792484787
0.61432051241219021
-1.0361040375365422
-0.61719078721091902
1.7261308187573117
-1.5200660912432009
1.5401257719670218
-1.0368956111575167
-2.2326385730096359
-0.91630823148247098
1.2699777931374423
-0.019176145533958178
2.9032496488579826
2.3597619111909198
1.646660538673254
1.779385411830821
-2.5138564420851615
2.0310730142455147
0.25610703059982948
-2.3992639794650135
2.7732760130991867
-0.60427925749554268
-2.2350268885033344
1.2133419556898521
-0.79560238611381318
2.3192928597296079
-0.79384228340385321
0.1476752636479273
-1.6953211428360559
-2.2729677998294155
2.2718518046199128
-2.416041508381308
2.0677468684717546
-0.4077320931399252
2.195689867776268
0.7724688326572875
-2.8969994466950104
-2.7147921442624439
-0.57077081993386225
-0.60554560721380879
2.5834805244149375
-0.76420945929329298
1.1714893423573092
0.58887625582223968
2.0046881333432087
1.1916414818097743
0.48558290761087303
1.2885422800020143
2.1843272268380645
-1.5600565112302098
2.7667427832773517
2.379704367942526
-2.5019004126004574
-0.5815360847158465
1.5485864613333946
-1.9393345526691947
-2.6112988945959246
-0.24187697060052196
-1.4911803300211735
-0.956241418031054
0.13632538755142332
-2.6313172893389383
2.6313172893394783
-0.13632538755129736
0.95624141803116136
1.4911803300212327
0.24187697060055366
2.6112988945960054
1.939334552669276
-1.5485864613334197
0.5815360847160187
2.5019004126005755
-2.379704367942463
-2.7667427832772638
1.5600565112301086
-2.1843272268377976
-1.2885422800021529
-0.48558290761095685
-1.1916414818099599
-2.0046881333421331
-0.58887625582206959
-1.1714893423572703
0.76420945929310946
-2.5834805244149974
0.60554560721357897
0.5707708199338829
2.7147921442624248
2.8969994466951614
-0.77246883265719424
-2.1956898677759944
0.40773209313990888
-2.067746868471779
2.41604150838134
-2.2718518046195348
2.2729677998302602
1.6953211428360122
-0.14767526364790137
0.79384228340414154
-2.3192928597294653
0.79560238611370104
-1.2133419556899343
2.2350268885033562
0.60427925749536293
-2.7732760130991823
2.3992639794646631
-0.25610703059970336
-2.0310730142455125
2.513856442085233
-1.7793854118306363
-1.6466605386724702
-2.3597619111908505
-2.9032496488578357
0.019176145533978447
-1.2699777931372245
0.91630823148256035
2.2326385730096252
1.0368956111574383
-1.5401257719670334
1.520066091243254
-1.7261308187569522
0.61719078721105169
1.0361040375372144
-0.61432051241203711
-0.47189843792408664
0.62799983873313514
1.4142445221193798
0.65141501171743643
-1.1976625377322498
3.1154930502748979
-2.0213377599239353
2.0451295828781211
-2.7715535505073476
3.0290801045305855
-0.20725176100494924
-2.825234198552125
-2.0557715750446901
-0.89425683146236123
-2.8304341862773956
-3.0907339925307018
-0.36158410892094767
-1.2904457945609524
-1.6409344249769293
0.22604841662487721
-0.56752038354056389
-0.52186418757897945
1.1862619005583623
1.9457880664741334
1.2678464211897396
0.30830639286122385
1.3752267725565241
2.4631030122508473
1.8026333946881279
-3.0656138939342181
-0.83645679658561223
2.7294402952734766
2.7333442667107097
-2.4049598130111676
3.100478313172589
-1.2182329380417516
-1.7983367422503089
1.8103569973925204
-2.4109728822313325
-2.3051152985669146
-1.1130893915433064
-1.6272555412758616
-0.76279282634193335
-0.30398344613895878
-0.85013389773798986
0.25620725928070504
1.4797751767635146
-0.0058203731167696775
1.2567070856394469
0.57920830781795585
0.85838333738945527
0.35279331493500909
3.051033689219413
0.68556996655374169
1.9342149922921612
2.83893784540648
2.1845331372968579
0.094344841412233607
-2.9958720888920074
1.5927406208781396
-2.3318288385919992
-2.1230177847777818
-0.81169029291886408
-2.2827660833014241
-3.095826290212786
-1.6590272152100651
-1.6665214916882507
-0.33126836011295868
0.81512781519729527
0.92338117357703275
0.055008777388295599
1.3837711177159675
-0.68522219975959309
3.0869736589848342
0.87388942482510545
1.1121453129716972
1.2212638623721317
-2.8736030477200756
-2.6428964318257813
-3.0317188244792042
-1.4657754372742444
1.8257778712636696
-2.1590624630517548
0.098797359807328441
-0.48663042054572014
-0.42906936259961465
0.86805750858940889
-0.238171212234043
0.12638749796216628
1.8218082404042264
1.6428662118764068
1.588606177890389
-2.0707721134801309
2.266135926746971
1.3183599957287411
-2.2534723307653439
-2.8996753833385585
-2.9672799565846986
-2.601802759809309
-0.78150755745949485
-1.450014932423862
-2.430069038172785
-1.3028936056417544
-0.54856420668821393
-1.5828320933037381
-0.45176415202465908
0.74367111154253907
-0.33755835882299001
-0.55594289806340669
1.9041421931439444
0.22602859172714715
-0.048643733729140631
0.75088823371711355
1.9694029864940208
1.3755835390289737
2.6932685803416487
0.69203265020401983
1.5812025875806235
-3.0545595132699459
1.8811889572997746
-3.1064962572397072
-2.9534679029579562
3.1055254317648258
-2.4084052070604463
0.96563648134446511
-1.559439951346584
-2.5204016514507601
-1.4780343883482956
-0.0922839435976468
-2.5016577220476521
-0.43748669890811381
-0.015508947941677642
-0.75105851589783379
-0.73530651366496835
0.15347325428502681
-0.29282978581638602
0.91646776732506263
1.6452076211340489
-1.5911269354582904
1.0694710276555712
1.7842442359977331
1.0753628248635929
1.8857681499532675
-1.7420417151290926
-3.0027085279221408
1.283803731735909
-1.2191516163040639
-2.7390972403930771
2.0779330931080726
2.1434408087836379
2.0418153800547438
2.5317576952363803
-2.4618879489922105
2.4721549508520395
-0.93497464635880356
-2.5268751882647114
-2.381157503311456
-0.59722336199623194
2.057162573750364
-0.32654856267767779
-2.9981851787787326
-1.0237736232597914
-0.10848800609802965
-1.4618872684116733
-1.0581128879315747
0.7207103407755362
0.38482748737234374
1.3771679809164898
-1.1496182340728882
1.0658967232407301
3.0305437740863495
1.4213386217987951
0.82630234572351358
2.957425666631452
1.1861344260292592
3.0295760988986524
1.568241675810357
-2.5692273591903376
-2.8931510451838491
2.5923941139597764
-2.2742625418128628
-1.5923057632338784
-1.8184546302530906
-2.3397776411097517
-1.2989877065327256
-0.69205812437767866
-3.0809860451665076
-1.4944649160292272
-0.1984598310957634
-0.46952289220711929
-1.9337862806032029
0.025848209956686186
1.2956153165691513
1.0690752549908604
0.054365207820661891
1.5442035446890685
1.3840958127840284
0.30018118687005152
3.132329928372295
2.0890740468606626
1.2388975410195437
-3.0189563801872814
-1.9774608750434475
1.9159349051934342
0.24256391819134393
-3.0661904498584329
-2.311863127176593
-0.15710398725105856
-2.9246395127385676
-1.4777255414151322
-2.4048041801741316
-0.58392230267619516
0.84764298954293305
-0.81337443475004123
-0.64806092037951191
3.0973880286231497
0.4042489879318299
-0.50820074421240924
-2.5046474031059054
0.69385791266633168
0.41126327507900878
2.4571276919684077
-1.3004650869635213
2.5302934292504169
2.0227102872060834
-0.54445081462365075
-2.0993708870144028
1.9918638388511505
-0.96830086086529377
2.9388787767476487
-2.3025222156233967
-1.171917298671495
2.4583670709810419
-1.1766694051155975
2.9696364812731395
2.3110340119654298
-0.20170124933834144
-0.37134107216964979
-3.122542275208307
-1.3622393133651329
0.42363584562559886
-1.7143817294281429
1.3326077354126478
2.8951213431671872
-2.8073701416272141
