0
0.33509315915571813
2.213012380851727
0.44711308766181501
2.3269078980987032
2.7654538281946683
-1.5193762100442136
1.6277099438386551
-2.8025730310609314
1.3842381635297072
-2.4415209099395412
-1.405565899160852
2.9218610006924171
-0.13608041053891062
2.2547613807359861
-0.44385571405581636
1.5478672317791582
2.6176788559596131
-0.8908241025454513
2.0985012402170957
1.9400123172276644
-2.9014436436859397
0.045633486741873008
2.6294916469670166
-2.4776295812988618
2.006741436430687
0.75971220476531853
0.91962850007467412
-1.41652919586742
2.3733134947384564
2.4099768595763624
-0.75785938591589252
-2.8867832275405516
-1.7891543243370236
2.4288119236123982
-0.51480235604267133
0.013935106471881736
-1.8963910664816157
0.69014645060896218
2.7092207249737523
-0.35548920116381244
1.947962276023179
0.50299462556354535
1.5902295640569553
-0.66528835648287477
2.721970262582829
3.0626821679230773
2.4885730834687152
0.65233763323539329
-2.4526021924465082
-2.480678833696484
0.20689523875752355
3.0046895536132858
-0.45300951577177406
-0.4817803084408569
-2.3034363969145213
1.9812019225784805
-2.3523432076157271
0.58155764078984751
-2.4810504076654691
1.9515826253442894
-0.55319265698378473
-1.8693024983246767
1.8322236530813296
-1.7321687306783653
0.4683175994726318
3.0522504019896877
-1.4485328990050457
1.6019732329291558
1.470646280507943
1.0964095958060753
-1.6244837792926894
0.092613709658152257
2.1385548827344421
-0.79905177546318329
0.29361194512080407
-1.6083718868015995
1.3162201271667475
2.899522636198784
0.071871433182524813
2.0252524569107271
-3.0336927288151156
-2.4334952996564878
2.3615954207809495
-1.0724735150034415
-1.4790166302638295
-2.7201251268278241
-0.78496512418704412
-1.7279297826586886
-1.9401125632474654
0.22369201704821964
-1.8984320587399774
0.68405020460150334
-0.45256816103209174
0.10542578434706162
2.2577943341541689
1.8305401308701155
1.2954006422415025
-1.2449617792177434
1.5959472012110274
-1.4654989114867958
1.9237733528011554
2.7718064616841351
-2.655302124442029
2.6720520999262765
-1.6984999988581071
-2.8555951938929924
-2.1744963473155483
-1.5174737288185736
-1.8915059090009418
0.18944440511986635
-0.62539708105675795
0.094153551942604718
-1.0344049551576373
0.48721226147712965
1.263690171187726
2.8615307222599178
0.52215902105492318
1.3138478370803941
2.8404492200874416
1.9594433034610403
-2.9233568918428494
-2.1633937745829188
-3.0385463852817725
1.2398665764036174
-0.94234974726852672
-2.2985207633600688
-2.3547427286348235
-0.6721623259710221
-1.4386913092247593
-1.7833523831259468
0.48179721424681021
0.086723573245960167
0.15111547468067738
1.0300959256580005
0.85953539576318072
1.7087010427145184
1.4951504328795164
1.5070818288060606
0.037074124876522022
2.5538026992845357
-2.8351646775464152
2.9694133272770133
-2.1285609434019235
-2.4541061228102863
-0.25773090817453903
2.2117261164952837
-3.0684883503377138
-2.2334691802804696
-1.40020801515365
-0.77158243119943892
2.2746253759477462
-1.6180830068291949
0.9222592250128322
0.47791099878441778
0.0407894771805924
2.8944638116511467
1.9784958640488182
0.71839541512543537
-0.26464757619403362
2.1114108707828398
-2.595757876560604
-0.18551139284158075
1.6094436045233396
-2.1020913943022261
2.205579291118057
-0.8939959389212434
2.0376183736312092
-2.5024885506550145
-1.1875195491792065
2.2962699034070582
-2.9070780655436961
-2.603387929386618
0.11348412132292489
-1.2252925200154479
3.0518249968203257
-1.2812200185115006
0.65497793147189243
-2.3028913116714458
-0.85675955271046278
-0.32407696205196873
0.39958724445412391
-2.2463940689161426
0.033412003157855683
0.14043656115695038
2.234855890622276
1.0598739286481484
-2.031169615113237
0.97487198463020763
1.990847525733382
-0.37941347514365054
1.3546744999215603
2.5105336355223629
-3.0411487385869824
2.5048435178459396
-0.049712256732107732
-0.98349782944981801
-2.5430219885410752
2.132809742861161
-1.0730749074143457
-1.6236129461952284
-3.0908231781696545
-1.516515826432759
-0.59402472915883298
-1.554325958363751
-0.11017834484287546
3.1291604203538528
-0.056152294681467541
2.1533253348541042
-0.2928574772805651
0.92805842169289066
0.45300322139251875
0.65867181967267896
-2.893067130628991
-0.32898074340006817
1.1608301375783352
2.222598070116526
1.911475207903141
-2.0633497430296628
-3.0491572373133877
-2.8084097556725185
2.8698565050143627
2.8426655882641381
-1.4385113303366592
-2.5675556461688114
-0.48026756439466972
1.5147722853853631
0.79822721669646679
-2.1294254852448637
1.9928121900370177
-2.3103514113850836
-1.9478562269244655
-2.1239489666397415
-1.2922085776568275
0.32415253393606258
0.68647403131157403
-0.33184732735919226
-2.6378223650517354
0.072831886140954247
1.0696596183686526
0.20203414040484718
1.7303525083136355
2.3400517147545097
0.20234275308367328
-1.5294303015975828
0.91127290215457346
-1.8677361741515857
2.666779318228274
-0.85757221421234431
1.7599981872190775
1.8753979507445497
-2.676389002962543
-2.4624339241945381
2.3307034705694023
-1.7975018198679835
-2.5874801793412976
-1.5608983697819023
-1.4970736926650599
0.19488816242162163
-0.76939638031017432
-0.30528767838185605
-2.435420797522553
0.084114961565158949
1.0056102250188113
0.49237114520105574
1.9778368390292627
1.8509366779728558
1.81657200026878
0.55786493568443385
1.2686192213427416
2.5374105952055728
-1.2393529257443985
-2.6841897835670241
2.5949468761469392
-1.358523935011601
-2.5912943230553331
2.2086628257213716
-0.36563123124947311
-2.4243887440357468
-0.27382942282294165
-2.2903677004071938
-0.06707567661072622
-2.565077232084064
0.21495269548670104
-2.8049367157078939
-0.84861474430442596
-0.20756192247191246
1.3413491098809938
2.4876068893013841
-0.70145227295673862
0.76164915207453476
3.1158231640316787
3.1040560457021842
2.2100182203352312
-1.3397080200797742
1.8008252748947393
-2.2825591473107942
0.83691964471534885
-2.8981544130037409
0.7184222187074305
-0.99274295977326665
-0.96219717420457096
1.1285883160574717
2.2556560571353979
1.347817908840468
2.2470082565787179
-0.21229097349675272
0.21229097349666404
-2.2470082565786136
-1.3478179088399322
-2.2556560571355373
-1.1285883160572736
0.96219717420477846
0.9927429597732631
-0.7184222187064716
2.8981544130037027
-0.83691964471496294
2.2825591473109843
-1.8008252748953568
1.3397080200798612
-2.2100182203351757
-3.1040560457020097
-3.1158231640316827
-0.76164915207451411
0.70145227295686474
-2.4876068893012557
-1.3413491098808026
0.20756192247196539
0.84861474430489647
2.8049367157084375
-0.21495269548664203
2.5650772320841004
0.06707567661099216
2.2903677004071956
0.27382942282314615
2.4243887440358978
0.36563123124937236
-2.2086628257219862
2.5912943230553473
1.358523935011547
-2.5949468761468579
2.6841897835670796
1.2393529257444276
-2.5374105952055226
-1.2686192213428134
-0.55786493568429407
-1.8165720002686974
-1.8509366779723881
-1.9778368390290357
-0.49237114520086195
-1.0056102250184573
-0.084114961565072352
2.4354207975226143
0.30528767838208226
0.76939638031032953
-0.19488816242225623
1.4970736926654435
1.5608983697820029
2.5874801793417626
1.797501819868081
-2.3307034705691967
2.4624339241947899
2.6763890029628215
-1.8753979507444269
-1.7599981872188315
0.85757221421253638
-2.6667793182282735
1.8677361741512866
-0.9112729021544681
1.5294303015994899
-0.20234275308348723
-2.3400517147546958
-1.7303525083136184
-0.20203414040456208
-1.0696596183682374
-0.072831886140810737
2.6378223650516799
0.33184732735932443
-0.68647403131263474
-0.32415253393604748
1.2922085776569885
2.1239489666398854
1.9478562269244759
2.3103514113870385
-1.9928121900369669
2.1294254852449201
-0.79822721669645025
-1.5147722853855412
0.48026756439485641
2.5675556461696249
1.4385113303367298
-2.8426655882639267
-2.8698565050137543
2.8084097556728267
3.0491572373136662
2.0633497430298697
-1.9114752079030817
-2.2225980701163754
-1.1608301375779708
0.32898074340036965
2.8930671306287152
-0.65867181967243527
-0.45300322139264015
-0.92805842169267583
0.29285747728080547
-2.1533253348539163
0.056152294681414777
-3.129160420353744
0.11017834484280468
1.5543259583635485
0.59402472915893845
1.5165158264327676
3.0908231781698814
1.6236129461953441
1.0730749074145325
-2.1328097428611317
2.5430219885414695
0.98349782944905473
0.049712256731580168
-2.5048435178459085
3.0411487385870517
-2.5105336355221755
-1.3546744999217124
0.3794134751422415
-1.9908475257335474
-0.97487198463010849
2.0311696151132232
-1.0598739286481025
-2.2348558906223777
-0.14043656115677947
-0.033412003157387002
2.2463940689161577
-0.39958724445398153
0.32407696205231373
0.85675955271096194
2.3028913116713969
-0.6549779314723253
1.2812200185116653
-3.0518249968201947
1.2252925200157163
-0.11348412132284648
2.6033879293869857
2.9070780655440212
-2.2962699034071918
1.1875195491797486
2.5024885506552943
-2.0376183736311475
0.89399593892159113
-2.2055792911179299
2.1020913943022066
-1.6094436045231997
0.18551139284192816
2.5957578765607709
-2.1114108707826715
0.2646475761938975
-0.71839541512558991
-1.9784958640487604
-2.8944638116495867
-0.040789477180567982
-0.47791099878438525
-0.92225922501279034
1.6180830068294136
-2.2746253759471577
0.77158243119994607
1.4002080151539282
2.2334691802805295
3.0684883503381539
-2.2117261164962381
0.25773090817455785
2.4541061228106145
2.1285609434021939
-2.9694133272765364
2.8351646775461061
-2.5538026992844935
-0.037074124877013642
-1.5070818288058774
-1.4951504328793519
-1.7087010427141596
-0.85953539576293103
-1.0300959256577935
-0.15111547468081565
-0.086723573245750751
-0.48179721424673844
1.7833523831258087
1.4386913092251172
0.67216232597093084
2.3547427286352756
2.2985207633602491
0.94234974726850673
-1.2398665764030929
3.0385463852819328
2.1633937745827909
2.9233568918430084
-1.9594433034611054
-2.8404492200873861
-1.3138478370802582
-0.52215902105527179
-2.8615307222597051
-1.2636901711876987
-0.4872122614770244
1.0344049551578169
-0.094153551942657704
0.62539708105683234
-0.1894444051198246
1.8915059090006066
1.5174737288187945
2.1744963473161993
2.8555951938931416
1.698499998858237
-2.6720520999262689
2.6553021244426933
-2.7718064616841471
-1.9237733528009497
1.465498911486786
-1.5959472012110401
1.2449617792183889
-1.2954006422414555
-1.8305401308701399
-2.2577943341537892
-0.10542578434701955
0.45256816103223929
-0.68405020460148547
1.8984320587401597
-0.2236920170478692
1.940112563247538
1.7279297826589186
0.78496512418787201
2.720125126827726
1.4790166302639716
1.0724735150031686
-2.3615954207808088
2.4334952996565264
3.0336927288152422
-2.0252524569107333
-0.071871433182364747
-2.8995226361987387
-1.3162201271668785
1.6083718868017194
-0.29361194512046868
0.79905177546340267
-2.138554882734335
-0.0926137096578174
1.624483779293171
-1.096409595805969
-1.4706462805076861
-1.6019732329290859
1.4485328990050941
-3.0522504019894834
-0.46831759947289986
1.7321687306784872
-1.8322236530814453
1.8693024983247104
0.55319265698383224
-1.9515826253445558
2.4810504076656299
-0.58155764078982197
2.3523432076155886
-1.9812019225785091
2.3034363969146177
0.48178030844036041
0.45300951577187404
-3.0046895536131508
-0.20689523875749796
2.4806788336964956
2.4526021924465451
-0.65233763323534943
-2.4885730834685673
-3.0626821679229823
-2.7219702625826883
0.66528835648302165
-1.5902295640570219
-0.50299462556343677
-1.9479622760232258
0.35548920116390453
-2.7092207249737599
-0.69014645060882174
1.8963910664816714
-0.013935106472445627
0.51480235604283742
-2.4288119236125909
1.7891543243371193
2.8867832275405312
0.75785938591602064
-2.4099768595763673
-2.3733134947383445
1.4165291958674839
-0.91962850007459129
-0.75971220476521695
-2.0067414364306604
2.4776295812989124
-2.6294916469669887
-0.045633486741857604
2.9014436436859357
-1.9400123172275561
-2.0985012402170589
0.89082410254549649
-2.6176788559595834
-1.54786723177906
0.44385571405588864
-2.2547613807359443
0.13608041053903736
-2.9218610006925436
1.4055658991609772
2.4415209099396233
-1.3842381635296632
2.8025730310612054
-1.6277099438383988
1.5193762100456127
-2.7654538281944143
-2.3269078980985642
-0.44711308766166724
-2.2130123808516906
-0.33509315915567306
