time x y z
0, 3, -2.32789e-07, 0
0.001, 3, 0.000999103, 9.53674e-07
0.002, 3, 0.00200132, 2.86102e-06
0.003, 3, 0.00300149, 8.58307e-06
0.004, 3, 0.00400046, 1.62125e-05
0.005, 3, 0.00499832, 2.47955e-05
0.006, 3, 0.00599929, 3.62396e-05
0.007, 3, 0.00700081, 4.86374e-05
0.008, 3, 0.00799916, 6.29425e-05
0.009, 3, 0.00900182, 8.10623e-05
0.01, 3, 0.00999928, 0.000100136
0.011, 3, 0.0109999, 0.000121117
0.012, 3, 0.0119999, 0.000144005
0.013, 3, 0.0129978, 0.000167847
0.014, 3, 0.0140021, 0.000195503
0.015, 3, 0.0149983, 0.000226021
0.016, 3, 0.0160017, 0.000256538
0.017, 3, 0.0170005, 0.000288963
0.018, 3, 0.0179992, 0.000324249
0.019, 3, 0.0190014, 0.000361443
0.02, 3, 0.0199993, 0.00039959
0.021, 3, 0.0210005, 0.000440598
0.022, 3, 0.0220009, 0.000482559
0.023, 3, 0.0230008, 0.000528336
0.024, 3, 0.0240008, 0.000575066
0.025, 3, 0.0249991, 0.000624657
0.026, 3, 0.0259989, 0.000677109
0.027, 3, 0.0270029, 0.000728607
0.028, 3, 0.028001, 0.000782967
0.029, 3, 0.0290009, 0.000842094
0.03, 3, 0.0300003, 0.000900269
0.031, 3, 0.0310029, 0.000958443
0.032, 3, 0.0319985, 0.0010252
0.033, 3, 0.0330021, 0.00108719
0.034, 3, 0.034, 0.00115585
0.035, 3, 0.035001, 0.00122356
0.036, 3, 0.035998, 0.00129604
0.037, 3, 0.036999, 0.00136852
0.038, 3, 0.0380014, 0.00144291
0.039, 3, 0.0389986, 0.00152111
0.04, 3, 0.0400019, 0.00160027
0.041, 3, 0.0410016, 0.00168037
0.042, 3, 0.0419985, 0.00176239
0.043, 3, 0.0430017, 0.00184917
0.044, 3, 0.0439988, 0.00193501
0.045, 3, 0.0449999, 0.0020256
0.046, 3, 0.0460013, 0.0021162
0.047, 3, 0.0469998, 0.00220966
0.048, 3, 0.0480012, 0.00230408
0.049, 3, 0.0490006, 0.00240135
0.05, 3, 0.0500016, 0.00249958
0.051, 3, 0.0510017, 0.00260162
0.052, 3, 0.0520005, 0.00270367
0.053, 3, 0.0530014, 0.00280857
0.054, 3, 0.0540004, 0.00291538
0.055, 3, 0.0550013, 0.00302601
0.056, 3, 0.0559991, 0.00313663
0.057, 3, 0.0570006, 0.00324917
0.058, 3, 0.0579989, 0.00336456
0.059, 3, 0.0589972, 0.00348186
0.06, 3, 0.0600003, 0.00360107
0.061, 3, 0.0609986, 0.00372028
0.062, 3, 0.062, 0.00384426
0.0629999, 3, 0.0629991, 0.00397015
0.064, 3, 0.0639987, 0.00409698
0.065, 3, 0.0649995, 0.00422573
0.066, 3, 0.0660008, 0.00435543
0.067, 3, 0.0670021, 0.00448799
0.068, 3, 0.0680017, 0.00462151
0.069, 3, 0.0690018, 0.00476074
0.07, 3, 0.0700007, 0.00489902
0.071, 3, 0.0710002, 0.00504208
0.072, 3, 0.0719974, 0.00518417
0.073, 3, 0.0730009, 0.00533009
0.074, 3, 0.0739992, 0.00547695
0.075, 3, 0.0749972, 0.00562382
0.076, 3, 0.0759998, 0.0057745
0.077, 3, 0.0769989, 0.00592899
0.078, 3, 0.0779974, 0.0060854
0.079, 3, 0.0789999, 0.00624084
0.08, 3, 0.0800001, 0.00640011
0.081, 3, 0.0810009, 0.00656033
0.082, 3, 0.0819999, 0.00672436
0.083, 3, 0.0830015, 0.00688648
0.084, 3, 0.083999, 0.00705624
0.085, 3, 0.0850015, 0.00722408
0.086, 3, 0.0859987, 0.0073967
0.087, 3, 0.0869996, 0.00756836
0.088, 3, 0.0880008, 0.00774288
0.089, 3, 0.0890006, 0.00792122
0.09, 3, 0.09, 0.00809956
0.091, 3, 0.0909989, 0.00828075
0.092, 3, 0.0919977, 0.00846386
0.093, 3, 0.0930005, 0.00865078
0.094, 3, 0.0939993, 0.00883484
0.095, 3, 0.0949998, 0.00902557
0.096, 3, 0.0959983, 0.00921535
0.097, 3, 0.0969985, 0.00940895
0.098, 3, 0.0980012, 0.0096035
0.099, 3, 0.0989999, 0.00980186
0.1, 3, 0.100001, 0.00999928
0.101, 3, 0.101002, 0.0102005
0.102, 3, 0.102003, 0.0104027
0.103, 3, 0.102999, 0.0106087
0.104, 3, 0.104003, 0.0108175
0.105, 3, 0.104999, 0.0110235
0.106, 3, 0.105998, 0.0112371
0.107, 3, 0.107, 0.0114489
0.108, 3, 0.108, 0.0116634
0.109, 3, 0.109001, 0.0118799
0.11, 3, 0.11, 0.0121002
0.111, 3, 0.111003, 0.0123196
0.112, 3, 0.112001, 0.0125437
0.113, 3, 0.113001, 0.0127697
0.114, 3, 0.114, 0.0129967
0.115, 3, 0.115, 0.0132246
0.116, 3, 0.116002, 0.0134554
0.117, 3, 0.117, 0.013689
0.118, 3, 0.118, 0.0139236
0.119, 3, 0.119002, 0.0141602
0.12, 3, 0.120001, 0.0143995
0.121, 3, 0.121001, 0.0146418
0.122, 3, 0.122002, 0.014883
0.123, 3, 0.123001, 0.0151281
0.124, 3, 0.124001, 0.0153751
0.125, 3, 0.125002, 0.0156231
0.126, 3, 0.125999, 0.0158758
0.127, 3, 0.127, 0.0161276
0.128, 3, 0.127999, 0.0163851
0.129, 3, 0.128998, 0.0166416
0.13, 3, 0.13, 0.0169001
0.131, 3, 0.130998, 0.0171604
0.132, 3, 0.131999, 0.0174246
0.133, 3, 0.133002, 0.0176897
0.134, 3, 0.133997, 0.0179567
0.135, 3, 0.135002, 0.0182238
0.136, 3, 0.135999, 0.0184956
0.137, 3, 0.136997, 0.0187693
0.138, 3, 0.138001, 0.019043
0.139, 3, 0.139002, 0.0193205
0.14, 3, 0.139999, 0.0195999
0.141, 3, 0.141001, 0.0198812
0.142, 3, 0.141999, 0.0201635
0.143, 3, 0.142999, 0.0204487
0.144, 3, 0.144002, 0.0207357
0.145, 3, 0.145002, 0.0210257
0.146, 3, 0.146001, 0.0213146
0.147, 3, 0.147, 0.0216093
0.148, 3, 0.147999, 0.021904
0.149, 3, 0.148998, 0.0222025
0.15, 3, 0.149997, 0.022501
0.151, 3, 0.151001, 0.0228004
0.152, 3, 0.152, 0.0231047
0.153, 3, 0.152999, 0.0234098
0.154, 3, 0.154, 0.023716
0.155, 3, 0.155001, 0.0240259
0.156, 3, 0.156001, 0.0243349
0.157, 3, 0.156999, 0.0246506
0.158, 3, 0.157999, 0.0249634
0.159, 3, 0.159001, 0.0252819
0.16, 3, 0.160001, 0.0255995
0.161, 3, 0.161, 0.0259209
0.162, 3, 0.162, 0.0262451
0.163, 3, 0.163001, 0.0265684
0.164, 3, 0.164001, 0.0268965
0.165, 3, 0.165002, 0.0272255
0.166, 3, 0.166, 0.0275555
0.167, 3, 0.167001, 0.0278883
0.168, 3, 0.167999, 0.0282249
0.169, 3, 0.169001, 0.0285597
0.17, 3, 0.17, 0.0289001
0.171, 3, 0.171001, 0.0292406
0.172, 3, 0.172, 0.0295839
0.173, 3, 0.173002, 0.0299311
0.174, 3, 0.174001, 0.0302744
0.175, 3, 0.175001, 0.0306253
0.176, 3, 0.175999, 0.0309753
0.177, 3, 0.176999, 0.0313301
0.178, 3, 0.178, 0.0316849
0.179, 3, 0.179, 0.0320406
0.18, 3, 0.180002, 0.0323992
0.181, 3, 0.181, 0.0327616
0.182, 3, 0.182002, 0.033123
0.183, 3, 0.182998, 0.0334892
0.184, 3, 0.184, 0.0338554
0.185, 3, 0.185001, 0.0342245
0.186, 3, 0.185999, 0.0345955
0.187, 3, 0.187, 0.0349693
0.188, 3, 0.187998, 0.0353441
0.189, 3, 0.188998, 0.0357218
0.19, 3, 0.189999, 0.0361004
0.191, 3, 0.191, 0.0364828
0.192, 3, 0.192, 0.0368643
0.193, 3, 0.193, 0.0372486
0.194, 3, 0.194, 0.0376348
0.195, 3, 0.194999, 0.0380259
0.196, 3, 0.196002, 0.038415
0.197, 3, 0.197, 0.0388088
0.198, 3, 0.198, 0.0392036
0.199, 3, 0.199, 0.0396023
0.2, 3, 0.2, 0.0400009
0.201, 3, 0.201002, 0.0403996
0.202, 3, 0.201999, 0.0408039
0.203, 3, 0.203, 0.0412092
0.204, 3, 0.204001, 0.0416145
0.205, 3, 0.205, 0.0420246
0.206, 3, 0.205999, 0.0424366
0.207, 3, 0.207002, 0.0428486
0.208, 3, 0.207999, 0.0432634
0.209, 3, 0.209001, 0.0436811
0.21, 3, 0.21, 0.0441008
0.211, 3, 0.211001, 0.0445204
0.212, 3, 0.211999, 0.0449457
0.213, 3, 0.213001, 0.0453691
0.214, 3, 0.214003, 0.0457935
0.215, 3, 0.215, 0.0462236
0.216, 3, 0.216001, 0.0466547
0.217, 3, 0.216997, 0.0470877
0.218, 3, 0.218, 0.0475245
0.219, 3, 0.219002, 0.0479612
0.22, 3, 0.220002, 0.0484009
0.221, 3, 0.221, 0.0488415
0.222, 3, 0.221999, 0.049284
0.223, 3, 0.223, 0.0497303
0.224, 3, 0.224002, 0.0501766
0.225, 3, 0.224999, 0.0506258
0.226, 3, 0.226, 0.0510759
0.227, 3, 0.227001, 0.051528
0.228, 3, 0.227998, 0.0519848
0.229, 3, 0.229001, 0.0524406
0.23, 3, 0.229998, 0.0529003
0.231, 3, 0.230997, 0.0533619
0.232, 3, 0.231999, 0.0538235
0.233, 3, 0.232999, 0.0542889
0.234, 3, 0.234002, 0.0547562
0.235, 3, 0.235001, 0.0552254
0.236, 3, 0.236002, 0.0556946
0.237, 3, 0.237, 0.0561695
0.238, 3, 0.238001, 0.0566444
0.239, 3, 0.239002, 0.0571194
0.24, 3, 0.240002, 0.0575991
0.241, 3, 0.240999, 0.0580797
0.242, 3, 0.241999, 0.0585642
0.243, 3, 0.243, 0.0590496
0.244, 3, 0.244002, 0.059535
0.245, 3, 0.245002, 0.0600243
0.246, 3, 0.246001, 0.0605154
0.247, 3, 0.247001, 0.0610094
0.248, 3, 0.248002, 0.0615053
0.249, 3, 0.249, 0.0620022
0.25, 3, 0.250001, 0.062499
0.251, 3, 0.251001, 0.0630007
0.252, 3, 0.251999, 0.0635042
0.253, 3, 0.252998, 0.0640087
0.254, 3, 0.253998, 0.064517
0.255, 3, 0.254999, 0.0650253
0.256, 3, 0.255997, 0.0655384
0.257, 3, 0.257001, 0.0660496
0.258, 3, 0.258001, 0.0665646
0.259, 3, 0.259, 0.0670795
0.26, 3, 0.26, 0.0675993
0.261, 3, 0.261, 0.068121
0.262, 3, 0.262002, 0.0686445
0.263, 3, 0.263001, 0.069169
0.264, 3, 0.264001, 0.0696964
0.265, 3, 0.265, 0.0702267
0.266, 3, 0.265999, 0.0707569
0.267, 3, 0.266999, 0.07129
0.268, 3, 0.267999, 0.0718241
0.269, 3, 0.268999, 0.0723619
0.27, 3, 0.270002, 0.0728989
0.271, 3, 0.270999, 0.0734415
0.272, 3, 0.272001, 0.0739832
0.273, 3, 0.273, 0.0745287
0.274, 3, 0.273999, 0.0750751
0.275, 3, 0.275001, 0.0756235
0.276, 3, 0.276, 0.0761757
0.277, 3, 0.277002, 0.0767288
0.278, 3, 0.278, 0.0772829
0.279, 3, 0.279, 0.0778399
0.28, 3, 0.28, 0.0784006
0.281, 3, 0.281001, 0.0789604
0.282, 3, 0.282002, 0.0795231
0.283, 3, 0.283001, 0.0800896
0.284, 3, 0.284001, 0.080657
0.285, 3, 0.285001, 0.0812244
0.286, 3, 0.285999, 0.0817957
0.287, 3, 0.287, 0.0823679
0.288, 3, 0.287999, 0.0829439
0.289, 3, 0.288998, 0.0835218
0.29, 3, 0.29, 0.0840998
0.291, 3, 0.291002, 0.0846806
0.292, 3, 0.292, 0.0852642
0.293, 3, 0.292999, 0.0858479
0.294, 3, 0.294001, 0.0864363
0.295, 3, 0.294999, 0.0870237
0.296, 3, 0.296001, 0.0876169
0.297, 3, 0.296999, 0.0882101
0.298, 3, 0.298001, 0.0888042
0.299, 3, 0.298999, 0.0894012
0.3, 3, 0.299998, 0.0900011
0.301, 3, 0.301002, 0.0906
0.302, 3, 0.302001, 0.0912027
0.303, 3, 0.303, 0.0918083
0.304, 3, 0.303997, 0.0924168
0.305, 3, 0.305001, 0.0930262
0.306, 3, 0.306001, 0.0936337
0.307, 3, 0.307001, 0.0942478
0.308, 3, 0.307998, 0.0948658
0.309, 3, 0.309, 0.0954809
0.31, 3, 0.309999, 0.0960999
0.311, 3, 0.310998, 0.0967207
0.312, 3, 0.312, 0.0973434
0.313, 3, 0.312998, 0.0979691
0.314, 3, 0.314, 0.0985956
0.314999, 3, 0.315, 0.0992241
0.315999, 3, 0.315999, 0.0998564
0.316999, 3, 0.316997, 0.10049
0.317999, 3, 0.317999, 0.101124
0.318999, 3, 0.319001, 0.10176
0.319999, 3, 0.319999, 0.1024
0.320999, 3, 0.321001, 0.103039
0.321999, 3, 0.321997, 0.103684
0.322999, 3, 0.323001, 0.104328
0.323999, 3, 0.323999, 0.104976
0.324999, 3, 0.325, 0.105625
0.325999, 3, 0.325998, 0.106277
0.326999, 3, 0.327001, 0.106928
0.327999, 3, 0.327999, 0.107584
0.328999, 3, 0.328996, 0.108242
0.329999, 3, 0.329998, 0.108899
0.330999, 3, 0.330999, 0.10956
0.331999, 3, 0.332, 0.110224
0.332999, 3, 0.332999, 0.110888
0.333999, 3, 0.333996, 0.111555
0.334999, 3, 0.335, 0.112224
0.335999, 3, 0.335998, 0.112895
0.336999, 3, 0.336998, 0.113568
0.337999, 3, 0.337998, 0.114244
0.338999, 3, 0.338998, 0.11492
0.339999, 3, 0.340001, 0.1156
0.340999, 3, 0.340997, 0.116281
0.341999, 3, 0.341999, 0.116962
0.342999, 3, 0.343, 0.117648
0.343999, 3, 0.344, 0.118336
0.344999, 3, 0.345002, 0.119022
0.345999, 3, 0.345996, 0.119715
0.346999, 3, 0.346999, 0.120409
0.347999, 3, 0.347998, 0.121102
0.348999, 3, 0.348998, 0.121799
0.349999, 3, 0.349997, 0.1225
0.350999, 3, 0.350997, 0.123199
0.351999, 3, 0.351999, 0.123903
0.352999, 3, 0.352998, 0.124608
0.353999, 3, 0.354002, 0.125315
0.354999, 3, 0.354999, 0.126023
0.355999, 3, 0.355999, 0.126736
0.356999, 3, 0.356999, 0.127449
0.357999, 3, 0.358, 0.128162
0.358999, 3, 0.359, 0.128878
0.359999, 3, 0.359998, 0.1296
0.360999, 3, 0.360999, 0.130322
0.361999, 3, 0.361998, 0.131043
0.362999, 3, 0.362999, 0.131768
0.363999, 3, 0.363999, 0.132496
0.364999, 3, 0.364999, 0.133224
0.365999, 3, 0.365998, 0.133954
0.366999, 3, 0.366997, 0.134688
0.367999, 3, 0.367998, 0.135424
0.368999, 3, 0.369, 0.136159
0.369999, 3, 0.369999, 0.136899
0.370999, 3, 0.370997, 0.137641
0.371999, 3, 0.372, 0.138383
0.372999, 3, 0.373001, 0.139128
0.373999, 3, 0.374, 0.139874
0.374999, 3, 0.374999, 0.140624
0.375999, 3, 0.376, 0.141375
0.376999, 3, 0.376999, 0.142128
0.377999, 3, 0.377998, 0.142881
0.378999, 3, 0.378998, 0.143641
0.379999, 3, 0.380001, 0.144399
0.380999, 3, 0.380999, 0.14516
0.381999, 3, 0.382001, 0.145923
0.382999, 3, 0.383, 0.146688
0.383999, 3, 0.383997, 0.147455
0.384999, 3, 0.384999, 0.148224
0.385999, 3, 0.385998, 0.148995
0.386999, 3, 0.387, 0.149769
0.387999, 3, 0.387997, 0.150544
0.388999, 3, 0.388997, 0.151321
0.389999, 3, 0.390001, 0.1521
0.390999, 3, 0.390999, 0.15288
0.391998, 3, 0.391997, 0.153665
0.392998, 3, 0.392996, 0.154447
0.393998, 3, 0.393998, 0.155235
0.394998, 3, 0.394999, 0.156023
0.395998, 3, 0.395999, 0.156815
0.396998, 3, 0.396997, 0.157609
0.397998, 3, 0.397998, 0.158402
0.398998, 3, 0.399, 0.1592
0.399998, 3, 0.399998, 0.159998
0.400998, 3, 0.400998, 0.1608
0.401998, 3, 0.401997, 0.161604
0.402998, 3, 0.402998, 0.162409
0.403998, 3, 0.404, 0.163216
0.404998, 3, 0.404999, 0.164023
0.405998, 3, 0.405998, 0.164835
0.406998, 3, 0.406998, 0.165647
0.407998, 3, 0.407999, 0.166462
0.408998, 3, 0.408998, 0.167281
0.409998, 3, 0.41, 0.168098
0.410998, 3, 0.410998, 0.168921
0.411998, 3, 0.411996, 0.169744
0.412998, 3, 0.412999, 0.170568
0.413998, 3, 0.413997, 0.171393
0.414998, 3, 0.414997, 0.172224
0.415998, 3, 0.416, 0.173055
0.416998, 3, 0.416997, 0.173887
0.417998, 3, 0.417997, 0.174721
0.418998, 3, 0.418998, 0.17556
0.419998, 3, 0.419998, 0.176397
0.420998, 3, 0.420996, 0.177239
0.421998, 3, 0.421998, 0.178082
0.422998, 3, 0.423, 0.178926
0.423998, 3, 0.423997, 0.179772
0.424998, 3, 0.424997, 0.180624
0.425998, 3, 0.425998, 0.181475
0.426998, 3, 0.427, 0.182327
0.427998, 3, 0.428, 0.18318
0.428998, 3, 0.428999, 0.184039
0.429998, 3, 0.429996, 0.184897
0.430998, 3, 0.430999, 0.185759
0.431998, 3, 0.431997, 0.186624
0.432998, 3, 0.432997, 0.187487
0.433998, 3, 0.433997, 0.188355
0.434998, 3, 0.434996, 0.189222
0.435998, 3, 0.435998, 0.190094
0.436998, 3, 0.436999, 0.190968
0.437998, 3, 0.437997, 0.191841
0.438998, 3, 0.439, 0.192719
0.439998, 3, 0.439997, 0.193598
0.440998, 3, 0.440998, 0.19448
0.441998, 3, 0.442, 0.195361
0.442998, 3, 0.442999, 0.196245
0.443998, 3, 0.443996, 0.197134
0.444998, 3, 0.444998, 0.198022
0.445998, 3, 0.445996, 0.198914
0.446998, 3, 0.446998, 0.199807
0.447998, 3, 0.447997, 0.200703
0.448998, 3, 0.448998, 0.201598
0.449998, 3, 0.449995, 0.202497
0.450998, 3, 0.451001, 0.203399
0.451998, 3, 0.451995, 0.204303
0.452998, 3, 0.452997, 0.205207
0.453998, 3, 0.453996, 0.206114
0.454998, 3, 0.454997, 0.207023
0.455998, 3, 0.455997, 0.207933
0.456998, 3, 0.456999, 0.208847
0.457998, 3, 0.458, 0.209762
0.458998, 3, 0.458997, 0.210679
0.459998, 3, 0.459999, 0.211597
0.460998, 3, 0.460998, 0.212519
0.461998, 3, 0.461996, 0.213443
0.462998, 3, 0.463, 0.214366
0.463998, 3, 0.463997, 0.215294
0.464998, 3, 0.464998, 0.216224
0.465998, 3, 0.465997, 0.217154
0.466998, 3, 0.466998, 0.218087
0.467998, 3, 0.467997, 0.219022
0.468998, 3, 0.468998, 0.219958
0.469997, 3, 0.469999, 0.220899
0.470997, 3, 0.470998, 0.221838
0.471997, 3, 0.471996, 0.222783
0.472997, 3, 0.472997, 0.223727
0.473997, 3, 0.473999, 0.224673
0.474997, 3, 0.474999, 0.225622
0.475997, 3, 0.475997, 0.226576
0.476997, 3, 0.476996, 0.227528
0.477997, 3, 0.477996, 0.228482
0.478997, 3, 0.478997, 0.229439
0.479997, 3, 0.479998, 0.230397
0.480997, 3, 0.480998, 0.231357
0.481997, 3, 0.481993, 0.232322
0.482997, 3, 0.482997, 0.233286
0.483997, 3, 0.483996, 0.234253
0.484997, 3, 0.484997, 0.235222
0.485997, 3, 0.485996, 0.236193
0.486997, 3, 0.486996, 0.237167
0.487997, 3, 0.487995, 0.238142
0.488997, 3, 0.488999, 0.239118
0.489997, 3, 0.489997, 0.240097
0.490997, 3, 0.490999, 0.241076
0.491997, 3, 0.491996, 0.242062
0.492997, 3, 0.492997, 0.243047
0.493997, 3, 0.493997, 0.244033
0.494997, 3, 0.494996, 0.245023
0.495997, 3, 0.495996, 0.246015
0.496997, 3, 0.496998, 0.247006
0.497997, 3, 0.497996, 0.248001
0.498997, 3, 0.498996, 0.248998
0.499997, 3, 0.499996, 0.249997
0.500997, 3, 0.500997, 0.250998
0.501997, 3, 0.502, 0.251999
0.502997, 3, 0.502994, 0.253006
0.503997, 3, 0.503997, 0.254015
0.504997, 3, 0.504997, 0.255021
0.505997, 3, 0.505996, 0.256033
0.506997, 3, 0.506995, 0.257047
0.507997, 3, 0.507998, 0.25806
0.508997, 3, 0.508997, 0.259077
0.509997, 3, 0.509997, 0.260098
0.510997, 3, 0.510996, 0.261118
0.511997, 3, 0.511998, 0.262141
0.512997, 3, 0.512996, 0.263166
0.513997, 3, 0.513995, 0.264194
0.514997, 3, 0.514998, 0.265223
0.515997, 3, 0.515998, 0.266253
0.516997, 3, 0.516998, 0.267286
0.517997, 3, 0.517996, 0.268321
0.518997, 3, 0.518996, 0.269357
0.519997, 3, 0.519996, 0.270396
0.520997, 3, 0.520999, 0.271438
0.521997, 3, 0.521996, 0.272481
0.522997, 3, 0.522999, 0.273525
0.523997, 3, 0.523996, 0.274574
0.524997, 3, 0.524994, 0.275623
0.525997, 3, 0.525999, 0.276672
0.526997, 3, 0.526999, 0.277726
0.527997, 3, 0.527996, 0.278781
0.528997, 3, 0.528998, 0.279839
0.529997, 3, 0.529997, 0.280897
0.530997, 3, 0.530997, 0.281958
0.531997, 3, 0.531997, 0.283023
0.532997, 3, 0.532994, 0.284086
0.533997, 3, 0.533994, 0.285151
0.534997, 3, 0.534995, 0.286222
0.535997, 3, 0.535998, 0.287292
0.536997, 3, 0.536996, 0.288365
0.537997, 3, 0.537996, 0.289439
0.538997, 3, 0.538997, 0.290517
0.539997, 3, 0.539999, 0.291595
0.540997, 3, 0.540995, 0.292678
0.541997, 3, 0.542, 0.293759
0.542997, 3, 0.542997, 0.294846
0.543997, 3, 0.543997, 0.295933
0.544997, 3, 0.544999, 0.29702
0.545997, 3, 0.545997, 0.298112
0.546997, 3, 0.546995, 0.299206
0.547997, 3, 0.547995, 0.300301
0.548997, 3, 0.548996, 0.301397
0.549996, 3, 0.549996, 0.302496
0.550996, 3, 0.550995, 0.303597
0.551996, 3, 0.551996, 0.3047
0.552996, 3, 0.552996, 0.305807
0.553996, 3, 0.553997, 0.306912
0.554996, 3, 0.554998, 0.30802
0.555996, 3, 0.555998, 0.309133
0.556996, 3, 0.556995, 0.310245
0.557996, 3, 0.557996, 0.31136
0.558996, 3, 0.558996, 0.312476
0.559996, 3, 0.559995, 0.313596
0.560996, 3, 0.560995, 0.314717
0.561996, 3, 0.561994, 0.315839
0.562996, 3, 0.562994, 0.316966
0.563996, 3, 0.563995, 0.318091
0.564996, 3, 0.564996, 0.319221
0.565996, 3, 0.565995, 0.320353
0.566996, 3, 0.566998, 0.321484
0.567996, 3, 0.567993, 0.32262
0.568996, 3, 0.568999, 0.323757
0.569996, 3, 0.569994, 0.324896
0.570996, 3, 0.570999, 0.326037
0.571996, 3, 0.571997, 0.32718
0.572996, 3, 0.572995, 0.328325
0.573996, 3, 0.573994, 0.329473
0.574996, 3, 0.574996, 0.330622
0.575996, 3, 0.575995, 0.331772
0.576996, 3, 0.576995, 0.332925
0.577996, 3, 0.577998, 0.334079
0.578996, 3, 0.578997, 0.335236
0.579996, 3, 0.579994, 0.336395
0.580996, 3, 0.580996, 0.337556
0.581996, 3, 0.581997, 0.338718
0.582996, 3, 0.582998, 0.339883
0.583996, 3, 0.583996, 0.341052
0.584996, 3, 0.584997, 0.342218
0.585996, 3, 0.585993, 0.343392
0.586996, 3, 0.586995, 0.344563
0.587996, 3, 0.587996, 0.345737
0.588996, 3, 0.588995, 0.346916
0.589996, 3, 0.589995, 0.348095
0.590996, 3, 0.590994, 0.349277
0.591996, 3, 0.591996, 0.350459
0.592996, 3, 0.592994, 0.351645
0.593996, 3, 0.593997, 0.352831
0.594996, 3, 0.594995, 0.354021
0.595996, 3, 0.595997, 0.355211
0.596996, 3, 0.596998, 0.356404
0.597996, 3, 0.597996, 0.357598
0.598996, 3, 0.598997, 0.358796
0.599996, 3, 0.599994, 0.359995
0.600996, 3, 0.600993, 0.361195
0.601996, 3, 0.601996, 0.362399
0.602996, 3, 0.602997, 0.363605
0.603996, 3, 0.603999, 0.364812
0.604996, 3, 0.604998, 0.366018
0.605996, 3, 0.605998, 0.367229
0.606996, 3, 0.606995, 0.368444
0.607996, 3, 0.607996, 0.369659
0.608996, 3, 0.608995, 0.370875
0.609996, 3, 0.609994, 0.372095
0.610996, 3, 0.610995, 0.373316
0.611996, 3, 0.611995, 0.374539
0.612996, 3, 0.612996, 0.375764
0.613996, 3, 0.613997, 0.376989
0.614996, 3, 0.614997, 0.37822
0.615996, 3, 0.615998, 0.379451
0.616996, 3, 0.616994, 0.380685
0.617996, 3, 0.617995, 0.381919
0.618996, 3, 0.618995, 0.383156
0.619996, 3, 0.619995, 0.384395
0.620996, 3, 0.620997, 0.385636
0.621996, 3, 0.621993, 0.386879
0.622996, 3, 0.622997, 0.388124
0.623996, 3, 0.623995, 0.38937
0.624996, 3, 0.624998, 0.390618
0.625996, 3, 0.625994, 0.39187
0.626996, 3, 0.626997, 0.393124
0.627995, 3, 0.627995, 0.394379
0.628995, 3, 0.628995, 0.395635
0.629995, 3, 0.629997, 0.396894
0.630995, 3, 0.630994, 0.398155
0.631995, 3, 0.631996, 0.399418
0.632995, 3, 0.632995, 0.400682
0.633995, 3, 0.633993, 0.40195
0.634995, 3, 0.634994, 0.403219
0.635995, 3, 0.635994, 0.40449
0.636995, 3, 0.636995, 0.405763
0.637995, 3, 0.637996, 0.407038
0.638995, 3, 0.638995, 0.408316
0.639995, 3, 0.639995, 0.409595
0.640995, 3, 0.640996, 0.410874
0.641995, 3, 0.641994, 0.412158
0.642995, 3, 0.642996, 0.413444
0.643995, 3, 0.643996, 0.41473
0.644995, 3, 0.644994, 0.41602
0.645995, 3, 0.645994, 0.41731
0.646995, 3, 0.646994, 0.418604
0.647995, 3, 0.647995, 0.419899
0.648995, 3, 0.648996, 0.421194
0.649995, 3, 0.649993, 0.422496
0.650995, 3, 0.650994, 0.423797
0.651995, 3, 0.651995, 0.425098
0.652995, 3, 0.652994, 0.426402
0.653995, 3, 0.653995, 0.427711
0.654995, 3, 0.654996, 0.429018
0.655995, 3, 0.655995, 0.430332
0.656995, 3, 0.656997, 0.431643
0.657995, 3, 0.657995, 0.43296
0.658995, 3, 0.658998, 0.434274
0.659995, 3, 0.659996, 0.435594
0.660995, 3, 0.660998, 0.436913
0.661995, 3, 0.661995, 0.438236
0.662995, 3, 0.662997, 0.439562
0.663995, 3, 0.663993, 0.440889
0.664995, 3, 0.664995, 0.442219
0.665995, 3, 0.665995, 0.443548
0.666995, 3, 0.666997, 0.444881
0.667995, 3, 0.667995, 0.446218
0.668995, 3, 0.668994, 0.447555
0.669995, 3, 0.669994, 0.448893
0.670995, 3, 0.670993, 0.450234
0.671995, 3, 0.671992, 0.451578
0.672995, 3, 0.672993, 0.452922
0.673995, 3, 0.673997, 0.454268
0.674995, 3, 0.674995, 0.455618
0.675995, 3, 0.675994, 0.456969
0.676995, 3, 0.676995, 0.458322
0.677995, 3, 0.677994, 0.459678
0.678995, 3, 0.678995, 0.461034
0.679995, 3, 0.679995, 0.462393
0.680995, 3, 0.680996, 0.463755
0.681995, 3, 0.681996, 0.465117
0.682995, 3, 0.682996, 0.46648
0.683995, 3, 0.683995, 0.467849
0.684995, 3, 0.684997, 0.469216
0.685995, 3, 0.685995, 0.470589
0.686995, 3, 0.686995, 0.471962
0.687995, 3, 0.687995, 0.473338
0.688995, 3, 0.688996, 0.474714
0.689995, 3, 0.689994, 0.476093
0.690995, 3, 0.690994, 0.477475
0.691995, 3, 0.691992, 0.478858
0.692995, 3, 0.692996, 0.480242
0.693995, 3, 0.693994, 0.481628
0.694995, 3, 0.694992, 0.483019
0.695995, 3, 0.695994, 0.484409
0.696995, 3, 0.696994, 0.485803
0.697995, 3, 0.697996, 0.487197
0.698995, 3, 0.698993, 0.488594
0.699995, 3, 0.699992, 0.489992
0.700995, 3, 0.700996, 0.491392
0.701995, 3, 0.701994, 0.492796
0.702995, 3, 0.702994, 0.494201
0.703995, 3, 0.703996, 0.495608
0.704994, 3, 0.704996, 0.497016
0.705994, 3, 0.705991, 0.498428
0.706994, 3, 0.706994, 0.499841
0.707994, 3, 0.707995, 0.501255
0.708994, 3, 0.708993, 0.502673
0.709994, 3, 0.709994, 0.504091
0.710994, 3, 0.710992, 0.505513
0.711994, 3, 0.711997, 0.506935
0.712994, 3, 0.712994, 0.508361
0.713994, 3, 0.713993, 0.509788
0.714994, 3, 0.714994, 0.511218
0.715994, 3, 0.715991, 0.512649
0.716994, 3, 0.716992, 0.514081
0.717994, 3, 0.717992, 0.515516
0.718994, 3, 0.718993, 0.516953
0.719994, 3, 0.719994, 0.518393
0.720994, 3, 0.720997, 0.519833
0.721994, 3, 0.721994, 0.521276
0.722994, 3, 0.722996, 0.522719
0.723994, 3, 0.723994, 0.524169
0.724994, 3, 0.724992, 0.525618
0.725994, 3, 0.725995, 0.527068
0.726994, 3, 0.726995, 0.528521
0.727994, 3, 0.727993, 0.529976
0.728994, 3, 0.728995, 0.531432
0.729994, 3, 0.729994, 0.532891
0.730994, 3, 0.730995, 0.534352
0.731994, 3, 0.731995, 0.535814
0.732994, 3, 0.732993, 0.537281
0.733994, 3, 0.733994, 0.538747
0.734994, 3, 0.734994, 0.540216
0.735994, 3, 0.735992, 0.541687
0.736994, 3, 0.736994, 0.54316
0.737994, 3, 0.737995, 0.544635
0.738994, 3, 0.738993, 0.546112
0.739994, 3, 0.739993, 0.547591
0.740994, 3, 0.740995, 0.549072
0.741994, 3, 0.741994, 0.550554
0.742994, 3, 0.742995, 0.552039
0.743994, 3, 0.743994, 0.553528
0.744994, 3, 0.744993, 0.555017
0.745994, 3, 0.745993, 0.556507
0.746994, 3, 0.746992, 0.558002
0.747994, 3, 0.747997, 0.559494
0.748994, 3, 0.748995, 0.560993
0.749994, 3, 0.749993, 0.56249
0.750994, 3, 0.750991, 0.563993
0.751994, 3, 0.751992, 0.565495
0.752994, 3, 0.752994, 0.566999
0.753994, 3, 0.753995, 0.568506
0.754994, 3, 0.754994, 0.570017
0.755994, 3, 0.755995, 0.571527
0.756994, 3, 0.756995, 0.573039
0.757994, 3, 0.757994, 0.574554
0.758994, 3, 0.758994, 0.576071
0.759994, 3, 0.759994, 0.57759
0.760994, 3, 0.760994, 0.579113
0.761994, 3, 0.761993, 0.580634
0.762994, 3, 0.762992, 0.58216
0.763994, 3, 0.763995, 0.583686
0.764994, 3, 0.764994, 0.585216
0.765994, 3, 0.765994, 0.586746
0.766994, 3, 0.766994, 0.588279
0.767994, 3, 0.767992, 0.589814
0.768994, 3, 0.768994, 0.591351
0.769994, 3, 0.769992, 0.592891
0.770994, 3, 0.770996, 0.59443
0.771994, 3, 0.771993, 0.595974
0.772994, 3, 0.772995, 0.597519
0.773994, 3, 0.773994, 0.599065
0.774994, 3, 0.774995, 0.600615
0.775994, 3, 0.775992, 0.602166
0.776994, 3, 0.776995, 0.603719
0.777994, 3, 0.777995, 0.605273
0.778994, 3, 0.778992, 0.606832
0.779994, 3, 0.779995, 0.60839
0.780994, 3, 0.780993, 0.609953
0.781994, 3, 0.781994, 0.611515
0.782993, 3, 0.782991, 0.61308
0.783993, 3, 0.783995, 0.614646
0.784993, 3, 0.784996, 0.616214
0.785993, 3, 0.785993, 0.617785
0.786993, 3, 0.786991, 0.619359
0.787993, 3, 0.787994, 0.620934
0.788993, 3, 0.788991, 0.622511
0.789993, 3, 0.789994, 0.62409
0.790993, 3, 0.790992, 0.625671
0.791993, 3, 0.791992, 0.627254
0.792993, 3, 0.792995, 0.628839
0.793993, 3, 0.793991, 0.630424
0.794993, 3, 0.794993, 0.632013
0.795993, 3, 0.795994, 0.633605
0.796993, 3, 0.796992, 0.635197
0.797993, 3, 0.797991, 0.636794
0.798993, 3, 0.798993, 0.638389
0.799993, 3, 0.799995, 0.639988
0.800993, 3, 0.80099, 0.64159
0.801993, 3, 0.801995, 0.643192
0.802993, 3, 0.802993, 0.644797
0.803993, 3, 0.803992, 0.646405
0.804993, 3, 0.804993, 0.648014
0.805993, 3, 0.805995, 0.649625
0.806993, 3, 0.806992, 0.651238
0.807993, 3, 0.80799, 0.652853
0.808993, 3, 0.808995, 0.654469
0.809993, 3, 0.809992, 0.656089
0.810993, 3, 0.810992, 0.657711
0.811993, 3, 0.811995, 0.659333
0.812993, 3, 0.812994, 0.660957
0.813993, 3, 0.813994, 0.662585
0.814993, 3, 0.814994, 0.664214
0.815993, 3, 0.815994, 0.665845
0.816993, 3, 0.816992, 0.667478
0.817993, 3, 0.817994, 0.669113
0.818993, 3, 0.81899, 0.670751
0.819993, 3, 0.819993, 0.672389
0.820993, 3, 0.82099, 0.674031
0.821993, 3, 0.821992, 0.675672
0.822993, 3, 0.822994, 0.677318
0.823993, 3, 0.823993, 0.678965
0.824993, 3, 0.824992, 0.680613
0.825993, 3, 0.825994, 0.682262
0.826993, 3, 0.826995, 0.683916
0.827993, 3, 0.827994, 0.685572
0.828993, 3, 0.828993, 0.687229
0.829993, 3, 0.829994, 0.688888
0.830993, 3, 0.830991, 0.690551
0.831993, 3, 0.831993, 0.692213
0.832993, 3, 0.832994, 0.693878
0.833993, 3, 0.833993, 0.695544
0.834993, 3, 0.834994, 0.697213
0.835993, 3, 0.835992, 0.698885
0.836993, 3, 0.836992, 0.700557
0.837993, 3, 0.837994, 0.702232
0.838993, 3, 0.83899, 0.70391
0.839993, 3, 0.839992, 0.705588
0.840993, 3, 0.840993, 0.70727
0.841993, 3, 0.841993, 0.708951
0.842993, 3, 0.842994, 0.710637
0.843993, 3, 0.843992, 0.712324
0.844993, 3, 0.844992, 0.714013
0.845993, 3, 0.845995, 0.715704
0.846993, 3, 0.846994, 0.717398
0.847993, 3, 0.847991, 0.719092
0.848993, 3, 0.848994, 0.720789
0.849993, 3, 0.849991, 0.722487
0.850993, 3, 0.850991, 0.724188
0.851993, 3, 0.851992, 0.725893
0.852993, 3, 0.852993, 0.727595
0.853993, 3, 0.853993, 0.729303
0.854993, 3, 0.854992, 0.731011
0.855993, 3, 0.855992, 0.732722
0.856993, 3, 0.856995, 0.734435
0.857993, 3, 0.857992, 0.73615
0.858993, 3, 0.858992, 0.737868
0.859993, 3, 0.859993, 0.739587
0.860992, 3, 0.860992, 0.741308
0.861992, 3, 0.861992, 0.743031
0.862992, 3, 0.862994, 0.744755
0.863992, 3, 0.863993, 0.746482
0.864992, 3, 0.864992, 0.748212
0.865992, 3, 0.865992, 0.749943
0.866992, 3, 0.866992, 0.751676
0.867992, 3, 0.867993, 0.75341
0.868992, 3, 0.868993, 0.755148
0.869992, 3, 0.869993, 0.756886
0.870992, 3, 0.870993, 0.758627
0.871992, 3, 0.871993, 0.760371
0.872992, 3, 0.872992, 0.762116
0.873992, 3, 0.873992, 0.763864
0.874992, 3, 0.874993, 0.765611
0.875992, 3, 0.875991, 0.767363
0.876992, 3, 0.876993, 0.769114
0.877992, 3, 0.877993, 0.770869
0.878992, 3, 0.878991, 0.772627
0.879992, 3, 0.879992, 0.774384
0.880992, 3, 0.880993, 0.776146
0.881992, 3, 0.88199, 0.77791
0.882992, 3, 0.882992, 0.779675
0.883992, 3, 0.88399, 0.781443
0.884992, 3, 0.884993, 0.783209
0.885992, 3, 0.885992, 0.784983
0.886992, 3, 0.886991, 0.786755
0.887992, 3, 0.887993, 0.788529
0.888992, 3, 0.888991, 0.790308
0.889992, 3, 0.88999, 0.792088
0.890992, 3, 0.890993, 0.793866
0.891992, 3, 0.891992, 0.79565
0.892992, 3, 0.892993, 0.797434
0.893992, 3, 0.893993, 0.799221
0.894992, 3, 0.894992, 0.801011
0.895992, 3, 0.895991, 0.802803
0.896992, 3, 0.896992, 0.804595
0.897992, 3, 0.897991, 0.80639
0.898992, 3, 0.89899, 0.808189
0.899992, 3, 0.899991, 0.809987
0.900992, 3, 0.900992, 0.811788
0.901992, 3, 0.90199, 0.813592
0.902992, 3, 0.902993, 0.815393
0.903992, 3, 0.903992, 0.817202
0.904992, 3, 0.904992, 0.81901
0.905992, 3, 0.905991, 0.820822
0.906992, 3, 0.906991, 0.822634
0.907992, 3, 0.907992, 0.824449
0.908992, 3, 0.908991, 0.826267
0.909992, 3, 0.909991, 0.828086
0.910992, 3, 0.910994, 0.829907
0.911992, 3, 0.911991, 0.831729
0.912992, 3, 0.912991, 0.833556
0.913992, 3, 0.913991, 0.835382
0.914992, 3, 0.914992, 0.83721
0.915992, 3, 0.915992, 0.83904
0.916992, 3, 0.916993, 0.840873
0.917992, 3, 0.917993, 0.842709
0.918992, 3, 0.918991, 0.844546
0.919992, 3, 0.919993, 0.846384
0.920992, 3, 0.920993, 0.848226
0.921992, 3, 0.921989, 0.85007
0.922992, 3, 0.92299, 0.851914
0.923992, 3, 0.923993, 0.853762
0.924992, 3, 0.924993, 0.855609
0.925992, 3, 0.925989, 0.857461
0.926992, 3, 0.926991, 0.859314
0.927992, 3, 0.927989, 0.861169
0.928992, 3, 0.928992, 0.863026
0.929992, 3, 0.929994, 0.864882
0.930992, 3, 0.930994, 0.866744
0.931992, 3, 0.931991, 0.868608
0.932992, 3, 0.932991, 0.870473
0.933992, 3, 0.933995, 0.872339
0.934992, 3, 0.934993, 0.874208
0.935992, 3, 0.935991, 0.87608
0.936992, 3, 0.936995, 0.877952
0.937991, 3, 0.937993, 0.879827
0.938991, 3, 0.938988, 0.881706
0.939991, 3, 0.939992, 0.883583
0.940991, 3, 0.940992, 0.885465
0.941991, 3, 0.941991, 0.887348
0.942991, 3, 0.942992, 0.889234
0.943991, 3, 0.943991, 0.89112
0.944991, 3, 0.944992, 0.893008
0.945991, 3, 0.945992, 0.894898
0.946991, 3, 0.946989, 0.896793
0.947991, 3, 0.947994, 0.898686
0.948991, 3, 0.948992, 0.900584
0.949991, 3, 0.949992, 0.902483
0.950991, 3, 0.950992, 0.904383
0.951991, 3, 0.951989, 0.906287
0.952991, 3, 0.95299, 0.908193
0.953991, 3, 0.953989, 0.9101
0.954991, 3, 0.95499, 0.912008
0.955991, 3, 0.955988, 0.913919
0.956991, 3, 0.956992, 0.915833
0.957991, 3, 0.957992, 0.917747
0.958991, 3, 0.95899, 0.919663
0.959991, 3, 0.959993, 0.921583
0.960991, 3, 0.960991, 0.923505
0.961991, 3, 0.961992, 0.925426
0.962991, 3, 0.96299, 0.927353
0.963991, 3, 0.963992, 0.929278
0.964991, 3, 0.964993, 0.931207
0.965991, 3, 0.96599, 0.933138
0.966991, 3, 0.966991, 0.935073
0.967991, 3, 0.96799, 0.937008
0.968991, 3, 0.968991, 0.938944
0.969991, 3, 0.969991, 0.940883
0.970991, 3, 0.97099, 0.942824
0.971991, 3, 0.971991, 0.944766
0.972991, 3, 0.97299, 0.946712
0.973991, 3, 0.973993, 0.948659
0.974991, 3, 0.974992, 0.950606
0.975991, 3, 0.975991, 0.952559
0.976991, 3, 0.976992, 0.954511
0.977991, 3, 0.977992, 0.956466
0.978991, 3, 0.978992, 0.958424
0.979991, 3, 0.979989, 0.960383
0.980991, 3, 0.980991, 0.962343
0.981991, 3, 0.981991, 0.964306
0.982991, 3, 0.982992, 0.96627
0.983991, 3, 0.983991, 0.968238
0.984991, 3, 0.984991, 0.970206
0.985991, 3, 0.985991, 0.972178
0.986991, 3, 0.98699, 0.974152
0.987991, 3, 0.987991, 0.976126
0.988991, 3, 0.988992, 0.978103
0.989991, 3, 0.989992, 0.980082
0.990991, 3, 0.990992, 0.982063
0.991991, 3, 0.991993, 0.984045
0.992991, 3, 0.99299, 0.986032
0.993991, 3, 0.993991, 0.988018
0.994991, 3, 0.994988, 0.990007
0.995991, 3, 0.995989, 0.991999
0.996991, 3, 0.996991, 0.993992
0.997991, 3, 0.99799, 0.995987
0.998991, 3, 0.998991, 0.997982
0.999991, 3, 0.99999, 0.999982
1.00099, 3, 1.00099, 1.00198
1.00199, 3, 1.00199, 1.00399
1.00299, 3, 1.00299, 1.00599
1.00399, 3, 1.00399, 1.008
1.00499, 3, 1.00499, 1.01001
1.00599, 3, 1.00599, 1.01202
1.00699, 3, 1.00699, 1.01403
1.00799, 3, 1.00799, 1.01605
1.00899, 3, 1.00899, 1.01806
1.00999, 3, 1.00999, 1.02008
1.01099, 3, 1.01099, 1.0221
1.01199, 3, 1.01199, 1.02413
1.01299, 3, 1.01299, 1.02615
1.01399, 3, 1.01399, 1.02818
1.01499, 3, 1.01499, 1.03021
1.01599, 3, 1.01599, 1.03224
1.01699, 3, 1.01699, 1.03427
1.01799, 3, 1.01799, 1.03631
1.01899, 3, 1.01899, 1.03834
1.01999, 3, 1.01999, 1.04038
1.02099, 3, 1.02099, 1.04242
1.02199, 3, 1.02199, 1.04447
1.02299, 3, 1.02299, 1.04651
1.02399, 3, 1.02399, 1.04856
1.02499, 3, 1.02499, 1.05061
1.02599, 3, 1.02599, 1.05266
1.02699, 3, 1.02699, 1.05471
1.02799, 3, 1.02799, 1.05677
1.02899, 3, 1.02899, 1.05882
1.02999, 3, 1.02999, 1.06088
1.03099, 3, 1.03099, 1.06294
1.03199, 3, 1.03199, 1.06501
1.03299, 3, 1.03299, 1.06707
1.03399, 3, 1.03399, 1.06914
1.03499, 3, 1.03499, 1.07121
1.03599, 3, 1.03599, 1.07328
1.03699, 3, 1.03699, 1.07535
1.03799, 3, 1.03799, 1.07743
1.03899, 3, 1.03899, 1.07951
1.03999, 3, 1.03999, 1.08158
1.04099, 3, 1.04099, 1.08367
1.04199, 3, 1.04199, 1.08575
1.04299, 3, 1.04299, 1.08783
1.04399, 3, 1.04399, 1.08992
1.04499, 3, 1.04499, 1.09201
1.04599, 3, 1.04599, 1.0941
1.04699, 3, 1.04699, 1.09619
1.04799, 3, 1.04799, 1.09829
1.04899, 3, 1.04899, 1.10039
1.04999, 3, 1.04999, 1.10249
1.05099, 3, 1.05099, 1.10459
1.05199, 3, 1.05199, 1.10669
1.05299, 3, 1.05299, 1.10879
1.05399, 3, 1.05399, 1.1109
1.05499, 3, 1.05499, 1.11301
1.05599, 3, 1.05599, 1.11512
1.05699, 3, 1.05699, 1.11723
1.05799, 3, 1.05799, 1.11935
1.05899, 3, 1.05899, 1.12147
1.05999, 3, 1.05999, 1.12359
1.06099, 3, 1.06099, 1.12571
1.06199, 3, 1.06199, 1.12783
1.06299, 3, 1.06299, 1.12996
1.06399, 3, 1.06399, 1.13208
1.06499, 3, 1.06499, 1.13421
1.06599, 3, 1.06599, 1.13634
1.06699, 3, 1.06699, 1.13848
1.06799, 3, 1.06799, 1.14061
1.06899, 3, 1.06899, 1.14275
1.06999, 3, 1.06999, 1.14489
1.07099, 3, 1.07099, 1.14703
1.07199, 3, 1.07199, 1.14917
1.07299, 3, 1.07299, 1.15132
1.07399, 3, 1.07399, 1.15346
1.07499, 3, 1.07499, 1.15561
1.07599, 3, 1.07599, 1.15776
1.07699, 3, 1.07699, 1.15992
1.07799, 3, 1.07799, 1.16207
1.07899, 3, 1.07899, 1.16423
1.07999, 3, 1.07999, 1.16639
1.08099, 3, 1.08099, 1.16855
1.08199, 3, 1.08199, 1.17071
1.08299, 3, 1.08299, 1.17288
1.08399, 3, 1.08399, 1.17504
1.08499, 3, 1.08499, 1.17721
1.08599, 3, 1.08599, 1.17938
1.08699, 3, 1.08699, 1.18156
1.08799, 3, 1.08799, 1.18373
1.08899, 3, 1.08899, 1.18591
1.08999, 3, 1.08999, 1.18809
1.09099, 3, 1.09099, 1.19027
1.092, 3, 1.092, 1.19245
1.093, 3, 1.093, 1.19464
1.094, 3, 1.094, 1.19683
1.095, 3, 1.095, 1.19901
1.096, 3, 1.096, 1.20121
1.097, 3, 1.097, 1.2034
1.098, 3, 1.098, 1.20559
1.099, 3, 1.099, 1.20779
1.1, 3, 1.1, 1.20999
1.101, 3, 1.101, 1.21219
1.102, 3, 1.102, 1.21439
1.103, 3, 1.103, 1.2166
1.104, 3, 1.104, 1.21881
1.105, 3, 1.105, 1.22102
1.106, 3, 1.106, 1.22323
1.107, 3, 1.107, 1.22544
1.108, 3, 1.108, 1.22765
1.109, 3, 1.109, 1.22987
1.11, 3, 1.11, 1.23209
1.111, 3, 1.111, 1.23431
1.112, 3, 1.112, 1.23653
1.113, 3, 1.113, 1.23876
1.114, 3, 1.114, 1.24099
1.115, 3, 1.115, 1.24322
1.116, 3, 1.116, 1.24545
1.117, 3, 1.117, 1.24768
1.118, 3, 1.118, 1.24992
1.119, 3, 1.119, 1.25215
1.12, 3, 1.12, 1.25439
1.121, 3, 1.121, 1.25663
1.122, 3, 1.122, 1.25888
1.123, 3, 1.123, 1.26112
1.124, 3, 1.124, 1.26337
1.125, 3, 1.125, 1.26562
1.126, 3, 1.126, 1.26787
1.127, 3, 1.127, 1.27012
1.128, 3, 1.128, 1.27238
1.129, 3, 1.129, 1.27463
1.13, 3, 1.13, 1.27689
1.131, 3, 1.131, 1.27915
1.132, 3, 1.132, 1.28142
1.133, 3, 1.133, 1.28368
1.134, 3, 1.134, 1.28595
1.135, 3, 1.135, 1.28822
1.136, 3, 1.136, 1.29049
1.137, 3, 1.137, 1.29276
1.138, 3, 1.138, 1.29504
1.139, 3, 1.139, 1.29731
1.14, 3, 1.14, 1.29959
1.141, 3, 1.141, 1.30187
1.142, 3, 1.142, 1.30416
1.143, 3, 1.143, 1.30644
1.144, 3, 1.144, 1.30873
1.145, 3, 1.145, 1.31102
1.146, 3, 1.146, 1.31331
1.147, 3, 1.147, 1.3156
1.148, 3, 1.148, 1.3179
1.149, 3, 1.149, 1.3202
1.15, 3, 1.15, 1.32249
1.151, 3, 1.151, 1.3248
1.152, 3, 1.152, 1.3271
1.153, 3, 1.153, 1.3294
1.154, 3, 1.154, 1.33171
1.155, 3, 1.155, 1.33402
1.156, 3, 1.156, 1.33633
1.157, 3, 1.157, 1.33864
1.158, 3, 1.158, 1.34096
1.159, 3, 1.159, 1.34328
1.16, 3, 1.16, 1.3456
1.161, 3, 1.161, 1.34792
1.162, 3, 1.162, 1.35024
1.163, 3, 1.163, 1.35257
1.164, 3, 1.164, 1.35489
1.165, 3, 1.165, 1.35722
1.166, 3, 1.166, 1.35955
1.167, 3, 1.167, 1.36189
1.168, 3, 1.168, 1.36422
1.169, 3, 1.169, 1.36656
1.17, 3, 1.17, 1.3689
1.171, 3, 1.171, 1.37124
1.172, 3, 1.172, 1.37358
1.173, 3, 1.173, 1.37593
1.174, 3, 1.174, 1.37827
1.175, 3, 1.175, 1.38062
1.176, 3, 1.176, 1.38297
1.177, 3, 1.177, 1.38533
1.178, 3, 1.178, 1.38768
1.179, 3, 1.179, 1.39004
1.18, 3, 1.18, 1.3924
1.181, 3, 1.181, 1.39476
1.182, 3, 1.182, 1.39712
1.183, 3, 1.183, 1.39949
1.184, 3, 1.184, 1.40185
1.185, 3, 1.185, 1.40422
1.186, 3, 1.186, 1.40659
1.187, 3, 1.187, 1.40897
1.188, 3, 1.188, 1.41134
1.189, 3, 1.189, 1.41372
1.19, 3, 1.19, 1.4161
1.191, 3, 1.191, 1.41848
1.192, 3, 1.192, 1.42086
1.193, 3, 1.193, 1.42325
1.194, 3, 1.194, 1.42564
1.195, 3, 1.195, 1.42802
1.196, 3, 1.196, 1.43042
1.197, 3, 1.197, 1.43281
1.198, 3, 1.198, 1.4352
1.199, 3, 1.199, 1.4376
1.2, 3, 1.2, 1.44
1.201, 3, 1.201, 1.4424
1.202, 3, 1.202, 1.4448
1.203, 3, 1.203, 1.44721
1.204, 3, 1.204, 1.44962
1.205, 3, 1.205, 1.45203
1.206, 3, 1.206, 1.45444
1.207, 3, 1.207, 1.45685
1.208, 3, 1.208, 1.45926
1.209, 3, 1.209, 1.46168
1.21, 3, 1.21, 1.4641
1.211, 3, 1.211, 1.46652
1.212, 3, 1.212, 1.46895
1.213, 3, 1.213, 1.47137
1.214, 3, 1.214, 1.4738
1.215, 3, 1.215, 1.47623
1.216, 3, 1.216, 1.47866
1.217, 3, 1.217, 1.48109
1.218, 3, 1.218, 1.48353
1.219, 3, 1.219, 1.48596
1.22, 3, 1.22, 1.4884
1.221, 3, 1.221, 1.49084
1.222, 3, 1.222, 1.49329
1.223, 3, 1.223, 1.49573
1.224, 3, 1.224, 1.49818
1.225, 3, 1.225, 1.50063
1.226, 3, 1.226, 1.50308
1.227, 3, 1.227, 1.50553
1.228, 3, 1.228, 1.50799
1.229, 3, 1.229, 1.51044
1.23, 3, 1.23, 1.5129
1.231, 3, 1.231, 1.51536
1.232, 3, 1.232, 1.51783
1.233, 3, 1.233, 1.52029
1.234, 3, 1.234, 1.52276
1.235, 3, 1.235, 1.52523
1.236, 3, 1.236, 1.5277
1.237, 3, 1.237, 1.53017
1.238, 3, 1.238, 1.53265
1.239, 3, 1.239, 1.53513
1.24, 3, 1.24, 1.5376
1.241, 3, 1.241, 1.54009
1.242, 3, 1.242, 1.54257
1.243, 3, 1.243, 1.54505
1.244, 3, 1.244, 1.54754
1.245, 3, 1.245, 1.55003
1.246, 3, 1.246, 1.55252
1.247, 3, 1.247, 1.55501
1.248, 3, 1.248, 1.55751
1.249, 3, 1.249, 1.56001
1.25, 3, 1.25, 1.56251
1.251, 3, 1.251, 1.56501
1.252, 3, 1.252, 1.56751
1.253, 3, 1.253, 1.57002
1.254, 3, 1.254, 1.57252
1.255, 3, 1.255, 1.57503
1.256, 3, 1.256, 1.57754
1.257, 3, 1.257, 1.58006
1.258, 3, 1.258, 1.58257
1.259, 3, 1.259, 1.58509
1.26, 3, 1.26, 1.58761
1.261, 3, 1.261, 1.59013
1.262, 3, 1.262, 1.59265
1.263, 3, 1.263, 1.59518
1.264, 3, 1.264, 1.5977
1.265, 3, 1.265, 1.60023
1.266, 3, 1.266, 1.60276
1.267, 3, 1.267, 1.6053
1.268, 3, 1.268, 1.60783
1.269, 3, 1.269, 1.61037
1.27, 3, 1.27, 1.61291
1.271, 3, 1.271, 1.61545
1.272, 3, 1.272, 1.61799
1.273, 3, 1.273, 1.62054
1.274, 3, 1.274, 1.62308
1.275, 3, 1.275, 1.62563
1.276, 3, 1.276, 1.62819
1.277, 3, 1.277, 1.63074
1.278, 3, 1.278, 1.63329
1.279, 3, 1.279, 1.63585
1.28, 3, 1.28, 1.63841
1.281, 3, 1.281, 1.64097
1.282, 3, 1.282, 1.64353
1.283, 3, 1.283, 1.6461
1.284, 3, 1.284, 1.64867
1.285, 3, 1.285, 1.65124
1.286, 3, 1.286, 1.65381
1.287, 3, 1.287, 1.65638
1.288, 3, 1.288, 1.65895
1.289, 3, 1.289, 1.66153
1.29, 3, 1.29, 1.66411
1.291, 3, 1.291, 1.66669
1.292, 3, 1.292, 1.66928
1.293, 3, 1.293, 1.67186
1.294, 3, 1.294, 1.67445
1.295, 3, 1.295, 1.67704
1.296, 3, 1.296, 1.67963
1.297, 3, 1.297, 1.68222
1.298, 3, 1.298, 1.68482
1.299, 3, 1.299, 1.68741
1.3, 3, 1.3, 1.69001
1.301, 3, 1.301, 1.69261
1.302, 3, 1.302, 1.69522
1.303, 3, 1.303, 1.69782
1.304, 3, 1.304, 1.70043
1.305, 3, 1.305, 1.70304
1.30601, 3, 1.30601, 1.70565
1.30701, 3, 1.30701, 1.70826
1.30801, 3, 1.30801, 1.71088
1.30901, 3, 1.30901, 1.71349
1.31001, 3, 1.31001, 1.71611
1.31101, 3, 1.31101, 1.71873
1.31201, 3, 1.31201, 1.72136
1.31301, 3, 1.31301, 1.72398
1.31401, 3, 1.31401, 1.72661
1.31501, 3, 1.31501, 1.72924
1.31601, 3, 1.31601, 1.73187
1.31701, 3, 1.31701, 1.7345
1.31801, 3, 1.31801, 1.73714
1.31901, 3, 1.31901, 1.73978
1.32001, 3, 1.32001, 1.74241
1.32101, 3, 1.32101, 1.74506
1.32201, 3, 1.32201, 1.7477
1.32301, 3, 1.32301, 1.75034
1.32401, 3, 1.32401, 1.75299
1.32501, 3, 1.32501, 1.75564
1.32601, 3, 1.32601, 1.75829
1.32701, 3, 1.32701, 1.76094
1.32801, 3, 1.32801, 1.7636
1.32901, 3, 1.32901, 1.76626
1.33001, 3, 1.33001, 1.76892
1.33101, 3, 1.33101, 1.77158
1.33201, 3, 1.33201, 1.77424
1.33301, 3, 1.33301, 1.77691
1.33401, 3, 1.33401, 1.77957
1.33501, 3, 1.33501, 1.78224
1.33601, 3, 1.33601, 1.78491
1.33701, 3, 1.33701, 1.78759
1.33801, 3, 1.33801, 1.79026
1.33901, 3, 1.33901, 1.79294
1.34001, 3, 1.34001, 1.79562
1.34101, 3, 1.34101, 1.7983
1.34201, 3, 1.34201, 1.80098
1.34301, 3, 1.34301, 1.80367
1.34401, 3, 1.34401, 1.80635
1.34501, 3, 1.34501, 1.80904
1.34601, 3, 1.34601, 1.81173
1.34701, 3, 1.34701, 1.81443
1.34801, 3, 1.34801, 1.81712
1.34901, 3, 1.34901, 1.81982
1.35001, 3, 1.35001, 1.82252
1.35101, 3, 1.35101, 1.82522
1.35201, 3, 1.35201, 1.82792
1.35301, 3, 1.35301, 1.83063
1.35401, 3, 1.35401, 1.83334
1.35501, 3, 1.35501, 1.83604
1.35601, 3, 1.35601, 1.83876
1.35701, 3, 1.35701, 1.84147
1.35801, 3, 1.35801, 1.84418
1.35901, 3, 1.35901, 1.8469
1.36001, 3, 1.36001, 1.84962
1.36101, 3, 1.36101, 1.85234
1.36201, 3, 1.36201, 1.85506
1.36301, 3, 1.36301, 1.85779
1.36401, 3, 1.36401, 1.86052
1.36501, 3, 1.36501, 1.86325
1.36601, 3, 1.36601, 1.86598
1.36701, 3, 1.36701, 1.86871
1.36801, 3, 1.36801, 1.87145
1.36901, 3, 1.36901, 1.87418
1.37001, 3, 1.37001, 1.87692
1.37101, 3, 1.37101, 1.87966
1.37201, 3, 1.37201, 1.88241
1.37301, 3, 1.37301, 1.88515
1.37401, 3, 1.37401, 1.8879
1.37501, 3, 1.37501, 1.89065
1.37601, 3, 1.37601, 1.8934
1.37701, 3, 1.37701, 1.89615
1.37801, 3, 1.37801, 1.89891
1.37901, 3, 1.37901, 1.90166
1.38001, 3, 1.38001, 1.90442
1.38101, 3, 1.38101, 1.90718
1.38201, 3, 1.38201, 1.90995
1.38301, 3, 1.38301, 1.91271
1.38401, 3, 1.38401, 1.91548
1.38501, 3, 1.38501, 1.91825
1.38601, 3, 1.38601, 1.92102
1.38701, 3, 1.38701, 1.92379
1.38801, 3, 1.38801, 1.92657
1.38901, 3, 1.38901, 1.92935
1.39001, 3, 1.39001, 1.93212
1.39101, 3, 1.39101, 1.93491
1.39201, 3, 1.39201, 1.93769
1.39301, 3, 1.39301, 1.94047
1.39401, 3, 1.39401, 1.94326
1.39501, 3, 1.39501, 1.94605
1.39601, 3, 1.39601, 1.94884
1.39701, 3, 1.39701, 1.95163
1.39801, 3, 1.39801, 1.95443
1.39901, 3, 1.39901, 1.95723
1.40001, 3, 1.40001, 1.96003
1.40101, 3, 1.40101, 1.96283
1.40201, 3, 1.40201, 1.96563
1.40301, 3, 1.40301, 1.96844
1.40401, 3, 1.40401, 1.97124
1.40501, 3, 1.40501, 1.97405
1.40601, 3, 1.40601, 1.97686
1.40701, 3, 1.40701, 1.97968
1.40801, 3, 1.40801, 1.98249
1.40901, 3, 1.40901, 1.98531
1.41001, 3, 1.41001, 1.98813
1.41101, 3, 1.41101, 1.99095
1.41201, 3, 1.41201, 1.99377
1.41301, 3, 1.41301, 1.9966
1.41401, 3, 1.41401, 1.99942
1.41501, 3, 1.41501, 2.00225
1.41601, 3, 1.41601, 2.00508
1.41701, 3, 1.41701, 2.00792
1.41801, 3, 1.41801, 2.01075
1.41901, 3, 1.41901, 2.01359
1.42001, 3, 1.42001, 2.01643
1.42101, 3, 1.42101, 2.01927
1.42201, 3, 1.42201, 2.02211
1.42301, 3, 1.42301, 2.02496
1.42401, 3, 1.42401, 2.02781
1.42501, 3, 1.42501, 2.03066
1.42601, 3, 1.42601, 2.03351
1.42701, 3, 1.42701, 2.03636
1.42801, 3, 1.42801, 2.03921
1.42901, 3, 1.42901, 2.04207
1.43001, 3, 1.43001, 2.04493
1.43101, 3, 1.43101, 2.04779
1.43201, 3, 1.43201, 2.05066
1.43301, 3, 1.43301, 2.05352
1.43401, 3, 1.43401, 2.05639
1.43501, 3, 1.43501, 2.05926
1.43601, 3, 1.43601, 2.06213
1.43701, 3, 1.43701, 2.065
1.43801, 3, 1.43801, 2.06788
1.43901, 3, 1.43901, 2.07075
1.44001, 3, 1.44001, 2.07363
1.44101, 3, 1.44101, 2.07651
1.44201, 3, 1.44201, 2.0794
1.44301, 3, 1.44301, 2.08228
1.44401, 3, 1.44401, 2.08517
1.44501, 3, 1.44501, 2.08806
1.44601, 3, 1.44601, 2.09095
1.44701, 3, 1.44701, 2.09384
1.44801, 3, 1.44801, 2.09674
1.44901, 3, 1.44901, 2.09963
1.45001, 3, 1.45001, 2.10253
1.45101, 3, 1.45101, 2.10544
1.45201, 3, 1.45201, 2.10834
1.45301, 3, 1.45301, 2.11124
1.45401, 3, 1.45401, 2.11415
1.45501, 3, 1.45501, 2.11706
1.45601, 3, 1.45601, 2.11997
1.45701, 3, 1.45701, 2.12288
1.45801, 3, 1.45801, 2.1258
1.45901, 3, 1.45901, 2.12872
1.46001, 3, 1.46001, 2.13164
1.46101, 3, 1.46101, 2.13456
1.46201, 3, 1.46201, 2.13748
1.46301, 3, 1.46301, 2.14041
1.46401, 3, 1.46401, 2.14333
1.46501, 3, 1.46501, 2.14626
1.46601, 3, 1.46601, 2.14919
1.46701, 3, 1.46701, 2.15213
1.46801, 3, 1.46801, 2.15506
1.46901, 3, 1.46901, 2.158
1.47001, 3, 1.47001, 2.16094
1.47101, 3, 1.47101, 2.16388
1.47201, 3, 1.47201, 2.16682
1.47301, 3, 1.47301, 2.16977
1.47401, 3, 1.47401, 2.17271
1.47501, 3, 1.47501, 2.17566
1.47601, 3, 1.47601, 2.17861
1.47701, 3, 1.47701, 2.18157
1.47801, 3, 1.47801, 2.18452
1.47901, 3, 1.47901, 2.18748
1.48001, 3, 1.48001, 2.19044
1.48101, 3, 1.48101, 2.1934
1.48201, 3, 1.48201, 2.19636
1.48301, 3, 1.48301, 2.19933
1.48401, 3, 1.48401, 2.2023
1.48501, 3, 1.48501, 2.20526
1.48601, 3, 1.48601, 2.20824
1.48701, 3, 1.48701, 2.21121
1.48801, 3, 1.48801, 2.21418
1.48901, 3, 1.48901, 2.21716
1.49001, 3, 1.49001, 2.22014
1.49101, 3, 1.49101, 2.22312
1.49201, 3, 1.49201, 2.2261
1.49301, 3, 1.49301, 2.22909
1.49401, 3, 1.49401, 2.23208
1.49501, 3, 1.49501, 2.23507
1.49601, 3, 1.49601, 2.23806
1.49701, 3, 1.49701, 2.24105
1.49801, 3, 1.49801, 2.24405
1.49901, 3, 1.49901, 2.24704
1.50001, 3, 1.50001, 2.25004
1.50101, 3, 1.50101, 2.25304
1.50201, 3, 1.50201, 2.25605
1.50301, 3, 1.50301, 2.25905
1.50401, 3, 1.50401, 2.26206
1.50501, 3, 1.50501, 2.26507
1.50601, 3, 1.50601, 2.26808
1.50701, 3, 1.50701, 2.27109
1.50801, 3, 1.50801, 2.27411
1.50901, 3, 1.50901, 2.27712
1.51001, 3, 1.51001, 2.28014
1.51101, 3, 1.51101, 2.28316
1.51201, 3, 1.51201, 2.28619
1.51301, 3, 1.51301, 2.28921
1.51401, 3, 1.51401, 2.29224
1.51501, 3, 1.51501, 2.29527
1.51601, 3, 1.51601, 2.2983
1.51701, 3, 1.51701, 2.30133
1.51801, 3, 1.51801, 2.30437
1.51901, 3, 1.51901, 2.30741
1.52002, 3, 1.52002, 2.31045
1.52102, 3, 1.52102, 2.31349
1.52202, 3, 1.52202, 2.31653
1.52302, 3, 1.52302, 2.31958
1.52402, 3, 1.52402, 2.32262
1.52502, 3, 1.52502, 2.32567
1.52602, 3, 1.52602, 2.32872
1.52702, 3, 1.52702, 2.33178
1.52802, 3, 1.52802, 2.33483
1.52902, 3, 1.52902, 2.33789
1.53002, 3, 1.53002, 2.34095
1.53102, 3, 1.53102, 2.34401
1.53202, 3, 1.53202, 2.34707
1.53302, 3, 1.53302, 2.35014
1.53402, 3, 1.53402, 2.3532
1.53502, 3, 1.53502, 2.35627
1.53602, 3, 1.53602, 2.35934
1.53702, 3, 1.53702, 2.36242
1.53802, 3, 1.53802, 2.36549
1.53902, 3, 1.53902, 2.36857
1.54002, 3, 1.54002, 2.37165
1.54102, 3, 1.54102, 2.37473
1.54202, 3, 1.54202, 2.37781
1.54302, 3, 1.54302, 2.3809
1.54402, 3, 1.54402, 2.38399
1.54502, 3, 1.54502, 2.38707
1.54602, 3, 1.54602, 2.39017
1.54702, 3, 1.54702, 2.39326
1.54802, 3, 1.54802, 2.39635
1.54902, 3, 1.54902, 2.39945
1.55002, 3, 1.55002, 2.40255
1.55102, 3, 1.55102, 2.40565
1.55202, 3, 1.55202, 2.40876
1.55302, 3, 1.55302, 2.41186
1.55402, 3, 1.55402, 2.41497
1.55502, 3, 1.55502, 2.41808
1.55602, 3, 1.55602, 2.42119
1.55702, 3, 1.55702, 2.4243
1.55802, 3, 1.55802, 2.42742
1.55902, 3, 1.55902, 2.43053
1.56002, 3, 1.56002, 2.43365
1.56102, 3, 1.56102, 2.43677
1.56202, 3, 1.56202, 2.4399
1.56302, 3, 1.56302, 2.44302
1.56402, 3, 1.56402, 2.44615
1.56502, 3, 1.56502, 2.44928
1.56602, 3, 1.56602, 2.45241
1.56702, 3, 1.56702, 2.45554
1.56802, 3, 1.56802, 2.45868
1.56902, 3, 1.56902, 2.46182
1.57002, 3, 1.57002, 2.46495
1.57102, 3, 1.57102, 2.4681
1.57202, 3, 1.57202, 2.47124
1.57302, 3, 1.57302, 2.47438
1.57402, 3, 1.57402, 2.47753
1.57502, 3, 1.57502, 2.48068
1.57602, 3, 1.57602, 2.48383
1.57702, 3, 1.57702, 2.48698
1.57802, 3, 1.57802, 2.49014
1.57902, 3, 1.57902, 2.4933
1.58002, 3, 1.58002, 2.49646
1.58102, 3, 1.58102, 2.49962
1.58202, 3, 1.58202, 2.50278
1.58302, 3, 1.58302, 2.50595
1.58402, 3, 1.58402, 2.50911
1.58502, 3, 1.58502, 2.51228
1.58602, 3, 1.58602, 2.51545
1.58702, 3, 1.58702, 2.51863
1.58802, 3, 1.58802, 2.5218
1.58902, 3, 1.58902, 2.52498
1.59002, 3, 1.59002, 2.52816
1.59102, 3, 1.59102, 2.53134
1.59202, 3, 1.59202, 2.53452
1.59302, 3, 1.59302, 2.53771
1.59402, 3, 1.59402, 2.54089
1.59502, 3, 1.59502, 2.54408
1.59602, 3, 1.59602, 2.54728
1.59702, 3, 1.59702, 2.55047
1.59802, 3, 1.59802, 2.55366
1.59902, 3, 1.59902, 2.55686
1.60002, 3, 1.60002, 2.56006
1.60102, 3, 1.60102, 2.56326
1.60202, 3, 1.60202, 2.56646
1.60302, 3, 1.60302, 2.56967
1.60402, 3, 1.60402, 2.57288
1.60502, 3, 1.60502, 2.57609
1.60602, 3, 1.60602, 2.5793
1.60702, 3, 1.60702, 2.58251
1.60802, 3, 1.60802, 2.58573
1.60902, 3, 1.60902, 2.58894
1.61002, 3, 1.61002, 2.59216
1.61102, 3, 1.61102, 2.59538
1.61202, 3, 1.61202, 2.59861
1.61302, 3, 1.61302, 2.60183
1.61402, 3, 1.61402, 2.60506
1.61502, 3, 1.61502, 2.60829
1.61602, 3, 1.61602, 2.61152
1.61702, 3, 1.61702, 2.61475
1.61802, 3, 1.61802, 2.61799
1.61902, 3, 1.61902, 2.62122
1.62002, 3, 1.62002, 2.62446
1.62102, 3, 1.62102, 2.6277
1.62202, 3, 1.62202, 2.63095
1.62302, 3, 1.62302, 2.63419
1.62402, 3, 1.62402, 2.63744
1.62502, 3, 1.62502, 2.64069
1.62602, 3, 1.62602, 2.64394
1.62702, 3, 1.62702, 2.64719
1.62802, 3, 1.62802, 2.65045
1.62902, 3, 1.62902, 2.65371
1.63002, 3, 1.63002, 2.65697
1.63102, 3, 1.63102, 2.66023
1.63202, 3, 1.63202, 2.66349
1.63302, 3, 1.63302, 2.66676
1.63402, 3, 1.63402, 2.67002
1.63502, 3, 1.63502, 2.67329
1.63602, 3, 1.63602, 2.67656
1.63702, 3, 1.63702, 2.67984
1.63802, 3, 1.63802, 2.68311
1.63902, 3, 1.63902, 2.68639
1.64002, 3, 1.64002, 2.68967
1.64102, 3, 1.64102, 2.69295
1.64202, 3, 1.64202, 2.69623
1.64302, 3, 1.64302, 2.69952
1.64402, 3, 1.64402, 2.7028
1.64502, 3, 1.64502, 2.70609
1.64602, 3, 1.64602, 2.70938
1.64702, 3, 1.64702, 2.71268
1.64802, 3, 1.64802, 2.71597
1.64902, 3, 1.64902, 2.71927
1.65002, 3, 1.65002, 2.72257
1.65102, 3, 1.65102, 2.72587
1.65202, 3, 1.65202, 2.72917
1.65302, 3, 1.65302, 2.73248
1.65402, 3, 1.65402, 2.73579
1.65502, 3, 1.65502, 2.7391
1.65602, 3, 1.65602, 2.74241
1.65702, 3, 1.65702, 2.74572
1.65802, 3, 1.65802, 2.74904
1.65902, 3, 1.65902, 2.75235
1.66002, 3, 1.66002, 2.75567
1.66102, 3, 1.66102, 2.75899
1.66202, 3, 1.66202, 2.76232
1.66302, 3, 1.66302, 2.76564
1.66402, 3, 1.66402, 2.76897
1.66502, 3, 1.66502, 2.7723
1.66602, 3, 1.66602, 2.77563
1.66702, 3, 1.66702, 2.77896
1.66802, 3, 1.66802, 2.7823
1.66902, 3, 1.66902, 2.78563
1.67002, 3, 1.67002, 2.78897
1.67102, 3, 1.67102, 2.79231
1.67202, 3, 1.67202, 2.79566
1.67302, 3, 1.67302, 2.799
1.67402, 3, 1.67402, 2.80235
1.67502, 3, 1.67502, 2.8057
1.67602, 3, 1.67602, 2.80905
1.67702, 3, 1.67702, 2.8124
1.67802, 3, 1.67802, 2.81576
1.67902, 3, 1.67902, 2.81912
1.68002, 3, 1.68002, 2.82248
1.68102, 3, 1.68102, 2.82584
1.68202, 3, 1.68202, 2.8292
1.68302, 3, 1.68302, 2.83257
1.68402, 3, 1.68402, 2.83593
1.68502, 3, 1.68502, 2.8393
1.68602, 3, 1.68602, 2.84267
1.68702, 3, 1.68702, 2.84605
1.68802, 3, 1.68802, 2.84942
1.68902, 3, 1.68902, 2.8528
1.69002, 3, 1.69002, 2.85618
1.69102, 3, 1.69102, 2.85956
1.69202, 3, 1.69202, 2.86294
1.69302, 3, 1.69302, 2.86633
1.69402, 3, 1.69402, 2.86971
1.69502, 3, 1.69502, 2.8731
1.69602, 3, 1.69602, 2.87649
1.69702, 3, 1.69702, 2.87989
1.69802, 3, 1.69802, 2.88328
1.69902, 3, 1.69902, 2.88668
1.70002, 3, 1.70002, 2.89008
1.70102, 3, 1.70102, 2.89348
1.70202, 3, 1.70202, 2.89688
1.70302, 3, 1.70302, 2.90029
1.70402, 3, 1.70402, 2.9037
1.70502, 3, 1.70502, 2.90711
1.70602, 3, 1.70602, 2.91052
1.70702, 3, 1.70702, 2.91393
1.70802, 3, 1.70802, 2.91735
1.70902, 3, 1.70902, 2.92076
1.71002, 3, 1.71002, 2.92418
1.71102, 3, 1.71102, 2.9276
1.71202, 3, 1.71202, 2.93103
1.71302, 3, 1.71302, 2.93445
1.71402, 3, 1.71402, 2.93788
1.71502, 3, 1.71502, 2.94131
1.71602, 3, 1.71602, 2.94474
1.71702, 3, 1.71702, 2.94817
1.71802, 3, 1.71802, 2.95161
1.71902, 3, 1.71902, 2.95504
1.72002, 3, 1.72002, 2.95848
1.72102, 3, 1.72102, 2.96193
1.72202, 3, 1.72202, 2.96537
1.72302, 3, 1.72302, 2.96881
1.72402, 3, 1.72402, 2.97226
1.72502, 3, 1.72502, 2.97571
1.72602, 3, 1.72602, 2.97916
1.72702, 3, 1.72702, 2.98261
1.72802, 3, 1.72802, 2.98607
1.72902, 3, 1.72902, 2.98953
1.73002, 3, 1.73002, 2.99299
1.73102, 3, 1.73102, 2.99645
1.73202, 3, 1.73202, 2.99991
1.73302, 3, 1.73302, 3.00338
1.73403, 3, 1.73403, 3.00684
1.73503, 3, 1.73503, 3.01031
1.73603, 3, 1.73603, 3.01378
1.73703, 3, 1.73703, 3.01726
1.73803, 3, 1.73803, 3.02073
1.73903, 3, 1.73903, 3.02421
1.74003, 3, 1.74003, 3.02769
1.74103, 3, 1.74103, 3.03117
1.74203, 3, 1.74203, 3.03465
1.74303, 3, 1.74303, 3.03814
1.74403, 3, 1.74403, 3.04162
1.74503, 3, 1.74503, 3.04511
1.74603, 3, 1.74603, 3.04861
1.74703, 3, 1.74703, 3.0521
1.74803, 3, 1.74803, 3.05559
1.74903, 3, 1.74903, 3.05909
1.75003, 3, 1.75003, 3.06259
1.75103, 3, 1.75103, 3.06609
1.75203, 3, 1.75203, 3.06959
1.75303, 3, 1.75303, 3.0731
1.75403, 3, 1.75403, 3.07661
1.75503, 3, 1.75503, 3.08012
1.75603, 3, 1.75603, 3.08363
1.75703, 3, 1.75703, 3.08714
1.75803, 3, 1.75803, 3.09066
1.75903, 3, 1.75903, 3.09417
1.76003, 3, 1.76003, 3.09769
1.76103, 3, 1.76103, 3.10121
1.76203, 3, 1.76203, 3.10474
1.76303, 3, 1.76303, 3.10826
1.76403, 3, 1.76403, 3.11179
1.76503, 3, 1.76503, 3.11532
1.76603, 3, 1.76603, 3.11885
1.76703, 3, 1.76703, 3.12238
1.76803, 3, 1.76803, 3.12592
1.76903, 3, 1.76903, 3.12946
1.77003, 3, 1.77003, 3.13299
1.77103, 3, 1.77103, 3.13654
1.77203, 3, 1.77203, 3.14008
1.77303, 3, 1.77303, 3.14362
1.77403, 3, 1.77403, 3.14717
1.77503, 3, 1.77503, 3.15072
1.77603, 3, 1.77603, 3.15427
1.77703, 3, 1.77703, 3.15782
1.77803, 3, 1.77803, 3.16138
1.77903, 3, 1.77903, 3.16494
1.78003, 3, 1.78003, 3.1685
1.78103, 3, 1.78103, 3.17206
1.78203, 3, 1.78203, 3.17562
1.78303, 3, 1.78303, 3.17919
1.78403, 3, 1.78403, 3.18275
1.78503, 3, 1.78503, 3.18632
1.78603, 3, 1.78603, 3.18989
1.78703, 3, 1.78703, 3.19347
1.78803, 3, 1.78803, 3.19704
1.78903, 3, 1.78903, 3.20062
1.79003, 3, 1.79003, 3.2042
1.79103, 3, 1.79103, 3.20778
1.79203, 3, 1.79203, 3.21136
1.79303, 3, 1.79303, 3.21495
1.79403, 3, 1.79403, 3.21854
1.79503, 3, 1.79503, 3.22213
1.79603, 3, 1.79603, 3.22572
1.79703, 3, 1.79703, 3.22931
1.79803, 3, 1.79803, 3.2329
1.79903, 3, 1.79903, 3.2365
1.80003, 3, 1.80003, 3.2401
1.80103, 3, 1.80103, 3.2437
1.80203, 3, 1.80203, 3.24731
1.80303, 3, 1.80303, 3.25091
1.80403, 3, 1.80403, 3.25452
1.80503, 3, 1.80503, 3.25813
1.80603, 3, 1.80603, 3.26174
1.80703, 3, 1.80703, 3.26535
1.80803, 3, 1.80803, 3.26897
1.80903, 3, 1.80903, 3.27258
1.81003, 3, 1.81003, 3.2762
1.81103, 3, 1.81103, 3.27982
1.81203, 3, 1.81203, 3.28345
1.81303, 3, 1.81303, 3.28707
1.81403, 3, 1.81403, 3.2907
1.81503, 3, 1.81503, 3.29433
1.81603, 3, 1.81603, 3.29796
1.81703, 3, 1.81703, 3.30159
1.81803, 3, 1.81803, 3.30523
1.81903, 3, 1.81903, 3.30887
1.82003, 3, 1.82003, 3.31251
1.82103, 3, 1.82103, 3.31615
1.82203, 3, 1.82203, 3.31979
1.82303, 3, 1.82303, 3.32344
1.82403, 3, 1.82403, 3.32708
1.82503, 3, 1.82503, 3.33073
1.82603, 3, 1.82603, 3.33438
1.82703, 3, 1.82703, 3.33804
1.82803, 3, 1.82803, 3.34169
1.82903, 3, 1.82903, 3.34535
1.83003, 3, 1.83003, 3.34901
1.83103, 3, 1.83103, 3.35267
1.83203, 3, 1.83203, 3.35633
1.83303, 3, 1.83303, 3.36
1.83403, 3, 1.83403, 3.36366
1.83503, 3, 1.83503, 3.36733
1.83603, 3, 1.83603, 3.37101
1.83703, 3, 1.83703, 3.37468
1.83803, 3, 1.83803, 3.37835
1.83903, 3, 1.83903, 3.38203
1.84003, 3, 1.84003, 3.38571
1.84103, 3, 1.84103, 3.38939
1.84203, 3, 1.84203, 3.39307
1.84303, 3, 1.84303, 3.39676
1.84403, 3, 1.84403, 3.40045
1.84503, 3, 1.84503, 3.40414
1.84603, 3, 1.84603, 3.40783
1.84703, 3, 1.84703, 3.41152
1.84803, 3, 1.84803, 3.41522
1.84903, 3, 1.84903, 3.41891
1.85003, 3, 1.85003, 3.42261
1.85103, 3, 1.85103, 3.42631
1.85203, 3, 1.85203, 3.43002
1.85303, 3, 1.85303, 3.43372
1.85403, 3, 1.85403, 3.43743
1.85503, 3, 1.85503, 3.44114
1.85603, 3, 1.85603, 3.44485
1.85703, 3, 1.85703, 3.44856
1.85803, 3, 1.85803, 3.45228
1.85903, 3, 1.85903, 3.456
1.86003, 3, 1.86003, 3.45971
1.86103, 3, 1.86103, 3.46344
1.86203, 3, 1.86203, 3.46716
1.86303, 3, 1.86303, 3.47088
1.86403, 3, 1.86403, 3.47461
1.86503, 3, 1.86503, 3.47834
1.86603, 3, 1.86603, 3.48207
1.86703, 3, 1.86703, 3.48581
1.86803, 3, 1.86803, 3.48954
1.86903, 3, 1.86903, 3.49328
1.87003, 3, 1.87003, 3.49702
1.87103, 3, 1.87103, 3.50076
1.87203, 3, 1.87203, 3.5045
1.87303, 3, 1.87303, 3.50825
1.87403, 3, 1.87403, 3.51199
1.87503, 3, 1.87503, 3.51574
1.87603, 3, 1.87603, 3.51949
1.87703, 3, 1.87703, 3.52325
1.87803, 3, 1.87803, 3.527
1.87903, 3, 1.87903, 3.53076
1.88003, 3, 1.88003, 3.53452
1.88103, 3, 1.88103, 3.53828
1.88203, 3, 1.88203, 3.54204
1.88303, 3, 1.88303, 3.54581
1.88403, 3, 1.88403, 3.54958
1.88503, 3, 1.88503, 3.55335
1.88603, 3, 1.88603, 3.55712
1.88703, 3, 1.88703, 3.56089
1.88803, 3, 1.88803, 3.56467
1.88903, 3, 1.88903, 3.56844
1.89003, 3, 1.89003, 3.57222
1.89103, 3, 1.89103, 3.576
1.89203, 3, 1.89203, 3.57979
1.89303, 3, 1.89303, 3.58357
1.89403, 3, 1.89403, 3.58736
1.89503, 3, 1.89503, 3.59115
1.89603, 3, 1.89603, 3.59494
1.89703, 3, 1.89703, 3.59873
1.89803, 3, 1.89803, 3.60253
1.89903, 3, 1.89903, 3.60633
1.90003, 3, 1.90003, 3.61012
1.90103, 3, 1.90103, 3.61393
1.90203, 3, 1.90203, 3.61773
1.90303, 3, 1.90303, 3.62153
1.90403, 3, 1.90403, 3.62534
1.90503, 3, 1.90503, 3.62915
1.90603, 3, 1.90603, 3.63296
1.90703, 3, 1.90703, 3.63678
1.90803, 3, 1.90803, 3.64059
1.90903, 3, 1.90903, 3.64441
1.91003, 3, 1.91003, 3.64823
1.91103, 3, 1.91103, 3.65205
1.91203, 3, 1.91203, 3.65587
1.91303, 3, 1.91303, 3.6597
1.91403, 3, 1.91403, 3.66352
1.91503, 3, 1.91503, 3.66735
1.91603, 3, 1.91603, 3.67118
1.91703, 3, 1.91703, 3.67502
1.91803, 3, 1.91803, 3.67885
1.91903, 3, 1.91903, 3.68269
1.92003, 3, 1.92003, 3.68653
1.92103, 3, 1.92103, 3.69037
1.92203, 3, 1.92203, 3.69421
1.92303, 3, 1.92303, 3.69806
1.92403, 3, 1.92403, 3.70191
1.92503, 3, 1.92503, 3.70576
1.92603, 3, 1.92603, 3.70961
1.92703, 3, 1.92703, 3.71346
1.92803, 3, 1.92803, 3.71732
1.92903, 3, 1.92903, 3.72117
1.93003, 3, 1.93003, 3.72503
1.93103, 3, 1.93103, 3.72889
1.93203, 3, 1.93203, 3.73276
1.93303, 3, 1.93303, 3.73662
1.93403, 3, 1.93403, 3.74049
1.93503, 3, 1.93503, 3.74436
1.93603, 3, 1.93603, 3.74823
1.93703, 3, 1.93703, 3.7521
1.93803, 3, 1.93803, 3.75598
1.93903, 3, 1.93903, 3.75986
1.94003, 3, 1.94003, 3.76373
1.94103, 3, 1.94103, 3.76762
1.94203, 3, 1.94203, 3.7715
1.94303, 3, 1.94303, 3.77538
1.94403, 3, 1.94403, 3.77927
1.94503, 3, 1.94503, 3.78316
1.94603, 3, 1.94603, 3.78705
1.94703, 3, 1.94703, 3.79095
1.94804, 3, 1.94804, 3.79484
1.94904, 3, 1.94904, 3.79874
1.95004, 3, 1.95004, 3.80264
1.95104, 3, 1.95104, 3.80654
1.95204, 3, 1.95204, 3.81044
1.95304, 3, 1.95304, 3.81435
1.95404, 3, 1.95404, 3.81825
1.95504, 3, 1.95504, 3.82216
1.95604, 3, 1.95604, 3.82607
1.95704, 3, 1.95704, 3.82999
1.95804, 3, 1.95804, 3.8339
1.95904, 3, 1.95904, 3.83782
1.96004, 3, 1.96004, 3.84174
1.96104, 3, 1.96104, 3.84566
1.96204, 3, 1.96204, 3.84958
1.96304, 3, 1.96304, 3.85351
1.96404, 3, 1.96404, 3.85744
1.96504, 3, 1.96504, 3.86137
1.96604, 3, 1.96604, 3.8653
1.96704, 3, 1.96704, 3.86923
1.96804, 3, 1.96804, 3.87317
1.96904, 3, 1.96904, 3.8771
1.97004, 3, 1.97004, 3.88104
1.97104, 3, 1.97104, 3.88498
1.97204, 3, 1.97204, 3.88893
1.97304, 3, 1.97304, 3.89287
1.97404, 3, 1.97404, 3.89682
1.97504, 3, 1.97504, 3.90077
1.97604, 3, 1.97604, 3.90472
1.97704, 3, 1.97704, 3.90867
1.97804, 3, 1.97804, 3.91263
1.97904, 3, 1.97904, 3.91659
1.98004, 3, 1.98004, 3.92054
1.98104, 3, 1.98104, 3.92451
1.98204, 3, 1.98204, 3.92847
1.98304, 3, 1.98304, 3.93243
1.98404, 3, 1.98404, 3.9364
1.98504, 3, 1.98504, 3.94037
1.98604, 3, 1.98604, 3.94434
1.98704, 3, 1.98704, 3.94832
1.98804, 3, 1.98804, 3.95229
1.98904, 3, 1.98904, 3.95627
1.99004, 3, 1.99004, 3.96025
1.99104, 3, 1.99104, 3.96423
1.99204, 3, 1.99204, 3.96821
1.99304, 3, 1.99304, 3.9722
1.99404, 3, 1.99404, 3.97618
1.99504, 3, 1.99504, 3.98017
1.99604, 3, 1.99604, 3.98416
1.99704, 3, 1.99704, 3.98816
1.99804, 3, 1.99804, 3.99215
1.99904, 3, 1.99904, 3.99615
2.00004, 3, 2.00004, 4.00015
2.00104, 3, 2.00104, 4.00415
2.00204, 3, 2.00204, 4.00815
2.00304, 3, 2.00304, 4.01216
2.00404, 3, 2.00404, 4.01616
2.00504, 3, 2.00504, 4.02017
2.00604, 3, 2.00604, 4.02418
2.00704, 3, 2.00704, 4.0282
2.00804, 3, 2.00804, 4.03221
2.00904, 3, 2.00904, 4.03623
2.01004, 3, 2.01004, 4.04025
2.01104, 3, 2.01104, 4.04427
2.01204, 3, 2.01204, 4.04829
2.01304, 3, 2.01304, 4.05232
2.01404, 3, 2.01404, 4.05634
2.01504, 3, 2.01504, 4.06037
2.01604, 3, 2.01604, 4.0644
2.01704, 3, 2.01704, 4.06844
2.01804, 3, 2.01804, 4.07247
2.01904, 3, 2.01904, 4.07651
2.02004, 3, 2.02004, 4.08055
2.02104, 3, 2.02104, 4.08459
2.02204, 3, 2.02204, 4.08863
2.02304, 3, 2.02304, 4.09267
2.02404, 3, 2.02404, 4.09672
2.02504, 3, 2.02504, 4.10077
2.02604, 3, 2.02604, 4.10482
2.02704, 3, 2.02704, 4.10887
2.02804, 3, 2.02804, 4.11293
2.02904, 3, 2.02904, 4.11698
2.03004, 3, 2.03004, 4.12104
2.03104, 3, 2.03104, 4.1251
2.03204, 3, 2.03204, 4.12917
2.03304, 3, 2.03304, 4.13323
2.03403, 3, 2.03403, 4.1373
2.03503, 3, 2.03503, 4.14137
2.03603, 3, 2.03603, 4.14544
2.03703, 3, 2.03703, 4.14951
2.03803, 3, 2.03803, 4.15359
2.03903, 3, 2.03903, 4.15766
2.04003, 3, 2.04003, 4.16174
2.04103, 3, 2.04103, 4.16582
2.04203, 3, 2.04203, 4.1699
2.04303, 3, 2.04303, 4.17399
2.04403, 3, 2.04403, 4.17808
2.04503, 3, 2.04503, 4.18216
2.04603, 3, 2.04603, 4.18626
2.04703, 3, 2.04703, 4.19035
2.04803, 3, 2.04803, 4.19444
2.04903, 3, 2.04903, 4.19854
2.05003, 3, 2.05003, 4.20264
2.05103, 3, 2.05103, 4.20674
2.05203, 3, 2.05203, 4.21084
2.05303, 3, 2.05303, 4.21495
2.05403, 3, 2.05403, 4.21905
2.05503, 3, 2.05503, 4.22316
2.05603, 3, 2.05603, 4.22727
2.05703, 3, 2.05703, 4.23139
2.05803, 3, 2.05803, 4.2355
2.05903, 3, 2.05903, 4.23962
2.06003, 3, 2.06003, 4.24374
2.06103, 3, 2.06103, 4.24786
2.06203, 3, 2.06203, 4.25198
2.06303, 3, 2.06303, 4.2561
2.06403, 3, 2.06403, 4.26023
2.06503, 3, 2.06503, 4.26436
2.06603, 3, 2.06603, 4.26849
2.06703, 3, 2.06703, 4.27262
2.06803, 3, 2.06803, 4.27676
2.06903, 3, 2.06903, 4.2809
2.07003, 3, 2.07003, 4.28503
2.07103, 3, 2.07103, 4.28917
2.07203, 3, 2.07203, 4.29332
2.07303, 3, 2.07303, 4.29746
2.07403, 3, 2.07403, 4.30161
2.07503, 3, 2.07503, 4.30576
2.07603, 3, 2.07603, 4.30991
2.07703, 3, 2.07703, 4.31406
2.07803, 3, 2.07803, 4.31822
2.07903, 3, 2.07903, 4.32237
2.08003, 3, 2.08003, 4.32653
2.08103, 3, 2.08103, 4.33069
2.08203, 3, 2.08203, 4.33486
2.08303, 3, 2.08303, 4.33902
2.08403, 3, 2.08403, 4.34319
2.08503, 3, 2.08503, 4.34736
2.08603, 3, 2.08603, 4.35153
2.08703, 3, 2.08703, 4.3557
2.08803, 3, 2.08803, 4.35987
2.08903, 3, 2.08903, 4.36405
2.09003, 3, 2.09003, 4.36823
2.09103, 3, 2.09103, 4.37241
2.09203, 3, 2.09203, 4.37659
2.09303, 3, 2.09303, 4.38078
2.09403, 3, 2.09403, 4.38496
2.09503, 3, 2.09503, 4.38915
2.09603, 3, 2.09603, 4.39334
2.09703, 3, 2.09703, 4.39754
2.09803, 3, 2.09803, 4.40173
2.09903, 3, 2.09903, 4.40593
2.10003, 3, 2.10003, 4.41013
2.10103, 3, 2.10103, 4.41433
2.10203, 3, 2.10203, 4.41853
2.10303, 3, 2.10303, 4.42274
2.10403, 3, 2.10403, 4.42694
2.10503, 3, 2.10503, 4.43115
2.10603, 3, 2.10603, 4.43536
2.10703, 3, 2.10703, 4.43957
2.10803, 3, 2.10803, 4.44379
2.10903, 3, 2.10903, 4.44801
2.11003, 3, 2.11003, 4.45222
2.11103, 3, 2.11103, 4.45645
2.11203, 3, 2.11203, 4.46067
2.11303, 3, 2.11303, 4.46489
2.11403, 3, 2.11403, 4.46912
2.11503, 3, 2.11503, 4.47335
2.11603, 3, 2.11603, 4.47758
2.11703, 3, 2.11703, 4.48181
2.11803, 3, 2.11803, 4.48605
2.11903, 3, 2.11903, 4.49028
2.12003, 3, 2.12003, 4.49452
2.12103, 3, 2.12103, 4.49876
2.12203, 3, 2.12203, 4.50301
2.12303, 3, 2.12303, 4.50725
2.12403, 3, 2.12403, 4.5115
2.12503, 3, 2.12503, 4.51575
2.12603, 3, 2.12603, 4.52
2.12703, 3, 2.12703, 4.52425
2.12803, 3, 2.12803, 4.5285
2.12903, 3, 2.12903, 4.53276
2.13003, 3, 2.13003, 4.53702
2.13103, 3, 2.13103, 4.54128
2.13203, 3, 2.13203, 4.54554
2.13303, 3, 2.13303, 4.54981
2.13403, 3, 2.13403, 4.55407
2.13503, 3, 2.13503, 4.55834
2.13603, 3, 2.13603, 4.56261
2.13703, 3, 2.13703, 4.56689
2.13803, 3, 2.13803, 4.57116
2.13903, 3, 2.13903, 4.57544
2.14003, 3, 2.14003, 4.57972
2.14103, 3, 2.14103, 4.584
2.14203, 3, 2.14203, 4.58828
2.14303, 3, 2.14303, 4.59257
2.14403, 3, 2.14403, 4.59685
2.14503, 3, 2.14503, 4.60114
2.14603, 3, 2.14603, 4.60543
2.14703, 3, 2.14703, 4.60972
2.14803, 3, 2.14803, 4.61402
2.14903, 3, 2.14903, 4.61832
2.15003, 3, 2.15003, 4.62261
2.15103, 3, 2.15103, 4.62691
2.15203, 3, 2.15203, 4.63122
2.15303, 3, 2.15303, 4.63552
2.15403, 3, 2.15403, 4.63983
2.15503, 3, 2.15503, 4.64414
2.15603, 3, 2.15603, 4.64845
2.15703, 3, 2.15703, 4.65276
2.15803, 3, 2.15803, 4.65708
2.15903, 3, 2.15903, 4.66139
2.16003, 3, 2.16003, 4.66571
2.16103, 3, 2.16103, 4.67003
2.16203, 3, 2.16203, 4.67436
2.16303, 3, 2.16303, 4.67868
2.16403, 3, 2.16403, 4.68301
2.16503, 3, 2.16503, 4.68734
2.16603, 3, 2.16603, 4.69167
2.16703, 3, 2.16703, 4.696
2.16803, 3, 2.16803, 4.70033
2.16903, 3, 2.16903, 4.70467
2.17003, 3, 2.17003, 4.70901
2.17103, 3, 2.17103, 4.71335
2.17202, 3, 2.17202, 4.71769
2.17302, 3, 2.17302, 4.72204
2.17402, 3, 2.17402, 4.72638
2.17502, 3, 2.17502, 4.73073
2.17602, 3, 2.17602, 4.73508
2.17702, 3, 2.17702, 4.73944
2.17802, 3, 2.17802, 4.74379
2.17902, 3, 2.17902, 4.74815
2.18002, 3, 2.18002, 4.75251
2.18102, 3, 2.18102, 4.75687
2.18202, 3, 2.18202, 4.76123
2.18302, 3, 2.18302, 4.76559
2.18402, 3, 2.18402, 4.76996
2.18502, 3, 2.18502, 4.77433
2.18602, 3, 2.18602, 4.7787
2.18702, 3, 2.18702, 4.78307
2.18802, 3, 2.18802, 4.78745
2.18902, 3, 2.18902, 4.79182
2.19002, 3, 2.19002, 4.7962
2.19102, 3, 2.19102, 4.80058
2.19202, 3, 2.19202, 4.80497
2.19302, 3, 2.19302, 4.80935
2.19402, 3, 2.19402, 4.81374
2.19502, 3, 2.19502, 4.81813
2.19602, 3, 2.19602, 4.82252
2.19702, 3, 2.19702, 4.82691
2.19802, 3, 2.19802, 4.83131
2.19902, 3, 2.19902, 4.8357
2.20002, 3, 2.20002, 4.8401
2.20102, 3, 2.20102, 4.8445
2.20202, 3, 2.20202, 4.8489
2.20302, 3, 2.20302, 4.85331
2.20402, 3, 2.20402, 4.85772
2.20502, 3, 2.20502, 4.86212
2.20602, 3, 2.20602, 4.86654
2.20702, 3, 2.20702, 4.87095
2.20802, 3, 2.20802, 4.87536
2.20902, 3, 2.20902, 4.87978
2.21002, 3, 2.21002, 4.8842
2.21102, 3, 2.21102, 4.88862
2.21202, 3, 2.21202, 4.89304
2.21302, 3, 2.21302, 4.89747
2.21402, 3, 2.21402, 4.90189
2.21502, 3, 2.21502, 4.90632
2.21602, 3, 2.21602, 4.91075
2.21702, 3, 2.21702, 4.91519
2.21802, 3, 2.21802, 4.91962
2.21902, 3, 2.21902, 4.92406
2.22002, 3, 2.22002, 4.9285
2.22102, 3, 2.22102, 4.93294
2.22202, 3, 2.22202, 4.93738
2.22302, 3, 2.22302, 4.94182
2.22402, 3, 2.22402, 4.94627
2.22502, 3, 2.22502, 4.95072
2.22602, 3, 2.22602, 4.95517
2.22702, 3, 2.22702, 4.95962
2.22802, 3, 2.22802, 4.96408
2.22902, 3, 2.22902, 4.96853
2.23002, 3, 2.23002, 4.97299
2.23102, 3, 2.23102, 4.97745
2.23202, 3, 2.23202, 4.98192
2.23302, 3, 2.23302, 4.98638
2.23402, 3, 2.23402, 4.99085
2.23502, 3, 2.23502, 4.99532
2.23602, 3, 2.23602, 4.99979
2.23702, 3, 2.23702, 5.00426
2.23802, 3, 2.23802, 5.00873
2.23902, 3, 2.23902, 5.01321
2.24002, 3, 2.24002, 5.01769
2.24102, 3, 2.24102, 5.02217
2.24202, 3, 2.24202, 5.02665
2.24302, 3, 2.24302, 5.03114
2.24402, 3, 2.24402, 5.03562
2.24502, 3, 2.24502, 5.04011
2.24602, 3, 2.24602, 5.0446
2.24702, 3, 2.24702, 5.0491
2.24802, 3, 2.24802, 5.05359
2.24902, 3, 2.24902, 5.05809
2.25002, 3, 2.25002, 5.06259
2.25102, 3, 2.25102, 5.06709
2.25202, 3, 2.25202, 5.07159
2.25302, 3, 2.25302, 5.0761
2.25402, 3, 2.25402, 5.0806
2.25502, 3, 2.25502, 5.08511
2.25602, 3, 2.25602, 5.08962
2.25702, 3, 2.25702, 5.09413
2.25802, 3, 2.25802, 5.09865
2.25902, 3, 2.25902, 5.10317
2.26002, 3, 2.26002, 5.10768
2.26102, 3, 2.26102, 5.1122
2.26202, 3, 2.26202, 5.11673
2.26302, 3, 2.26302, 5.12125
2.26402, 3, 2.26402, 5.12578
2.26502, 3, 2.26502, 5.13031
2.26602, 3, 2.26602, 5.13484
2.26702, 3, 2.26702, 5.13937
2.26802, 3, 2.26802, 5.14391
2.26902, 3, 2.26902, 5.14844
2.27002, 3, 2.27002, 5.15298
2.27102, 3, 2.27102, 5.15752
2.27202, 3, 2.27202, 5.16206
2.27302, 3, 2.27302, 5.16661
2.27402, 3, 2.27402, 5.17116
2.27502, 3, 2.27502, 5.1757
2.27602, 3, 2.27602, 5.18026
2.27702, 3, 2.27702, 5.18481
2.27802, 3, 2.27802, 5.18936
2.27902, 3, 2.27902, 5.19392
2.28002, 3, 2.28002, 5.19848
2.28102, 3, 2.28102, 5.20304
2.28202, 3, 2.28202, 5.2076
2.28302, 3, 2.28302, 5.21217
2.28402, 3, 2.28402, 5.21673
2.28502, 3, 2.28502, 5.2213
2.28602, 3, 2.28602, 5.22587
2.28702, 3, 2.28702, 5.23044
2.28802, 3, 2.28802, 5.23502
2.28902, 3, 2.28902, 5.2396
2.29002, 3, 2.29002, 5.24417
2.29102, 3, 2.29102, 5.24876
2.29202, 3, 2.29202, 5.25334
2.29302, 3, 2.29302, 5.25792
2.29402, 3, 2.29402, 5.26251
2.29502, 3, 2.29502, 5.2671
2.29602, 3, 2.29602, 5.27169
2.29702, 3, 2.29702, 5.27628
2.29802, 3, 2.29802, 5.28088
2.29902, 3, 2.29902, 5.28547
2.30002, 3, 2.30002, 5.29007
2.30102, 3, 2.30102, 5.29467
2.30202, 3, 2.30202, 5.29928
2.30302, 3, 2.30302, 5.30388
2.30402, 3, 2.30402, 5.30849
2.30502, 3, 2.30502, 5.3131
2.30602, 3, 2.30602, 5.31771
2.30702, 3, 2.30702, 5.32232
2.30802, 3, 2.30802, 5.32693
2.30902, 3, 2.30902, 5.33155
2.31001, 3, 2.31001, 5.33617
2.31101, 3, 2.31101, 5.34079
2.31201, 3, 2.31201, 5.34541
2.31301, 3, 2.31301, 5.35004
2.31401, 3, 2.31401, 5.35466
2.31501, 3, 2.31501, 5.35929
2.31601, 3, 2.31601, 5.36392
2.31701, 3, 2.31701, 5.36856
2.31801, 3, 2.31801, 5.37319
2.31901, 3, 2.31901, 5.37783
2.32001, 3, 2.32001, 5.38247
2.32101, 3, 2.32101, 5.38711
2.32201, 3, 2.32201, 5.39175
2.32301, 3, 2.32301, 5.39639
2.32401, 3, 2.32401, 5.40104
2.32501, 3, 2.32501, 5.40569
2.32601, 3, 2.32601, 5.41034
2.32701, 3, 2.32701, 5.41499
2.32801, 3, 2.32801, 5.41965
2.32901, 3, 2.32901, 5.4243
2.33001, 3, 2.33001, 5.42896
2.33101, 3, 2.33101, 5.43362
2.33201, 3, 2.33201, 5.43829
2.33301, 3, 2.33301, 5.44295
2.33401, 3, 2.33401, 5.44762
2.33501, 3, 2.33501, 5.45229
2.33601, 3, 2.33601, 5.45696
2.33701, 3, 2.33701, 5.46163
2.33801, 3, 2.33801, 5.4663
2.33901, 3, 2.33901, 5.47098
2.34001, 3, 2.34001, 5.47566
2.34101, 3, 2.34101, 5.48034
2.34201, 3, 2.34201, 5.48502
2.34301, 3, 2.34301, 5.48971
2.34401, 3, 2.34401, 5.49439
2.34501, 3, 2.34501, 5.49908
2.34601, 3, 2.34601, 5.50377
2.34701, 3, 2.34701, 5.50847
2.34801, 3, 2.34801, 5.51316
2.34901, 3, 2.34901, 5.51786
2.35001, 3, 2.35001, 5.52256
2.35101, 3, 2.35101, 5.52726
2.35201, 3, 2.35201, 5.53196
2.35301, 3, 2.35301, 5.53666
2.35401, 3, 2.35401, 5.54137
2.35501, 3, 2.35501, 5.54608
2.35601, 3, 2.35601, 5.55079
2.35701, 3, 2.35701, 5.5555
2.35801, 3, 2.35801, 5.56022
2.35901, 3, 2.35901, 5.56493
2.36001, 3, 2.36001, 5.56965
2.36101, 3, 2.36101, 5.57437
2.36201, 3, 2.36201, 5.5791
2.36301, 3, 2.36301, 5.58382
2.36401, 3, 2.36401, 5.58855
2.36501, 3, 2.36501, 5.59328
2.36601, 3, 2.36601, 5.59801
2.36701, 3, 2.36701, 5.60274
2.36801, 3, 2.36801, 5.60747
2.36901, 3, 2.36901, 5.61221
2.37001, 3, 2.37001, 5.61695
2.37101, 3, 2.37101, 5.62169
2.37201, 3, 2.37201, 5.62643
2.37301, 3, 2.37301, 5.63118
2.37401, 3, 2.37401, 5.63592
2.37501, 3, 2.37501, 5.64067
2.37601, 3, 2.37601, 5.64542
2.37701, 3, 2.37701, 5.65018
2.37801, 3, 2.37801, 5.65493
2.37901, 3, 2.37901, 5.65969
2.38001, 3, 2.38001, 5.66445
2.38101, 3, 2.38101, 5.66921
2.38201, 3, 2.38201, 5.67397
2.38301, 3, 2.38301, 5.67874
2.38401, 3, 2.38401, 5.6835
2.38501, 3, 2.38501, 5.68827
2.38601, 3, 2.38601, 5.69304
2.38701, 3, 2.38701, 5.69781
2.38801, 3, 2.38801, 5.70259
2.38901, 3, 2.38901, 5.70737
2.39001, 3, 2.39001, 5.71214
2.39101, 3, 2.39101, 5.71692
2.39201, 3, 2.39201, 5.72171
2.39301, 3, 2.39301, 5.72649
2.39401, 3, 2.39401, 5.73128
2.39501, 3, 2.39501, 5.73607
2.39601, 3, 2.39601, 5.74086
2.39701, 3, 2.39701, 5.74565
2.39801, 3, 2.39801, 5.75045
2.39901, 3, 2.39901, 5.75524
2.40001, 3, 2.40001, 5.76004
2.40101, 3, 2.40101, 5.76484
2.40201, 3, 2.40201, 5.76964
2.40301, 3, 2.40301, 5.77445
2.40401, 3, 2.40401, 5.77926
2.40501, 3, 2.40501, 5.78406
2.40601, 3, 2.40601, 5.78887
2.40701, 3, 2.40701, 5.79369
2.40801, 3, 2.40801, 5.7985
2.40901, 3, 2.40901, 5.80332
2.41001, 3, 2.41001, 5.80814
2.41101, 3, 2.41101, 5.81296
2.41201, 3, 2.41201, 5.81778
2.41301, 3, 2.41301, 5.82261
2.41401, 3, 2.41401, 5.82743
2.41501, 3, 2.41501, 5.83226
2.41601, 3, 2.41601, 5.8371
2.41701, 3, 2.41701, 5.84192
2.41801, 3, 2.41801, 5.84676
2.41901, 3, 2.41901, 5.8516
2.42001, 3, 2.42001, 5.85643
2.42101, 3, 2.42101, 5.86128
2.42201, 3, 2.42201, 5.86612
2.42301, 3, 2.42301, 5.87096
2.42401, 3, 2.42401, 5.87581
2.42501, 3, 2.42501, 5.88066
2.42601, 3, 2.42601, 5.88551
2.42701, 3, 2.42701, 5.89036
2.42801, 3, 2.42801, 5.89522
2.42901, 3, 2.42901, 5.90007
2.43001, 3, 2.43001, 5.90493
2.43101, 3, 2.43101, 5.90979
2.43201, 3, 2.43201, 5.91465
2.43301, 3, 2.43301, 5.91952
2.43401, 3, 2.43401, 5.92439
2.43501, 3, 2.43501, 5.92925
2.43601, 3, 2.43601, 5.93412
2.43701, 3, 2.43701, 5.939
2.43801, 3, 2.43801, 5.94387
2.43901, 3, 2.43901, 5.94875
2.44001, 3, 2.44001, 5.95363
2.44101, 3, 2.44101, 5.95851
2.44201, 3, 2.44201, 5.96339
2.44301, 3, 2.44301, 5.96828
2.44401, 3, 2.44401, 5.97316
2.44501, 3, 2.44501, 5.97805
2.44601, 3, 2.44601, 5.98294
2.44701, 3, 2.44701, 5.98783
2.448, 3, 2.448, 5.99273
2.449, 3, 2.449, 5.99762
2.45, 3, 2.45, 6.00252
2.451, 3, 2.451, 6.00742
2.452, 3, 2.452, 6.01233
2.453, 3, 2.453, 6.01723
2.454, 3, 2.454, 6.02214
2.455, 3, 2.455, 6.02705
2.456, 3, 2.456, 6.03196
2.457, 3, 2.457, 6.03687
2.458, 3, 2.458, 6.04178
2.459, 3, 2.459, 6.0467
2.46, 3, 2.46, 6.05162
2.461, 3, 2.461, 6.05654
2.462, 3, 2.462, 6.06146
2.463, 3, 2.463, 6.06639
2.464, 3, 2.464, 6.07131
2.465, 3, 2.465, 6.07624
2.466, 3, 2.466, 6.08117
2.467, 3, 2.467, 6.08611
2.468, 3, 2.468, 6.09104
2.469, 3, 2.469, 6.09598
2.47, 3, 2.47, 6.10092
2.471, 3, 2.471, 6.10586
2.472, 3, 2.472, 6.1108
2.473, 3, 2.473, 6.11574
2.474, 3, 2.474, 6.12069
2.475, 3, 2.475, 6.12564
2.476, 3, 2.476, 6.13059
2.477, 3, 2.477, 6.13554
2.478, 3, 2.478, 6.1405
2.479, 3, 2.479, 6.14545
2.48, 3, 2.48, 6.15041
2.481, 3, 2.481, 6.15537
2.482, 3, 2.482, 6.16034
2.483, 3, 2.483, 6.1653
2.484, 3, 2.484, 6.17027
2.485, 3, 2.485, 6.17524
2.486, 3, 2.486, 6.18021
2.487, 3, 2.487, 6.18518
2.488, 3, 2.488, 6.19015
2.489, 3, 2.489, 6.19513
2.49, 3, 2.49, 6.20011
2.491, 3, 2.491, 6.20509
2.492, 3, 2.492, 6.21007
2.493, 3, 2.493, 6.21506
2.494, 3, 2.494, 6.22004
2.495, 3, 2.495, 6.22503
2.496, 3, 2.496, 6.23002
2.497, 3, 2.497, 6.23502
2.498, 3, 2.498, 6.24001
2.499, 3, 2.499, 6.24501
2.5, 3, 2.5, 6.25001
2.501, 3, 2.501, 6.25501
2.502, 3, 2.502, 6.26001
2.503, 3, 2.503, 6.26501
2.504, 3, 2.504, 6.27002
2.505, 3, 2.505, 6.27503
2.506, 3, 2.506, 6.28004
2.507, 3, 2.507, 6.28505
2.508, 3, 2.508, 6.29007
2.509, 3, 2.509, 6.29508
2.51, 3, 2.51, 6.3001
2.511, 3, 2.511, 6.30512
2.512, 3, 2.512, 6.31015
2.513, 3, 2.513, 6.31517
2.514, 3, 2.514, 6.3202
2.515, 3, 2.515, 6.32523
2.516, 3, 2.516, 6.33026
2.517, 3, 2.517, 6.33529
2.518, 3, 2.518, 6.34032
2.519, 3, 2.519, 6.34536
2.52, 3, 2.52, 6.3504
2.521, 3, 2.521, 6.35544
2.522, 3, 2.522, 6.36048
2.523, 3, 2.523, 6.36553
2.524, 3, 2.524, 6.37057
2.525, 3, 2.525, 6.37562
2.526, 3, 2.526, 6.38067
2.527, 3, 2.527, 6.38573
2.528, 3, 2.528, 6.39078
2.529, 3, 2.529, 6.39584
2.53, 3, 2.53, 6.4009
2.531, 3, 2.531, 6.40596
2.532, 3, 2.532, 6.41102
2.533, 3, 2.533, 6.41608
2.534, 3, 2.534, 6.42115
2.535, 3, 2.535, 6.42622
2.536, 3, 2.536, 6.43129
2.537, 3, 2.537, 6.43636
2.538, 3, 2.538, 6.44144
2.539, 3, 2.539, 6.44651
2.54, 3, 2.54, 6.45159
2.541, 3, 2.541, 6.45667
2.542, 3, 2.542, 6.46175
2.543, 3, 2.543, 6.46684
2.544, 3, 2.544, 6.47193
2.545, 3, 2.545, 6.47701
2.546, 3, 2.546, 6.48211
2.547, 3, 2.547, 6.4872
2.548, 3, 2.548, 6.49229
2.549, 3, 2.549, 6.49739
2.55, 3, 2.55, 6.50249
2.551, 3, 2.551, 6.50759
2.552, 3, 2.552, 6.51269
2.553, 3, 2.553, 6.5178
2.554, 3, 2.554, 6.5229
2.555, 3, 2.555, 6.52801
2.556, 3, 2.556, 6.53312
2.557, 3, 2.557, 6.53823
2.558, 3, 2.558, 6.54335
2.559, 3, 2.559, 6.54847
2.56, 3, 2.56, 6.55358
2.561, 3, 2.561, 6.5587
2.562, 3, 2.562, 6.56383
2.563, 3, 2.563, 6.56895
2.564, 3, 2.564, 6.57408
2.565, 3, 2.565, 6.57921
2.566, 3, 2.566, 6.58434
2.567, 3, 2.567, 6.58947
2.568, 3, 2.568, 6.5946
2.569, 3, 2.569, 6.59974
2.57, 3, 2.57, 6.60488
2.571, 3, 2.571, 6.61002
2.572, 3, 2.572, 6.61516
2.573, 3, 2.573, 6.62031
2.574, 3, 2.574, 6.62545
2.575, 3, 2.575, 6.6306
2.576, 3, 2.576, 6.63575
2.577, 3, 2.577, 6.64091
2.578, 3, 2.578, 6.64606
2.579, 3, 2.579, 6.65122
2.58, 3, 2.58, 6.65638
2.581, 3, 2.581, 6.66154
2.582, 3, 2.582, 6.6667
2.583, 3, 2.583, 6.67186
2.584, 3, 2.584, 6.67703
2.585, 3, 2.585, 6.6822
2.58599, 3, 2.58599, 6.68737
2.58699, 3, 2.58699, 6.69254
2.58799, 3, 2.58799, 6.69772
2.58899, 3, 2.58899, 6.70289
2.58999, 3, 2.58999, 6.70807
2.59099, 3, 2.59099, 6.71325
2.59199, 3, 2.59199, 6.71844
2.59299, 3, 2.59299, 6.72362
2.59399, 3, 2.59399, 6.72881
2.59499, 3, 2.59499, 6.734
2.59599, 3, 2.59599, 6.73919
2.59699, 3, 2.59699, 6.74438
2.59799, 3, 2.59799, 6.74957
2.59899, 3, 2.59899, 6.75477
2.59999, 3, 2.59999, 6.75997
2.60099, 3, 2.60099, 6.76517
2.60199, 3, 2.60199, 6.77037
2.60299, 3, 2.60299, 6.77558
2.60399, 3, 2.60399, 6.78078
2.60499, 3, 2.60499, 6.78599
2.60599, 3, 2.60599, 6.7912
2.60699, 3, 2.60699, 6.79641
2.60799, 3, 2.60799, 6.80163
2.60899, 3, 2.60899, 6.80685
2.60999, 3, 2.60999, 6.81206
2.61099, 3, 2.61099, 6.81729
2.61199, 3, 2.61199, 6.82251
2.61299, 3, 2.61299, 6.82773
2.61399, 3, 2.61399, 6.83296
2.61499, 3, 2.61499, 6.83819
2.61599, 3, 2.61599, 6.84342
2.61699, 3, 2.61699, 6.84865
2.61799, 3, 2.61799, 6.85389
2.61899, 3, 2.61899, 6.85912
2.61999, 3, 2.61999, 6.86436
2.62099, 3, 2.62099, 6.8696
2.62199, 3, 2.62199, 6.87484
2.62299, 3, 2.62299, 6.88009
2.62399, 3, 2.62399, 6.88533
2.62499, 3, 2.62499, 6.89058
2.62599, 3, 2.62599, 6.89583
2.62699, 3, 2.62699, 6.90109
2.62799, 3, 2.62799, 6.90634
2.62899, 3, 2.62899, 6.9116
2.62999, 3, 2.62999, 6.91686
2.63099, 3, 2.63099, 6.92212
2.63199, 3, 2.63199, 6.92738
2.63299, 3, 2.63299, 6.93264
2.63399, 3, 2.63399, 6.93791
2.63499, 3, 2.63499, 6.94318
2.63599, 3, 2.63599, 6.94845
2.63699, 3, 2.63699, 6.95372
2.63799, 3, 2.63799, 6.959
2.63899, 3, 2.63899, 6.96427
2.63999, 3, 2.63999, 6.96955
2.64099, 3, 2.64099, 6.97483
2.64199, 3, 2.64199, 6.98012
2.64299, 3, 2.64299, 6.9854
2.64399, 3, 2.64399, 6.99069
2.64499, 3, 2.64499, 6.99598
2.64599, 3, 2.64599, 7.00127
2.64699, 3, 2.64699, 7.00656
2.64799, 3, 2.64799, 7.01185
2.64899, 3, 2.64899, 7.01715
2.64999, 3, 2.64999, 7.02245
2.65099, 3, 2.65099, 7.02775
2.65199, 3, 2.65199, 7.03305
2.65299, 3, 2.65299, 7.03836
2.65399, 3, 2.65399, 7.04366
2.65499, 3, 2.65499, 7.04897
2.65599, 3, 2.65599, 7.05428
2.65699, 3, 2.65699, 7.05959
2.65799, 3, 2.65799, 7.06491
2.65899, 3, 2.65899, 7.07023
2.65999, 3, 2.65999, 7.07554
2.66099, 3, 2.66099, 7.08087
2.66199, 3, 2.66199, 7.08619
2.66299, 3, 2.66299, 7.09151
2.66399, 3, 2.66399, 7.09684
2.66499, 3, 2.66499, 7.10217
2.66599, 3, 2.66599, 7.1075
2.66699, 3, 2.66699, 7.11283
2.66799, 3, 2.66799, 7.11817
2.66899, 3, 2.66899, 7.1235
2.66999, 3, 2.66999, 7.12884
2.67099, 3, 2.67099, 7.13418
2.67199, 3, 2.67199, 7.13952
2.67299, 3, 2.67299, 7.14487
2.67399, 3, 2.67399, 7.15022
2.67499, 3, 2.67499, 7.15556
2.67599, 3, 2.67599, 7.16091
2.67699, 3, 2.67699, 7.16627
2.67799, 3, 2.67799, 7.17162
2.67899, 3, 2.67899, 7.17698
2.67999, 3, 2.67999, 7.18234
2.68099, 3, 2.68099, 7.1877
2.68199, 3, 2.68199, 7.19306
2.68299, 3, 2.68299, 7.19842
2.68399, 3, 2.68399, 7.20379
2.68499, 3, 2.68499, 7.20916
2.68599, 3, 2.68599, 7.21453
2.68699, 3, 2.68699, 7.2199
2.68799, 3, 2.68799, 7.22528
2.68899, 3, 2.68899, 7.23065
2.68999, 3, 2.68999, 7.23603
2.69099, 3, 2.69099, 7.24141
2.69199, 3, 2.69199, 7.2468
2.69299, 3, 2.69299, 7.25218
2.69399, 3, 2.69399, 7.25757
2.69499, 3, 2.69499, 7.26296
2.69599, 3, 2.69599, 7.26835
2.69699, 3, 2.69699, 7.27374
2.69799, 3, 2.69799, 7.27913
2.69899, 3, 2.69899, 7.28453
2.69999, 3, 2.69999, 7.28993
2.70099, 3, 2.70099, 7.29533
2.70199, 3, 2.70199, 7.30073
2.70299, 3, 2.70299, 7.30614
2.70399, 3, 2.70399, 7.31154
2.70499, 3, 2.70499, 7.31695
2.70599, 3, 2.70599, 7.32236
2.70699, 3, 2.70699, 7.32777
2.70799, 3, 2.70799, 7.33319
2.70899, 3, 2.70899, 7.33861
2.70999, 3, 2.70999, 7.34402
2.71099, 3, 2.71099, 7.34944
2.71199, 3, 2.71199, 7.35487
2.71299, 3, 2.71299, 7.36029
2.71399, 3, 2.71399, 7.36572
2.71499, 3, 2.71499, 7.37115
2.71599, 3, 2.71599, 7.37658
2.71699, 3, 2.71699, 7.38201
2.71799, 3, 2.71799, 7.38744
2.71899, 3, 2.71899, 7.39288
2.71999, 3, 2.71999, 7.39832
2.72099, 3, 2.72099, 7.40376
2.72199, 3, 2.72199, 7.4092
2.72299, 3, 2.72299, 7.41465
2.72398, 3, 2.72398, 7.42009
2.72498, 3, 2.72498, 7.42554
2.72598, 3, 2.72598, 7.43099
2.72698, 3, 2.72698, 7.43645
2.72798, 3, 2.72798, 7.4419
2.72898, 3, 2.72898, 7.44736
2.72998, 3, 2.72998, 7.45282
2.73098, 3, 2.73098, 7.45828
2.73198, 3, 2.73198, 7.46374
2.73298, 3, 2.73298, 7.4692
2.73398, 3, 2.73398, 7.47467
2.73498, 3, 2.73498, 7.48014
2.73598, 3, 2.73598, 7.48561
2.73698, 3, 2.73698, 7.49108
2.73798, 3, 2.73798, 7.49656
2.73898, 3, 2.73898, 7.50203
2.73998, 3, 2.73998, 7.50751
2.74098, 3, 2.74098, 7.51299
2.74198, 3, 2.74198, 7.51847
2.74298, 3, 2.74298, 7.52396
2.74398, 3, 2.74398, 7.52945
2.74498, 3, 2.74498, 7.53493
2.74598, 3, 2.74598, 7.54042
2.74698, 3, 2.74698, 7.54592
2.74798, 3, 2.74798, 7.55141
2.74898, 3, 2.74898, 7.55691
2.74998, 3, 2.74998, 7.56241
2.75098, 3, 2.75098, 7.56791
2.75198, 3, 2.75198, 7.57341
2.75298, 3, 2.75298, 7.57891
2.75398, 3, 2.75398, 7.58442
2.75498, 3, 2.75498, 7.58993
2.75598, 3, 2.75598, 7.59544
2.75698, 3, 2.75698, 7.60095
2.75798, 3, 2.75798, 7.60647
2.75898, 3, 2.75898, 7.61198
2.75998, 3, 2.75998, 7.6175
2.76098, 3, 2.76098, 7.62302
2.76198, 3, 2.76198, 7.62855
2.76298, 3, 2.76298, 7.63407
2.76398, 3, 2.76398, 7.6396
2.76498, 3, 2.76498, 7.64513
2.76598, 3, 2.76598, 7.65066
2.76698, 3, 2.76698, 7.65619
2.76798, 3, 2.76798, 7.66172
2.76898, 3, 2.76898, 7.66726
2.76998, 3, 2.76998, 7.6728
2.77098, 3, 2.77098, 7.67834
2.77198, 3, 2.77198, 7.68388
2.77298, 3, 2.77298, 7.68943
2.77398, 3, 2.77398, 7.69497
2.77498, 3, 2.77498, 7.70052
2.77598, 3, 2.77598, 7.70607
2.77698, 3, 2.77698, 7.71162
2.77798, 3, 2.77798, 7.71718
2.77898, 3, 2.77898, 7.72274
2.77998, 3, 2.77998, 7.72829
2.78098, 3, 2.78098, 7.73385
2.78198, 3, 2.78198, 7.73942
2.78298, 3, 2.78298, 7.74498
2.78398, 3, 2.78398, 7.75055
2.78498, 3, 2.78498, 7.75612
2.78598, 3, 2.78598, 7.76169
2.78698, 3, 2.78698, 7.76726
2.78798, 3, 2.78798, 7.77283
2.78898, 3, 2.78898, 7.77841
2.78998, 3, 2.78998, 7.78399
2.79098, 3, 2.79098, 7.78957
2.79198, 3, 2.79198, 7.79515
2.79298, 3, 2.79298, 7.80074
2.79398, 3, 2.79398, 7.80632
2.79498, 3, 2.79498, 7.81191
2.79598, 3, 2.79598, 7.8175
2.79698, 3, 2.79698, 7.8231
2.79798, 3, 2.79798, 7.82869
2.79898, 3, 2.79898, 7.83429
2.79998, 3, 2.79998, 7.83988
2.80098, 3, 2.80098, 7.84549
2.80198, 3, 2.80198, 7.85109
2.80298, 3, 2.80298, 7.85669
2.80398, 3, 2.80398, 7.8623
2.80498, 3, 2.80498, 7.86791
2.80598, 3, 2.80598, 7.87352
2.80698, 3, 2.80698, 7.87913
2.80798, 3, 2.80798, 7.88475
2.80898, 3, 2.80898, 7.89036
2.80998, 3, 2.80998, 7.89598
2.81098, 3, 2.81098, 7.9016
2.81198, 3, 2.81198, 7.90722
2.81298, 3, 2.81298, 7.91285
2.81398, 3, 2.81398, 7.91847
2.81498, 3, 2.81498, 7.9241
2.81598, 3, 2.81598, 7.92973
2.81698, 3, 2.81698, 7.93537
2.81798, 3, 2.81798, 7.941
2.81898, 3, 2.81898, 7.94664
2.81998, 3, 2.81998, 7.95228
2.82098, 3, 2.82098, 7.95792
2.82198, 3, 2.82198, 7.96356
2.82298, 3, 2.82298, 7.9692
2.82398, 3, 2.82398, 7.97485
2.82498, 3, 2.82498, 7.9805
2.82598, 3, 2.82598, 7.98615
2.82698, 3, 2.82698, 7.9918
2.82798, 3, 2.82798, 7.99746
2.82898, 3, 2.82898, 8.00311
2.82998, 3, 2.82998, 8.00877
2.83098, 3, 2.83098, 8.01443
2.83198, 3, 2.83198, 8.02009
2.83298, 3, 2.83298, 8.02576
2.83398, 3, 2.83398, 8.03143
2.83498, 3, 2.83498, 8.03709
2.83598, 3, 2.83598, 8.04276
2.83698, 3, 2.83698, 8.04844
2.83798, 3, 2.83798, 8.05411
2.83898, 3, 2.83898, 8.05979
2.83998, 3, 2.83998, 8.06547
2.84098, 3, 2.84098, 8.07115
2.84198, 3, 2.84198, 8.07683
2.84298, 3, 2.84298, 8.08251
2.84398, 3, 2.84398, 8.0882
2.84498, 3, 2.84498, 8.09389
2.84598, 3, 2.84598, 8.09958
2.84698, 3, 2.84698, 8.10527
2.84798, 3, 2.84798, 8.11097
2.84898, 3, 2.84898, 8.11666
2.84998, 3, 2.84998, 8.12236
2.85098, 3, 2.85098, 8.12806
2.85198, 3, 2.85198, 8.13377
2.85298, 3, 2.85298, 8.13947
2.85398, 3, 2.85398, 8.14518
2.85498, 3, 2.85498, 8.15088
2.85598, 3, 2.85598, 8.1566
2.85698, 3, 2.85698, 8.16231
2.85798, 3, 2.85798, 8.16802
2.85898, 3, 2.85898, 8.17374
2.85998, 3, 2.85998, 8.17946
2.86098, 3, 2.86098, 8.18518
2.86197, 3, 2.86197, 8.1909
2.86297, 3, 2.86297, 8.19662
2.86397, 3, 2.86397, 8.20235
2.86497, 3, 2.86497, 8.20808
2.86597, 3, 2.86597, 8.21381
2.86697, 3, 2.86697, 8.21954
2.86797, 3, 2.86797, 8.22528
2.86897, 3, 2.86897, 8.23101
2.86997, 3, 2.86997, 8.23675
2.87097, 3, 2.87097, 8.24249
2.87197, 3, 2.87197, 8.24824
2.87297, 3, 2.87297, 8.25398
2.87397, 3, 2.87397, 8.25973
2.87497, 3, 2.87497, 8.26548
2.87597, 3, 2.87597, 8.27123
2.87697, 3, 2.87697, 8.27698
2.87797, 3, 2.87797, 8.28273
2.87897, 3, 2.87897, 8.28849
2.87997, 3, 2.87997, 8.29425
2.88097, 3, 2.88097, 8.30001
2.88197, 3, 2.88197, 8.30577
2.88297, 3, 2.88297, 8.31154
2.88397, 3, 2.88397, 8.3173
2.88497, 3, 2.88497, 8.32307
2.88597, 3, 2.88597, 8.32884
2.88697, 3, 2.88697, 8.33461
2.88797, 3, 2.88797, 8.34039
2.88897, 3, 2.88897, 8.34616
2.88997, 3, 2.88997, 8.35194
2.89097, 3, 2.89097, 8.35772
2.89197, 3, 2.89197, 8.36351
2.89297, 3, 2.89297, 8.36929
2.89397, 3, 2.89397, 8.37508
2.89497, 3, 2.89497, 8.38087
2.89597, 3, 2.89597, 8.38666
2.89697, 3, 2.89697, 8.39245
2.89797, 3, 2.89797, 8.39824
2.89897, 3, 2.89897, 8.40404
2.89997, 3, 2.89997, 8.40984
2.90097, 3, 2.90097, 8.41564
2.90197, 3, 2.90197, 8.42144
2.90297, 3, 2.90297, 8.42725
2.90397, 3, 2.90397, 8.43305
2.90497, 3, 2.90497, 8.43886
2.90597, 3, 2.90597, 8.44467
2.90697, 3, 2.90697, 8.45048
2.90797, 3, 2.90797, 8.4563
2.90897, 3, 2.90897, 8.46212
2.90997, 3, 2.90997, 8.46793
2.91097, 3, 2.91097, 8.47375
2.91197, 3, 2.91197, 8.47958
2.91297, 3, 2.91297, 8.4854
2.91397, 3, 2.91397, 8.49123
2.91497, 3, 2.91497, 8.49706
2.91597, 3, 2.91597, 8.50289
2.91697, 3, 2.91697, 8.50872
2.91797, 3, 2.91797, 8.51455
2.91897, 3, 2.91897, 8.52039
2.91997, 3, 2.91997, 8.52623
2.92097, 3, 2.92097, 8.53207
2.92197, 3, 2.92197, 8.53791
2.92297, 3, 2.92297, 8.54376
2.92397, 3, 2.92397, 8.5496
2.92497, 3, 2.92497, 8.55545
2.92597, 3, 2.92597, 8.5613
2.92697, 3, 2.92697, 8.56715
2.92797, 3, 2.92797, 8.57301
2.92897, 3, 2.92897, 8.57887
2.92997, 3, 2.92997, 8.58472
2.93097, 3, 2.93097, 8.59058
2.93197, 3, 2.93197, 8.59645
2.93297, 3, 2.93297, 8.60231
2.93397, 3, 2.93397, 8.60818
2.93497, 3, 2.93497, 8.61405
2.93597, 3, 2.93597, 8.61992
2.93697, 3, 2.93697, 8.62579
2.93797, 3, 2.93797, 8.63166
2.93897, 3, 2.93897, 8.63754
2.93997, 3, 2.93997, 8.64342
2.94097, 3, 2.94097, 8.6493
2.94197, 3, 2.94197, 8.65518
2.94297, 3, 2.94297, 8.66107
2.94397, 3, 2.94397, 8.66695
2.94497, 3, 2.94497, 8.67284
2.94597, 3, 2.94597, 8.67873
2.94697, 3, 2.94697, 8.68462
2.94797, 3, 2.94797, 8.69052
2.94897, 3, 2.94897, 8.69642
2.94997, 3, 2.94997, 8.70231
2.95097, 3, 2.95097, 8.70821
2.95197, 3, 2.95197, 8.71412
2.95297, 3, 2.95297, 8.72002
2.95397, 3, 2.95397, 8.72593
2.95497, 3, 2.95497, 8.73184
2.95597, 3, 2.95597, 8.73775
2.95697, 3, 2.95697, 8.74366
2.95797, 3, 2.95797, 8.74957
2.95897, 3, 2.95897, 8.75549
2.95997, 3, 2.95997, 8.76141
2.96097, 3, 2.96097, 8.76733
2.96197, 3, 2.96197, 8.77325
2.96297, 3, 2.96297, 8.77918
2.96397, 3, 2.96397, 8.7851
2.96497, 3, 2.96497, 8.79103
2.96597, 3, 2.96597, 8.79696
2.96697, 3, 2.96697, 8.80291
2.96797, 3, 2.96797, 8.80883
2.96897, 3, 2.96897, 8.81477
2.96997, 3, 2.96997, 8.8207
2.97097, 3, 2.97097, 8.82664
2.97197, 3, 2.97197, 8.83259
2.97297, 3, 2.97297, 8.83853
2.97397, 3, 2.97397, 8.84448
2.97497, 3, 2.97497, 8.85043
2.97597, 3, 2.97597, 8.85638
2.97697, 3, 2.97697, 8.86233
2.97797, 3, 2.97797, 8.86829
2.97897, 3, 2.97897, 8.87424
2.97997, 3, 2.97997, 8.8802
2.98097, 3, 2.98097, 8.88616
2.98197, 3, 2.98197, 8.89212
2.98297, 3, 2.98297, 8.89809
2.98397, 3, 2.98397, 8.90405
2.98497, 3, 2.98497, 8.91002
2.98597, 3, 2.98597, 8.91599
2.98697, 3, 2.98697, 8.92197
2.98797, 3, 2.98797, 8.92794
2.98897, 3, 2.98897, 8.93392
2.98997, 3, 2.98997, 8.93989
2.99097, 3, 2.99097, 8.94588
2.99197, 3, 2.99197, 8.95186
2.99297, 3, 2.99297, 8.95784
2.99397, 3, 2.99397, 8.96383
2.99497, 3, 2.99497, 8.96982
2.99597, 3, 2.99597, 8.97581
2.99697, 3, 2.99697, 8.9818
2.99797, 3, 2.99797, 8.98779
2.99897, 3, 2.99897, 8.99379
2.99996, 3, 2.99996, 8.99979
