time x y z
0, 3, 4, 5
0.001, 3.001, 4.001, 5.001
0.002, 3.002, 4.002, 5.002
0.003, 3.003, 4.003, 5.003
0.004, 3.004, 4.004, 5.004
0.005, 3.005, 4.005, 5.005
0.006, 3.006, 4.006, 5.006
0.007, 3.007, 4.007, 5.007
0.008, 3.008, 4.008, 5.008
0.009, 3.009, 4.009, 5.009
0.01, 3.01, 4.01, 5.01
0.011, 3.011, 4.011, 5.011
0.012, 3.012, 4.012, 5.012
0.013, 3.013, 4.013, 5.013
0.014, 3.014, 4.014, 5.014
0.015, 3.015, 4.015, 5.015
0.016, 3.016, 4.016, 5.016
0.017, 3.017, 4.017, 5.017
0.018, 3.018, 4.018, 5.018
0.019, 3.019, 4.019, 5.019
0.02, 3.02, 4.02, 5.02
0.021, 3.021, 4.021, 5.021
0.022, 3.022, 4.022, 5.022
0.023, 3.023, 4.023, 5.023
0.024, 3.024, 4.024, 5.024
0.025, 3.025, 4.025, 5.025
0.026, 3.026, 4.026, 5.026
0.027, 3.027, 4.027, 5.027
0.028, 3.028, 4.028, 5.028
0.029, 3.029, 4.029, 5.029
0.03, 3.03, 4.03, 5.03
0.031, 3.031, 4.031, 5.031
0.032, 3.032, 4.032, 5.032
0.033, 3.033, 4.033, 5.033
0.034, 3.034, 4.034, 5.034
0.035, 3.035, 4.035, 5.035
0.036, 3.036, 4.036, 5.036
0.037, 3.037, 4.037, 5.037
0.038, 3.038, 4.038, 5.038
0.039, 3.039, 4.039, 5.039
0.04, 3.04, 4.04, 5.04
0.041, 3.041, 4.041, 5.041
0.042, 3.042, 4.042, 5.042
0.043, 3.043, 4.043, 5.043
0.044, 3.044, 4.044, 5.044
0.045, 3.045, 4.045, 5.045
0.046, 3.046, 4.046, 5.046
0.047, 3.047, 4.047, 5.047
0.048, 3.048, 4.048, 5.048
0.049, 3.049, 4.049, 5.049
0.05, 3.05, 4.05, 5.05
0.051, 3.051, 4.051, 5.051
0.052, 3.052, 4.052, 5.052
0.053, 3.053, 4.053, 5.053
0.054, 3.054, 4.054, 5.054
0.055, 3.055, 4.055, 5.055
0.056, 3.056, 4.056, 5.056
0.057, 3.057, 4.057, 5.057
0.058, 3.058, 4.058, 5.058
0.059, 3.059, 4.059, 5.059
0.06, 3.06, 4.06, 5.06
0.061, 3.061, 4.061, 5.061
0.062, 3.062, 4.062, 5.062
0.0629999, 3.063, 4.063, 5.063
0.064, 3.064, 4.064, 5.064
0.065, 3.065, 4.065, 5.065
0.066, 3.066, 4.066, 5.066
0.067, 3.067, 4.067, 5.067
0.068, 3.068, 4.068, 5.068
0.069, 3.069, 4.069, 5.069
0.07, 3.07, 4.07, 5.07
0.071, 3.071, 4.071, 5.071
0.072, 3.072, 4.072, 5.072
0.073, 3.073, 4.073, 5.073
0.074, 3.074, 4.074, 5.074
0.075, 3.075, 4.075, 5.075
0.076, 3.076, 4.076, 5.076
0.077, 3.077, 4.077, 5.077
0.078, 3.078, 4.078, 5.078
0.079, 3.079, 4.079, 5.079
0.08, 3.08, 4.08, 5.08
0.081, 3.081, 4.081, 5.081
0.082, 3.082, 4.082, 5.082
0.083, 3.083, 4.083, 5.083
0.084, 3.084, 4.084, 5.084
0.085, 3.085, 4.085, 5.085
0.086, 3.086, 4.086, 5.086
0.087, 3.087, 4.087, 5.087
0.088, 3.088, 4.088, 5.088
0.089, 3.089, 4.089, 5.089
0.09, 3.09, 4.09, 5.09
0.091, 3.091, 4.091, 5.091
0.092, 3.092, 4.092, 5.092
0.093, 3.093, 4.093, 5.093
0.094, 3.094, 4.094, 5.094
0.095, 3.095, 4.095, 5.095
0.096, 3.096, 4.096, 5.096
0.097, 3.097, 4.097, 5.097
0.098, 3.098, 4.098, 5.098
0.099, 3.099, 4.099, 5.099
0.1, 3.1, 4.1, 5.1
0.101, 3.101, 4.101, 5.101
0.102, 3.102, 4.102, 5.102
0.103, 3.103, 4.103, 5.103
0.104, 3.104, 4.104, 5.104
0.105, 3.105, 4.105, 5.105
0.106, 3.106, 4.106, 5.106
0.107, 3.107, 4.107, 5.107
0.108, 3.108, 4.108, 5.108
0.109, 3.109, 4.109, 5.109
0.11, 3.11, 4.11, 5.11
0.111, 3.111, 4.111, 5.111
0.112, 3.112, 4.112, 5.112
0.113, 3.113, 4.113, 5.113
0.114, 3.114, 4.114, 5.114
0.115, 3.115, 4.115, 5.115
0.116, 3.116, 4.116, 5.116
0.117, 3.117, 4.117, 5.117
0.118, 3.118, 4.118, 5.118
0.119, 3.119, 4.119, 5.119
0.12, 3.12, 4.12, 5.12
0.121, 3.121, 4.121, 5.121
0.122, 3.122, 4.122, 5.122
0.123, 3.123, 4.123, 5.123
0.124, 3.124, 4.124, 5.124
0.125, 3.125, 4.125, 5.125
0.126, 3.126, 4.126, 5.126
0.127, 3.127, 4.127, 5.127
0.128, 3.128, 4.128, 5.128
0.129, 3.129, 4.129, 5.129
0.13, 3.13, 4.13, 5.13
0.131, 3.131, 4.131, 5.131
0.132, 3.132, 4.132, 5.132
0.133, 3.133, 4.133, 5.133
0.134, 3.134, 4.134, 5.134
0.135, 3.135, 4.135, 5.135
0.136, 3.136, 4.136, 5.136
0.137, 3.137, 4.137, 5.137
0.138, 3.138, 4.138, 5.138
0.139, 3.139, 4.139, 5.139
0.14, 3.14, 4.14, 5.14
0.141, 3.141, 4.141, 5.141
0.142, 3.142, 4.142, 5.142
0.143, 3.143, 4.143, 5.143
0.144, 3.144, 4.144, 5.144
0.145, 3.145, 4.145, 5.145
0.146, 3.146, 4.146, 5.146
0.147, 3.147, 4.147, 5.147
0.148, 3.148, 4.148, 5.148
0.149, 3.149, 4.149, 5.149
0.15, 3.15, 4.15, 5.15
0.151, 3.151, 4.151, 5.151
0.152, 3.152, 4.152, 5.152
0.153, 3.153, 4.153, 5.153
0.154, 3.154, 4.154, 5.154
0.155, 3.155, 4.155, 5.155
0.156, 3.156, 4.156, 5.156
0.157, 3.157, 4.157, 5.157
0.158, 3.158, 4.158, 5.158
0.159, 3.159, 4.159, 5.159
0.16, 3.16, 4.16, 5.16
0.161, 3.161, 4.161, 5.161
0.162, 3.162, 4.162, 5.162
0.163, 3.163, 4.163, 5.163
0.164, 3.164, 4.164, 5.164
0.165, 3.165, 4.165, 5.165
0.166, 3.166, 4.166, 5.166
0.167, 3.167, 4.167, 5.167
0.168, 3.168, 4.168, 5.168
0.169, 3.169, 4.169, 5.169
0.17, 3.17, 4.17, 5.17
0.171, 3.171, 4.171, 5.171
0.172, 3.172, 4.172, 5.172
0.173, 3.173, 4.173, 5.173
0.174, 3.174, 4.174, 5.174
0.175, 3.175, 4.175, 5.175
0.176, 3.176, 4.176, 5.176
0.177, 3.177, 4.177, 5.177
0.178, 3.178, 4.178, 5.178
0.179, 3.179, 4.179, 5.179
0.18, 3.18, 4.18, 5.18
0.181, 3.181, 4.181, 5.181
0.182, 3.182, 4.182, 5.182
0.183, 3.183, 4.183, 5.183
0.184, 3.184, 4.184, 5.184
0.185, 3.185, 4.185, 5.185
0.186, 3.186, 4.186, 5.186
0.187, 3.187, 4.187, 5.187
0.188, 3.188, 4.188, 5.188
0.189, 3.189, 4.189, 5.189
0.19, 3.19, 4.19, 5.19
0.191, 3.191, 4.191, 5.191
0.192, 3.192, 4.192, 5.192
0.193, 3.193, 4.193, 5.193
0.194, 3.194, 4.194, 5.194
0.195, 3.195, 4.195, 5.195
0.196, 3.196, 4.196, 5.196
0.197, 3.197, 4.197, 5.197
0.198, 3.198, 4.198, 5.198
0.199, 3.199, 4.199, 5.199
0.2, 3.2, 4.2, 5.2
0.201, 3.201, 4.201, 5.201
0.202, 3.202, 4.202, 5.202
0.203, 3.203, 4.203, 5.203
0.204, 3.204, 4.204, 5.204
0.205, 3.205, 4.205, 5.205
0.206, 3.206, 4.206, 5.206
0.207, 3.207, 4.207, 5.207
0.208, 3.208, 4.208, 5.208
0.209, 3.209, 4.209, 5.209
0.21, 3.21, 4.21, 5.21
0.211, 3.211, 4.211, 5.211
0.212, 3.212, 4.212, 5.212
0.213, 3.213, 4.213, 5.213
0.214, 3.214, 4.214, 5.214
0.215, 3.215, 4.215, 5.215
0.216, 3.216, 4.216, 5.216
0.217, 3.217, 4.217, 5.217
0.218, 3.218, 4.218, 5.218
0.219, 3.219, 4.219, 5.219
0.22, 3.22, 4.22, 5.22
0.221, 3.221, 4.221, 5.221
0.222, 3.222, 4.222, 5.222
0.223, 3.223, 4.223, 5.223
0.224, 3.224, 4.224, 5.224
0.225, 3.225, 4.225, 5.225
0.226, 3.226, 4.226, 5.226
0.227, 3.227, 4.227, 5.227
0.228, 3.228, 4.228, 5.228
0.229, 3.229, 4.229, 5.229
0.23, 3.23, 4.23, 5.23
0.231, 3.231, 4.231, 5.231
0.232, 3.232, 4.232, 5.232
0.233, 3.233, 4.233, 5.233
0.234, 3.234, 4.234, 5.234
0.235, 3.235, 4.235, 5.235
0.236, 3.236, 4.236, 5.236
0.237, 3.237, 4.237, 5.237
0.238, 3.238, 4.238, 5.238
0.239, 3.239, 4.239, 5.239
0.24, 3.24, 4.24, 5.24
0.241, 3.241, 4.241, 5.241
0.242, 3.242, 4.242, 5.242
0.243, 3.243, 4.243, 5.243
0.244, 3.244, 4.244, 5.244
0.245, 3.245, 4.245, 5.245
0.246, 3.246, 4.246, 5.246
0.247, 3.247, 4.247, 5.247
0.248, 3.248, 4.248, 5.248
0.249, 3.249, 4.249, 5.249
0.25, 3.25, 4.25, 5.25
0.251, 3.251, 4.251, 5.251
0.252, 3.252, 4.252, 5.252
0.253, 3.253, 4.253, 5.253
0.254, 3.254, 4.254, 5.254
0.255, 3.255, 4.255, 5.255
0.256, 3.256, 4.256, 5.256
0.257, 3.257, 4.257, 5.257
0.258, 3.258, 4.258, 5.258
0.259, 3.259, 4.259, 5.259
0.26, 3.26, 4.26, 5.26
0.261, 3.261, 4.261, 5.261
0.262, 3.262, 4.262, 5.262
0.263, 3.263, 4.263, 5.263
0.264, 3.264, 4.264, 5.264
0.265, 3.265, 4.265, 5.265
0.266, 3.266, 4.266, 5.266
0.267, 3.267, 4.267, 5.267
0.268, 3.268, 4.268, 5.268
0.269, 3.269, 4.269, 5.269
0.27, 3.27, 4.27, 5.27
0.271, 3.271, 4.271, 5.271
0.272, 3.272, 4.272, 5.272
0.273, 3.273, 4.273, 5.273
0.274, 3.274, 4.274, 5.274
0.275, 3.275, 4.275, 5.275
0.276, 3.276, 4.276, 5.276
0.277, 3.277, 4.277, 5.277
0.278, 3.278, 4.278, 5.278
0.279, 3.279, 4.279, 5.279
0.28, 3.28, 4.28, 5.28
0.281, 3.281, 4.281, 5.281
0.282, 3.282, 4.282, 5.282
0.283, 3.283, 4.283, 5.283
0.284, 3.284, 4.284, 5.284
0.285, 3.285, 4.285, 5.285
0.286, 3.286, 4.286, 5.286
0.287, 3.287, 4.287, 5.287
0.288, 3.288, 4.288, 5.288
0.289, 3.289, 4.289, 5.289
0.29, 3.29, 4.29, 5.29
0.291, 3.291, 4.291, 5.291
0.292, 3.292, 4.292, 5.292
0.293, 3.293, 4.293, 5.293
0.294, 3.294, 4.294, 5.294
0.295, 3.295, 4.295, 5.295
0.296, 3.296, 4.296, 5.296
0.297, 3.297, 4.297, 5.297
0.298, 3.298, 4.298, 5.298
0.299, 3.299, 4.299, 5.299
0.3, 3.3, 4.3, 5.3
0.301, 3.301, 4.301, 5.301
0.302, 3.302, 4.302, 5.302
0.303, 3.303, 4.303, 5.303
0.304, 3.304, 4.304, 5.304
0.305, 3.305, 4.305, 5.305
0.306, 3.306, 4.306, 5.306
0.307, 3.307, 4.307, 5.307
0.308, 3.308, 4.308, 5.308
0.309, 3.309, 4.309, 5.309
0.31, 3.31, 4.31, 5.31
0.311, 3.311, 4.311, 5.311
0.312, 3.312, 4.312, 5.312
0.313, 3.313, 4.313, 5.313
0.314, 3.314, 4.314, 5.314
0.314999, 3.315, 4.315, 5.315
0.315999, 3.316, 4.316, 5.316
0.316999, 3.317, 4.317, 5.317
0.317999, 3.318, 4.318, 5.318
0.318999, 3.319, 4.319, 5.319
0.319999, 3.32, 4.32, 5.32
0.320999, 3.321, 4.321, 5.321
0.321999, 3.322, 4.322, 5.322
0.322999, 3.323, 4.323, 5.323
0.323999, 3.324, 4.324, 5.324
0.324999, 3.325, 4.325, 5.325
0.325999, 3.326, 4.326, 5.326
0.326999, 3.327, 4.327, 5.327
0.327999, 3.328, 4.328, 5.328
0.328999, 3.329, 4.329, 5.329
0.329999, 3.33, 4.33, 5.33
0.330999, 3.331, 4.331, 5.331
0.331999, 3.332, 4.332, 5.332
0.332999, 3.333, 4.333, 5.333
0.333999, 3.334, 4.334, 5.334
0.334999, 3.335, 4.335, 5.335
0.335999, 3.336, 4.336, 5.336
0.336999, 3.337, 4.337, 5.337
0.337999, 3.338, 4.338, 5.338
0.338999, 3.339, 4.339, 5.339
0.339999, 3.34, 4.34, 5.34
0.340999, 3.341, 4.341, 5.341
0.341999, 3.342, 4.342, 5.342
0.342999, 3.343, 4.343, 5.343
0.343999, 3.344, 4.344, 5.344
0.344999, 3.345, 4.345, 5.345
0.345999, 3.346, 4.346, 5.346
0.346999, 3.347, 4.347, 5.347
0.347999, 3.348, 4.348, 5.348
0.348999, 3.349, 4.349, 5.349
0.349999, 3.35, 4.35, 5.35
0.350999, 3.351, 4.351, 5.351
0.351999, 3.352, 4.352, 5.352
0.352999, 3.353, 4.353, 5.353
0.353999, 3.354, 4.354, 5.354
0.354999, 3.355, 4.355, 5.355
0.355999, 3.356, 4.356, 5.356
0.356999, 3.357, 4.357, 5.357
0.357999, 3.358, 4.358, 5.358
0.358999, 3.359, 4.359, 5.359
0.359999, 3.36, 4.36, 5.36
0.360999, 3.361, 4.361, 5.361
0.361999, 3.362, 4.362, 5.362
0.362999, 3.363, 4.363, 5.363
0.363999, 3.364, 4.364, 5.364
0.364999, 3.365, 4.365, 5.365
0.365999, 3.366, 4.366, 5.366
0.366999, 3.367, 4.367, 5.367
0.367999, 3.368, 4.368, 5.368
0.368999, 3.369, 4.369, 5.369
0.369999, 3.37, 4.37, 5.37
0.370999, 3.371, 4.371, 5.371
0.371999, 3.372, 4.372, 5.372
0.372999, 3.373, 4.373, 5.373
0.373999, 3.374, 4.374, 5.374
0.374999, 3.375, 4.375, 5.375
0.375999, 3.376, 4.376, 5.376
0.376999, 3.377, 4.377, 5.377
0.377999, 3.378, 4.378, 5.378
0.378999, 3.379, 4.379, 5.379
0.379999, 3.38, 4.38, 5.38
0.380999, 3.381, 4.381, 5.381
0.381999, 3.382, 4.382, 5.382
0.382999, 3.383, 4.383, 5.383
0.383999, 3.384, 4.384, 5.384
0.384999, 3.385, 4.385, 5.385
0.385999, 3.386, 4.386, 5.386
0.386999, 3.387, 4.387, 5.387
0.387999, 3.388, 4.388, 5.388
0.388999, 3.389, 4.389, 5.389
0.389999, 3.39, 4.39, 5.39
0.390999, 3.391, 4.391, 5.391
0.391998, 3.392, 4.392, 5.392
0.392998, 3.393, 4.393, 5.393
0.393998, 3.394, 4.394, 5.394
0.394998, 3.395, 4.395, 5.395
0.395998, 3.396, 4.396, 5.396
0.396998, 3.397, 4.397, 5.397
0.397998, 3.398, 4.398, 5.398
0.398998, 3.399, 4.399, 5.399
0.399998, 3.4, 4.4, 5.4
0.400998, 3.401, 4.401, 5.401
0.401998, 3.402, 4.402, 5.402
0.402998, 3.403, 4.403, 5.403
0.403998, 3.404, 4.404, 5.404
0.404998, 3.405, 4.405, 5.405
0.405998, 3.406, 4.406, 5.406
0.406998, 3.407, 4.407, 5.407
0.407998, 3.408, 4.408, 5.408
0.408998, 3.409, 4.409, 5.409
0.409998, 3.41, 4.41, 5.41
0.410998, 3.411, 4.411, 5.411
0.411998, 3.412, 4.412, 5.412
0.412998, 3.413, 4.413, 5.413
0.413998, 3.414, 4.414, 5.414
0.414998, 3.415, 4.415, 5.415
0.415998, 3.416, 4.416, 5.416
0.416998, 3.417, 4.417, 5.417
0.417998, 3.418, 4.418, 5.418
0.418998, 3.419, 4.419, 5.419
0.419998, 3.42, 4.42, 5.42
0.420998, 3.421, 4.421, 5.421
0.421998, 3.422, 4.422, 5.422
0.422998, 3.423, 4.423, 5.423
0.423998, 3.424, 4.424, 5.424
0.424998, 3.425, 4.425, 5.425
0.425998, 3.426, 4.426, 5.426
0.426998, 3.427, 4.427, 5.427
0.427998, 3.428, 4.428, 5.428
0.428998, 3.429, 4.429, 5.429
0.429998, 3.43, 4.43, 5.43
0.430998, 3.431, 4.431, 5.431
0.431998, 3.432, 4.432, 5.432
0.432998, 3.433, 4.433, 5.433
0.433998, 3.434, 4.434, 5.434
0.434998, 3.435, 4.435, 5.435
0.435998, 3.436, 4.436, 5.436
0.436998, 3.437, 4.437, 5.437
0.437998, 3.438, 4.438, 5.438
0.438998, 3.439, 4.439, 5.439
0.439998, 3.44, 4.44, 5.44
0.440998, 3.441, 4.441, 5.441
0.441998, 3.442, 4.442, 5.442
0.442998, 3.443, 4.443, 5.443
0.443998, 3.444, 4.444, 5.444
0.444998, 3.445, 4.445, 5.445
0.445998, 3.446, 4.446, 5.446
0.446998, 3.447, 4.447, 5.447
0.447998, 3.448, 4.448, 5.448
0.448998, 3.449, 4.449, 5.449
0.449998, 3.45, 4.45, 5.45
0.450998, 3.451, 4.451, 5.451
0.451998, 3.452, 4.452, 5.452
0.452998, 3.453, 4.453, 5.453
0.453998, 3.454, 4.454, 5.454
0.454998, 3.455, 4.455, 5.455
0.455998, 3.456, 4.456, 5.456
0.456998, 3.457, 4.457, 5.457
0.457998, 3.458, 4.458, 5.458
0.458998, 3.459, 4.459, 5.459
0.459998, 3.46, 4.46, 5.46
0.460998, 3.461, 4.461, 5.461
0.461998, 3.462, 4.462, 5.462
0.462998, 3.463, 4.463, 5.463
0.463998, 3.464, 4.464, 5.464
0.464998, 3.465, 4.465, 5.465
0.465998, 3.466, 4.466, 5.466
0.466998, 3.467, 4.467, 5.467
0.467998, 3.468, 4.468, 5.468
0.468998, 3.469, 4.469, 5.469
0.469997, 3.47, 4.47, 5.47
0.470997, 3.471, 4.471, 5.471
0.471997, 3.472, 4.472, 5.472
0.472997, 3.473, 4.473, 5.473
0.473997, 3.474, 4.474, 5.474
0.474997, 3.475, 4.475, 5.475
0.475997, 3.476, 4.476, 5.476
0.476997, 3.477, 4.477, 5.477
0.477997, 3.478, 4.478, 5.478
0.478997, 3.479, 4.479, 5.479
0.479997, 3.48, 4.48, 5.48
0.480997, 3.481, 4.481, 5.481
0.481997, 3.482, 4.482, 5.482
0.482997, 3.483, 4.483, 5.483
0.483997, 3.484, 4.484, 5.484
0.484997, 3.485, 4.485, 5.485
0.485997, 3.486, 4.486, 5.486
0.486997, 3.487, 4.487, 5.487
0.487997, 3.488, 4.488, 5.488
0.488997, 3.489, 4.489, 5.489
0.489997, 3.49, 4.49, 5.49
0.490997, 3.491, 4.491, 5.491
0.491997, 3.492, 4.492, 5.492
0.492997, 3.493, 4.493, 5.493
0.493997, 3.494, 4.494, 5.494
0.494997, 3.495, 4.495, 5.495
0.495997, 3.496, 4.496, 5.496
0.496997, 3.497, 4.497, 5.497
0.497997, 3.498, 4.498, 5.498
0.498997, 3.499, 4.499, 5.499
0.499997, 3.5, 4.5, 5.5
0.500997, 3.501, 4.501, 5.501
0.501997, 3.502, 4.502, 5.502
0.502997, 3.503, 4.503, 5.503
0.503997, 3.504, 4.504, 5.504
0.504997, 3.505, 4.505, 5.505
0.505997, 3.506, 4.506, 5.506
0.506997, 3.507, 4.507, 5.507
0.507997, 3.508, 4.508, 5.508
0.508997, 3.509, 4.509, 5.509
0.509997, 3.51, 4.51, 5.51
0.510997, 3.511, 4.511, 5.511
0.511997, 3.512, 4.512, 5.512
0.512997, 3.513, 4.513, 5.513
0.513997, 3.514, 4.514, 5.514
0.514997, 3.515, 4.515, 5.515
0.515997, 3.516, 4.516, 5.516
0.516997, 3.517, 4.517, 5.517
0.517997, 3.518, 4.518, 5.518
0.518997, 3.519, 4.519, 5.519
0.519997, 3.52, 4.52, 5.52
0.520997, 3.521, 4.521, 5.521
0.521997, 3.522, 4.522, 5.522
0.522997, 3.523, 4.523, 5.523
0.523997, 3.524, 4.524, 5.524
0.524997, 3.525, 4.525, 5.525
0.525997, 3.526, 4.526, 5.526
0.526997, 3.527, 4.527, 5.527
0.527997, 3.528, 4.528, 5.528
0.528997, 3.529, 4.529, 5.529
0.529997, 3.53, 4.53, 5.53
0.530997, 3.531, 4.531, 5.531
0.531997, 3.532, 4.532, 5.532
0.532997, 3.533, 4.533, 5.533
0.533997, 3.534, 4.534, 5.534
0.534997, 3.535, 4.535, 5.535
0.535997, 3.536, 4.536, 5.536
0.536997, 3.537, 4.537, 5.537
0.537997, 3.538, 4.538, 5.538
0.538997, 3.539, 4.539, 5.539
0.539997, 3.54, 4.54, 5.54
0.540997, 3.541, 4.541, 5.541
0.541997, 3.542, 4.542, 5.542
0.542997, 3.543, 4.543, 5.543
0.543997, 3.544, 4.544, 5.544
0.544997, 3.545, 4.545, 5.545
0.545997, 3.546, 4.546, 5.546
0.546997, 3.547, 4.547, 5.547
0.547997, 3.548, 4.548, 5.548
0.548997, 3.549, 4.549, 5.549
0.549996, 3.55, 4.55, 5.55
0.550996, 3.551, 4.551, 5.551
0.551996, 3.552, 4.552, 5.552
0.552996, 3.553, 4.553, 5.553
0.553996, 3.554, 4.554, 5.554
0.554996, 3.555, 4.555, 5.555
0.555996, 3.556, 4.556, 5.556
0.556996, 3.557, 4.557, 5.557
0.557996, 3.558, 4.558, 5.558
0.558996, 3.559, 4.559, 5.559
0.559996, 3.56, 4.56, 5.56
0.560996, 3.561, 4.561, 5.561
0.561996, 3.562, 4.562, 5.562
0.562996, 3.563, 4.563, 5.563
0.563996, 3.564, 4.564, 5.564
0.564996, 3.565, 4.565, 5.565
0.565996, 3.566, 4.566, 5.566
0.566996, 3.567, 4.567, 5.567
0.567996, 3.568, 4.568, 5.568
0.568996, 3.569, 4.569, 5.569
0.569996, 3.57, 4.57, 5.57
0.570996, 3.571, 4.571, 5.571
0.571996, 3.572, 4.572, 5.572
0.572996, 3.573, 4.573, 5.573
0.573996, 3.574, 4.574, 5.574
0.574996, 3.575, 4.575, 5.575
0.575996, 3.576, 4.576, 5.576
0.576996, 3.577, 4.577, 5.577
0.577996, 3.578, 4.578, 5.578
0.578996, 3.579, 4.579, 5.579
0.579996, 3.58, 4.58, 5.58
0.580996, 3.581, 4.581, 5.581
0.581996, 3.582, 4.582, 5.582
0.582996, 3.583, 4.583, 5.583
0.583996, 3.584, 4.584, 5.58401
0.584996, 3.585, 4.585, 5.585
0.585996, 3.586, 4.586, 5.586
0.586996, 3.587, 4.587, 5.587
0.587996, 3.588, 4.588, 5.588
0.588996, 3.589, 4.589, 5.589
0.589996, 3.59, 4.59, 5.59
0.590996, 3.591, 4.591, 5.591
0.591996, 3.592, 4.592, 5.592
0.592996, 3.593, 4.593, 5.593
0.593996, 3.594, 4.594, 5.594
0.594996, 3.595, 4.595, 5.595
0.595996, 3.596, 4.596, 5.596
0.596996, 3.597, 4.597, 5.597
0.597996, 3.598, 4.598, 5.598
0.598996, 3.599, 4.599, 5.599
0.599996, 3.6, 4.6, 5.6
0.600996, 3.601, 4.601, 5.601
0.601996, 3.602, 4.602, 5.602
0.602996, 3.603, 4.603, 5.603
0.603996, 3.604, 4.604, 5.604
0.604996, 3.605, 4.605, 5.605
0.605996, 3.606, 4.606, 5.606
0.606996, 3.607, 4.607, 5.607
0.607996, 3.608, 4.608, 5.608
0.608996, 3.609, 4.609, 5.609
0.609996, 3.61, 4.61, 5.61
0.610996, 3.611, 4.611, 5.611
0.611996, 3.612, 4.612, 5.612
0.612996, 3.613, 4.613, 5.613
0.613996, 3.614, 4.614, 5.614
0.614996, 3.615, 4.615, 5.615
0.615996, 3.616, 4.616, 5.616
0.616996, 3.617, 4.617, 5.617
0.617996, 3.618, 4.618, 5.618
0.618996, 3.619, 4.619, 5.619
0.619996, 3.62, 4.62, 5.62001
0.620996, 3.621, 4.621, 5.621
0.621996, 3.622, 4.622, 5.622
0.622996, 3.623, 4.623, 5.623
0.623996, 3.624, 4.624, 5.624
0.624996, 3.625, 4.625, 5.625
0.625996, 3.626, 4.626, 5.626
0.626996, 3.627, 4.627, 5.627
0.627995, 3.628, 4.628, 5.628
0.628995, 3.629, 4.629, 5.629
0.629995, 3.63, 4.63, 5.63
0.630995, 3.631, 4.631, 5.631
0.631995, 3.632, 4.632, 5.632
0.632995, 3.633, 4.633, 5.633
0.633995, 3.634, 4.634, 5.634
0.634995, 3.635, 4.635, 5.635
0.635995, 3.636, 4.636, 5.636
0.636995, 3.637, 4.637, 5.637
0.637995, 3.638, 4.638, 5.638
0.638995, 3.639, 4.639, 5.639
0.639995, 3.64, 4.64, 5.64
0.640995, 3.641, 4.641, 5.641
0.641995, 3.642, 4.642, 5.642
0.642995, 3.643, 4.643, 5.643
0.643995, 3.644, 4.644, 5.644
0.644995, 3.645, 4.645, 5.645
0.645995, 3.646, 4.646, 5.646
0.646995, 3.647, 4.647, 5.647
0.647995, 3.648, 4.64799, 5.64799
0.648995, 3.649, 4.649, 5.649
0.649995, 3.65, 4.65, 5.65
0.650995, 3.651, 4.651, 5.651
0.651995, 3.652, 4.652, 5.652
0.652995, 3.653, 4.653, 5.653
0.653995, 3.654, 4.654, 5.654
0.654995, 3.655, 4.65499, 5.65499
0.655995, 3.656, 4.656, 5.656
0.656995, 3.657, 4.657, 5.657
0.657995, 3.658, 4.658, 5.658
0.658995, 3.659, 4.659, 5.659
0.659995, 3.66, 4.66, 5.66
0.660995, 3.661, 4.661, 5.661
0.661995, 3.66199, 4.66199, 5.66199
0.662995, 3.663, 4.66299, 5.66299
0.663995, 3.664, 4.66399, 5.66399
0.664995, 3.66499, 4.665, 5.665
0.665995, 3.666, 4.666, 5.666
0.666995, 3.667, 4.667, 5.667
0.667995, 3.66799, 4.66799, 5.66799
0.668995, 3.66899, 4.66899, 5.66899
0.669995, 3.66999, 4.66999, 5.66999
0.670995, 3.67099, 4.67099, 5.67099
0.671995, 3.67199, 4.672, 5.672
0.672995, 3.67299, 4.673, 5.673
0.673995, 3.674, 4.674, 5.674
0.674995, 3.67499, 4.67499, 5.67499
0.675995, 3.67599, 4.67599, 5.67599
0.676995, 3.67699, 4.67699, 5.67699
0.677995, 3.67799, 4.67799, 5.67799
0.678995, 3.67899, 4.67899, 5.67899
0.679995, 3.67999, 4.67999, 5.67999
0.680995, 3.68099, 4.68099, 5.68099
0.681995, 3.68199, 4.68199, 5.68199
0.682995, 3.68299, 4.68299, 5.68299
0.683995, 3.68399, 4.68399, 5.68399
0.684995, 3.68499, 4.68499, 5.68499
0.685995, 3.68599, 4.68599, 5.68599
0.686995, 3.68699, 4.68699, 5.68699
0.687995, 3.68799, 4.68799, 5.68799
0.688995, 3.68899, 4.68899, 5.68899
0.689995, 3.68999, 4.68999, 5.68999
0.690995, 3.69099, 4.69099, 5.69099
0.691995, 3.69199, 4.69199, 5.69199
0.692995, 3.69299, 4.69299, 5.69299
0.693995, 3.69399, 4.69399, 5.69399
0.694995, 3.69499, 4.69499, 5.69499
0.695995, 3.69599, 4.69599, 5.69599
0.696995, 3.69699, 4.69699, 5.69699
0.697995, 3.69799, 4.69799, 5.69799
0.698995, 3.69899, 4.69899, 5.69899
0.699995, 3.69999, 4.69999, 5.69999
0.700995, 3.70099, 4.70099, 5.70099
0.701995, 3.70199, 4.70199, 5.70199
0.702995, 3.70299, 4.70299, 5.70299
0.703995, 3.70399, 4.70399, 5.70399
0.704994, 3.70499, 4.70499, 5.70499
0.705994, 3.70599, 4.70599, 5.70599
0.706994, 3.70699, 4.70699, 5.70699
0.707994, 3.70799, 4.70799, 5.70799
0.708994, 3.70899, 4.70899, 5.70899
0.709994, 3.70999, 4.70999, 5.70999
0.710994, 3.71099, 4.71099, 5.71099
0.711994, 3.71199, 4.71199, 5.71199
0.712994, 3.71299, 4.71299, 5.71299
0.713994, 3.71399, 4.71399, 5.71399
0.714994, 3.71499, 4.71499, 5.71499
0.715994, 3.71599, 4.71599, 5.71599
0.716994, 3.71699, 4.71699, 5.71699
0.717994, 3.71799, 4.71799, 5.71799
0.718994, 3.71899, 4.71899, 5.71899
0.719994, 3.71999, 4.71999, 5.71999
0.720994, 3.72099, 4.72099, 5.72099
0.721994, 3.72199, 4.72199, 5.72199
0.722994, 3.72299, 4.72299, 5.72299
0.723994, 3.72399, 4.72399, 5.72399
0.724994, 3.72499, 4.72499, 5.72499
0.725994, 3.72599, 4.72599, 5.72599
0.726994, 3.72699, 4.72699, 5.72699
0.727994, 3.72799, 4.72799, 5.72799
0.728994, 3.72899, 4.72899, 5.72899
0.729994, 3.72999, 4.72999, 5.72999
0.730994, 3.73099, 4.73099, 5.73099
0.731994, 3.73199, 4.73199, 5.73199
0.732994, 3.73299, 4.73299, 5.73299
0.733994, 3.73399, 4.73399, 5.73399
0.734994, 3.73499, 4.73499, 5.73499
0.735994, 3.73599, 4.73599, 5.73599
0.736994, 3.73699, 4.73699, 5.73699
0.737994, 3.73799, 4.73799, 5.73799
0.738994, 3.73899, 4.73899, 5.73899
0.739994, 3.73999, 4.73999, 5.73999
0.740994, 3.74099, 4.74099, 5.74099
0.741994, 3.74199, 4.74199, 5.74199
0.742994, 3.74299, 4.74299, 5.74299
0.743994, 3.74399, 4.74399, 5.74399
0.744994, 3.74499, 4.74499, 5.74499
0.745994, 3.74599, 4.74599, 5.74599
0.746994, 3.74699, 4.74699, 5.74699
0.747994, 3.74799, 4.74799, 5.74799
0.748994, 3.74899, 4.74899, 5.74899
0.749994, 3.74999, 4.74999, 5.74999
0.750994, 3.75099, 4.75099, 5.75099
0.751994, 3.75199, 4.75199, 5.75199
0.752994, 3.75299, 4.75299, 5.75299
0.753994, 3.75399, 4.75399, 5.75399
0.754994, 3.75499, 4.75499, 5.75499
0.755994, 3.75599, 4.75599, 5.75599
0.756994, 3.75699, 4.75699, 5.75699
0.757994, 3.75799, 4.75799, 5.75799
0.758994, 3.75899, 4.75899, 5.75899
0.759994, 3.75999, 4.75999, 5.75999
0.760994, 3.76099, 4.76099, 5.76099
0.761994, 3.76199, 4.76199, 5.76199
0.762994, 3.76299, 4.76299, 5.76299
0.763994, 3.76399, 4.76399, 5.76399
0.764994, 3.76499, 4.76499, 5.76499
0.765994, 3.76599, 4.76599, 5.76599
0.766994, 3.76699, 4.76699, 5.76699
0.767994, 3.76799, 4.76799, 5.76799
0.768994, 3.76899, 4.76899, 5.76899
0.769994, 3.76999, 4.76999, 5.76999
0.770994, 3.77099, 4.77099, 5.77099
0.771994, 3.77199, 4.77199, 5.77199
0.772994, 3.77299, 4.77299, 5.77299
0.773994, 3.77399, 4.77399, 5.77399
0.774994, 3.77499, 4.77499, 5.77499
0.775994, 3.77599, 4.77599, 5.77599
0.776994, 3.77699, 4.77699, 5.77699
0.777994, 3.77799, 4.77799, 5.77799
0.778994, 3.77899, 4.77899, 5.77899
0.779994, 3.77999, 4.77999, 5.77999
0.780994, 3.78099, 4.78099, 5.78099
0.781994, 3.78199, 4.78199, 5.78199
0.782993, 3.78299, 4.78299, 5.78299
0.783993, 3.78399, 4.78399, 5.78399
0.784993, 3.78499, 4.78499, 5.78499
0.785993, 3.78599, 4.78599, 5.78599
0.786993, 3.78699, 4.78699, 5.78699
0.787993, 3.78799, 4.78799, 5.78799
0.788993, 3.78899, 4.78899, 5.78899
0.789993, 3.78999, 4.78999, 5.78999
0.790993, 3.79099, 4.79099, 5.79099
0.791993, 3.79199, 4.79199, 5.79199
0.792993, 3.79299, 4.79299, 5.79299
0.793993, 3.79399, 4.79399, 5.79399
0.794993, 3.79499, 4.79499, 5.79499
0.795993, 3.79599, 4.79599, 5.79599
0.796993, 3.79699, 4.79699, 5.79699
0.797993, 3.79799, 4.79799, 5.79799
0.798993, 3.79899, 4.79899, 5.79899
0.799993, 3.79999, 4.79999, 5.79999
0.800993, 3.80099, 4.80099, 5.80099
0.801993, 3.80199, 4.80199, 5.80199
0.802993, 3.80299, 4.80299, 5.80299
0.803993, 3.80399, 4.80399, 5.80399
0.804993, 3.80499, 4.80499, 5.80499
0.805993, 3.80599, 4.80599, 5.80599
0.806993, 3.80699, 4.80699, 5.80699
0.807993, 3.80799, 4.80799, 5.80799
0.808993, 3.80899, 4.80899, 5.80899
0.809993, 3.80999, 4.80999, 5.80999
0.810993, 3.81099, 4.81099, 5.81099
0.811993, 3.81199, 4.81199, 5.81199
0.812993, 3.81299, 4.81299, 5.81299
0.813993, 3.81399, 4.81399, 5.81399
0.814993, 3.81499, 4.81499, 5.81499
0.815993, 3.81599, 4.81599, 5.81599
0.816993, 3.81699, 4.81699, 5.81699
0.817993, 3.81799, 4.81799, 5.81799
0.818993, 3.81899, 4.81899, 5.81899
0.819993, 3.81999, 4.81999, 5.81999
0.820993, 3.82099, 4.82099, 5.82099
0.821993, 3.82199, 4.82199, 5.82199
0.822993, 3.82299, 4.82299, 5.82299
0.823993, 3.82399, 4.82399, 5.82399
0.824993, 3.82499, 4.82499, 5.82499
0.825993, 3.82599, 4.82599, 5.82599
0.826993, 3.82699, 4.82699, 5.82699
0.827993, 3.82799, 4.82799, 5.82799
0.828993, 3.82899, 4.82899, 5.82899
0.829993, 3.82999, 4.82999, 5.82999
0.830993, 3.83099, 4.83099, 5.83099
0.831993, 3.83199, 4.83199, 5.83199
0.832993, 3.83299, 4.83299, 5.83299
0.833993, 3.83399, 4.83399, 5.83399
0.834993, 3.83499, 4.83499, 5.83499
0.835993, 3.83599, 4.83599, 5.83599
0.836993, 3.83699, 4.83699, 5.83699
0.837993, 3.83799, 4.83799, 5.83799
0.838993, 3.83899, 4.83899, 5.83899
0.839993, 3.83999, 4.83999, 5.83999
0.840993, 3.84099, 4.84099, 5.84099
0.841993, 3.84199, 4.84199, 5.84199
0.842993, 3.84299, 4.84299, 5.84299
0.843993, 3.84399, 4.84399, 5.84399
0.844993, 3.84499, 4.84499, 5.84499
0.845993, 3.84599, 4.84599, 5.84599
0.846993, 3.84699, 4.84699, 5.84699
0.847993, 3.84799, 4.84799, 5.84799
0.848993, 3.84899, 4.84899, 5.84899
0.849993, 3.84999, 4.84999, 5.84999
0.850993, 3.85099, 4.85099, 5.85099
0.851993, 3.85199, 4.85199, 5.85199
0.852993, 3.85299, 4.85299, 5.85299
0.853993, 3.85399, 4.85399, 5.85399
0.854993, 3.85499, 4.85499, 5.85499
0.855993, 3.85599, 4.85599, 5.85599
0.856993, 3.85699, 4.85699, 5.85699
0.857993, 3.85799, 4.85799, 5.85799
0.858993, 3.85899, 4.85899, 5.85899
0.859993, 3.85999, 4.85999, 5.85999
0.860992, 3.86099, 4.86099, 5.86099
0.861992, 3.86199, 4.86199, 5.86199
0.862992, 3.86299, 4.86299, 5.86299
0.863992, 3.86399, 4.86399, 5.86399
0.864992, 3.86499, 4.86499, 5.86499
0.865992, 3.86599, 4.86599, 5.86599
0.866992, 3.86699, 4.86699, 5.86699
0.867992, 3.86799, 4.86799, 5.86799
0.868992, 3.86899, 4.86899, 5.86899
0.869992, 3.86999, 4.86999, 5.86999
0.870992, 3.87099, 4.87099, 5.87099
0.871992, 3.87199, 4.87199, 5.87199
0.872992, 3.87299, 4.87299, 5.87299
0.873992, 3.87399, 4.87399, 5.87399
0.874992, 3.87499, 4.87499, 5.87499
0.875992, 3.87599, 4.87599, 5.87599
0.876992, 3.87699, 4.87699, 5.87699
0.877992, 3.87799, 4.87799, 5.87799
0.878992, 3.87899, 4.87899, 5.87899
0.879992, 3.87999, 4.87999, 5.87999
0.880992, 3.88099, 4.88099, 5.88099
0.881992, 3.88199, 4.88199, 5.88199
0.882992, 3.88299, 4.88299, 5.88299
0.883992, 3.88399, 4.88399, 5.88399
0.884992, 3.88499, 4.88499, 5.88499
0.885992, 3.88599, 4.88599, 5.88599
0.886992, 3.88699, 4.88699, 5.88699
0.887992, 3.88799, 4.88799, 5.88799
0.888992, 3.88899, 4.88899, 5.88899
0.889992, 3.88999, 4.88999, 5.88999
0.890992, 3.89099, 4.89099, 5.89099
0.891992, 3.89199, 4.89199, 5.89199
0.892992, 3.89299, 4.89299, 5.89299
0.893992, 3.89399, 4.89399, 5.89399
0.894992, 3.89499, 4.89499, 5.89499
0.895992, 3.89599, 4.89599, 5.89599
0.896992, 3.89699, 4.89699, 5.89699
0.897992, 3.89799, 4.89799, 5.89799
0.898992, 3.89899, 4.89899, 5.89899
0.899992, 3.89999, 4.89999, 5.89999
0.900992, 3.90099, 4.90099, 5.90099
0.901992, 3.90199, 4.90199, 5.90199
0.902992, 3.90299, 4.90299, 5.90299
0.903992, 3.90399, 4.90399, 5.90399
0.904992, 3.90499, 4.90499, 5.90499
0.905992, 3.90599, 4.90599, 5.90599
0.906992, 3.90699, 4.90699, 5.90699
0.907992, 3.90799, 4.90799, 5.90799
0.908992, 3.90899, 4.90899, 5.90899
0.909992, 3.90999, 4.90999, 5.90999
0.910992, 3.91099, 4.91099, 5.91099
0.911992, 3.91199, 4.91199, 5.91199
0.912992, 3.91299, 4.91299, 5.91299
0.913992, 3.91399, 4.91399, 5.91399
0.914992, 3.91499, 4.91499, 5.91499
0.915992, 3.91599, 4.91599, 5.91599
0.916992, 3.91699, 4.91699, 5.91699
0.917992, 3.91799, 4.91799, 5.91799
0.918992, 3.91899, 4.91899, 5.91899
0.919992, 3.91999, 4.91999, 5.91999
0.920992, 3.92099, 4.92099, 5.92099
0.921992, 3.92199, 4.92199, 5.92199
0.922992, 3.92299, 4.92299, 5.92299
0.923992, 3.92399, 4.92399, 5.92399
0.924992, 3.92499, 4.92499, 5.92499
0.925992, 3.92599, 4.92599, 5.92599
0.926992, 3.92699, 4.92699, 5.92699
0.927992, 3.92799, 4.92799, 5.92799
0.928992, 3.92899, 4.92899, 5.92899
0.929992, 3.92999, 4.92999, 5.92999
0.930992, 3.93099, 4.93099, 5.93099
0.931992, 3.93199, 4.93199, 5.93199
0.932992, 3.93299, 4.93299, 5.93299
0.933992, 3.93399, 4.93399, 5.93399
0.934992, 3.93499, 4.93499, 5.93499
0.935992, 3.93599, 4.93599, 5.93599
0.936992, 3.93699, 4.93699, 5.937
0.937991, 3.93799, 4.93799, 5.93799
0.938991, 3.93899, 4.93899, 5.93899
0.939991, 3.93999, 4.93999, 5.93999
0.940991, 3.94099, 4.94099, 5.94099
0.941991, 3.94199, 4.94199, 5.94199
0.942991, 3.94299, 4.94299, 5.94299
0.943991, 3.94399, 4.94399, 5.94399
0.944991, 3.94499, 4.94499, 5.94499
0.945991, 3.94599, 4.94599, 5.94599
0.946991, 3.94699, 4.94699, 5.94699
0.947991, 3.94799, 4.94799, 5.94799
0.948991, 3.94899, 4.94899, 5.94899
0.949991, 3.94999, 4.94999, 5.94999
0.950991, 3.95099, 4.95099, 5.95099
0.951991, 3.95199, 4.95199, 5.95199
0.952991, 3.95299, 4.95299, 5.95299
0.953991, 3.95399, 4.95399, 5.95399
0.954991, 3.95499, 4.95499, 5.95499
0.955991, 3.95599, 4.95599, 5.95599
0.956991, 3.95699, 4.95699, 5.95699
0.957991, 3.95799, 4.95799, 5.95799
0.958991, 3.95899, 4.95899, 5.95899
0.959991, 3.95999, 4.95999, 5.95999
0.960991, 3.96099, 4.96099, 5.96099
0.961991, 3.96199, 4.96199, 5.96199
0.962991, 3.96299, 4.96299, 5.96299
0.963991, 3.96399, 4.96399, 5.96399
0.964991, 3.96499, 4.96499, 5.96499
0.965991, 3.96599, 4.96599, 5.96599
0.966991, 3.96699, 4.96699, 5.96699
0.967991, 3.96799, 4.96799, 5.96799
0.968991, 3.96899, 4.96899, 5.96899
0.969991, 3.96999, 4.96999, 5.96999
0.970991, 3.97099, 4.97099, 5.97099
0.971991, 3.97199, 4.97199, 5.97199
0.972991, 3.97299, 4.97299, 5.97299
0.973991, 3.97399, 4.97399, 5.97399
0.974991, 3.97499, 4.97499, 5.97499
0.975991, 3.97599, 4.97599, 5.97599
0.976991, 3.97699, 4.97699, 5.97699
0.977991, 3.97799, 4.97799, 5.97799
0.978991, 3.97899, 4.97899, 5.97899
0.979991, 3.97999, 4.97999, 5.97999
0.980991, 3.98099, 4.98099, 5.98099
0.981991, 3.98199, 4.98199, 5.98199
0.982991, 3.98299, 4.98299, 5.98299
0.983991, 3.98399, 4.98399, 5.98399
0.984991, 3.98499, 4.98499, 5.98499
0.985991, 3.98599, 4.98599, 5.98599
0.986991, 3.98699, 4.98699, 5.98699
0.987991, 3.98799, 4.98799, 5.98799
0.988991, 3.98899, 4.98899, 5.98899
0.989991, 3.98999, 4.98999, 5.98999
0.990991, 3.99099, 4.99099, 5.99099
0.991991, 3.99199, 4.99199, 5.99199
0.992991, 3.99299, 4.99299, 5.99299
0.993991, 3.99399, 4.99399, 5.99399
0.994991, 3.99499, 4.99499, 5.99499
0.995991, 3.99599, 4.99599, 5.99599
0.996991, 3.99699, 4.99699, 5.99699
0.997991, 3.99799, 4.99799, 5.99799
0.998991, 3.99899, 4.99899, 5.99899
0.999991, 3.99999, 4.99999, 5.99999
1.00099, 4.00099, 5.00099, 6.00099
1.00199, 4.00199, 5.00199, 6.00199
1.00299, 4.00299, 5.00299, 6.00299
1.00399, 4.00399, 5.00399, 6.00399
1.00499, 4.00499, 5.00499, 6.00499
1.00599, 4.00599, 5.00599, 6.00599
1.00699, 4.00699, 5.00699, 6.00699
1.00799, 4.00799, 5.00799, 6.00799
1.00899, 4.00899, 5.00899, 6.00899
1.00999, 4.00999, 5.00999, 6.00999
1.01099, 4.01099, 5.01099, 6.01099
1.01199, 4.01199, 5.01199, 6.01199
1.01299, 4.01299, 5.01299, 6.01299
1.01399, 4.01399, 5.01399, 6.01399
1.01499, 4.01499, 5.01499, 6.01499
1.01599, 4.01599, 5.01599, 6.01599
1.01699, 4.01699, 5.01699, 6.01699
1.01799, 4.01799, 5.01799, 6.01799
1.01899, 4.01899, 5.01899, 6.01899
1.01999, 4.01999, 5.01999, 6.01999
1.02099, 4.02099, 5.02099, 6.02099
1.02199, 4.02199, 5.02199, 6.02199
1.02299, 4.02299, 5.02299, 6.02299
1.02399, 4.02399, 5.02399, 6.02399
1.02499, 4.02499, 5.02499, 6.02499
1.02599, 4.02599, 5.02599, 6.02599
1.02699, 4.02699, 5.02699, 6.02699
1.02799, 4.02799, 5.02799, 6.02799
1.02899, 4.02899, 5.02899, 6.02899
1.02999, 4.02999, 5.02999, 6.02999
1.03099, 4.03099, 5.03099, 6.03099
1.03199, 4.03199, 5.03199, 6.03199
1.03299, 4.03299, 5.03299, 6.03299
1.03399, 4.03399, 5.03399, 6.03399
1.03499, 4.03499, 5.03499, 6.03499
1.03599, 4.03599, 5.03599, 6.03599
1.03699, 4.03699, 5.03699, 6.03699
1.03799, 4.03799, 5.03799, 6.03799
1.03899, 4.03899, 5.03899, 6.03899
1.03999, 4.03999, 5.03999, 6.03999
1.04099, 4.04099, 5.04099, 6.04099
1.04199, 4.04199, 5.04199, 6.04199
1.04299, 4.04299, 5.04299, 6.04299
1.04399, 4.04399, 5.04399, 6.04399
1.04499, 4.04499, 5.04499, 6.04499
1.04599, 4.04599, 5.04599, 6.04599
1.04699, 4.04699, 5.04699, 6.04699
1.04799, 4.04799, 5.04799, 6.04799
1.04899, 4.04899, 5.04899, 6.04899
1.04999, 4.04999, 5.04999, 6.04999
1.05099, 4.05099, 5.05099, 6.05099
1.05199, 4.05199, 5.05199, 6.05199
1.05299, 4.05299, 5.05299, 6.05299
1.05399, 4.05399, 5.05399, 6.05399
1.05499, 4.05499, 5.05499, 6.05499
1.05599, 4.05599, 5.05599, 6.05599
1.05699, 4.05699, 5.05699, 6.05699
1.05799, 4.05799, 5.05799, 6.05799
1.05899, 4.05899, 5.05899, 6.05899
1.05999, 4.05999, 5.05999, 6.05999
1.06099, 4.06099, 5.06099, 6.06099
1.06199, 4.06199, 5.06199, 6.06199
1.06299, 4.06299, 5.06299, 6.06299
1.06399, 4.06399, 5.06399, 6.06399
1.06499, 4.06499, 5.06499, 6.06499
1.06599, 4.06599, 5.06599, 6.06599
1.06699, 4.06699, 5.06699, 6.06699
1.06799, 4.06799, 5.06799, 6.06799
1.06899, 4.06899, 5.06899, 6.06899
1.06999, 4.06999, 5.06999, 6.06999
1.07099, 4.07099, 5.07099, 6.07099
1.07199, 4.07199, 5.07199, 6.07199
1.07299, 4.07299, 5.07299, 6.07299
1.07399, 4.07399, 5.07399, 6.07399
1.07499, 4.07499, 5.07499, 6.07499
1.07599, 4.07599, 5.07599, 6.07599
1.07699, 4.07699, 5.07699, 6.07699
1.07799, 4.07799, 5.07799, 6.07799
1.07899, 4.07899, 5.07899, 6.07899
1.07999, 4.07999, 5.07999, 6.07999
1.08099, 4.08099, 5.08099, 6.08099
1.08199, 4.08199, 5.08199, 6.08199
1.08299, 4.08299, 5.08299, 6.08299
1.08399, 4.08399, 5.08399, 6.08399
1.08499, 4.08499, 5.08499, 6.08499
1.08599, 4.08599, 5.08599, 6.08599
1.08699, 4.08699, 5.08699, 6.08699
1.08799, 4.08799, 5.08799, 6.08799
1.08899, 4.08899, 5.08899, 6.08899
1.08999, 4.08999, 5.08999, 6.08999
1.09099, 4.09099, 5.09099, 6.09099
1.092, 4.092, 5.092, 6.092
1.093, 4.093, 5.093, 6.093
1.094, 4.094, 5.094, 6.094
1.095, 4.095, 5.095, 6.095
1.096, 4.09599, 5.09599, 6.09599
1.097, 4.097, 5.097, 6.097
1.098, 4.098, 5.098, 6.098
1.099, 4.099, 5.099, 6.099
1.1, 4.1, 5.1, 6.1
1.101, 4.101, 5.101, 6.101
1.102, 4.102, 5.102, 6.102
1.103, 4.103, 5.103, 6.103
1.104, 4.104, 5.104, 6.104
1.105, 4.105, 5.105, 6.105
1.106, 4.106, 5.106, 6.106
1.107, 4.107, 5.107, 6.107
1.108, 4.108, 5.108, 6.108
1.109, 4.109, 5.109, 6.109
1.11, 4.11, 5.11, 6.11
1.111, 4.111, 5.111, 6.111
1.112, 4.112, 5.112, 6.112
1.113, 4.113, 5.113, 6.113
1.114, 4.114, 5.114, 6.114
1.115, 4.115, 5.115, 6.115
1.116, 4.116, 5.116, 6.116
1.117, 4.117, 5.117, 6.117
1.118, 4.118, 5.118, 6.118
1.119, 4.119, 5.119, 6.119
1.12, 4.12, 5.12, 6.12
1.121, 4.121, 5.121, 6.121
1.122, 4.122, 5.122, 6.122
1.123, 4.123, 5.123, 6.123
1.124, 4.124, 5.124, 6.124
1.125, 4.125, 5.125, 6.125
1.126, 4.126, 5.126, 6.126
1.127, 4.127, 5.127, 6.127
1.128, 4.128, 5.128, 6.128
1.129, 4.129, 5.129, 6.129
1.13, 4.13, 5.13, 6.13
1.131, 4.131, 5.131, 6.131
1.132, 4.132, 5.132, 6.132
1.133, 4.133, 5.133, 6.133
1.134, 4.134, 5.134, 6.134
1.135, 4.135, 5.135, 6.135
1.136, 4.136, 5.136, 6.136
1.137, 4.137, 5.137, 6.137
1.138, 4.138, 5.138, 6.138
1.139, 4.139, 5.139, 6.139
1.14, 4.14, 5.14, 6.14
1.141, 4.141, 5.141, 6.141
1.142, 4.142, 5.142, 6.142
1.143, 4.143, 5.143, 6.143
1.144, 4.144, 5.144, 6.144
1.145, 4.145, 5.145, 6.145
1.146, 4.146, 5.146, 6.146
1.147, 4.147, 5.147, 6.147
1.148, 4.148, 5.148, 6.148
1.149, 4.149, 5.149, 6.149
1.15, 4.15, 5.15, 6.15
1.151, 4.151, 5.151, 6.151
1.152, 4.152, 5.152, 6.152
1.153, 4.153, 5.153, 6.153
1.154, 4.154, 5.154, 6.154
1.155, 4.155, 5.155, 6.155
1.156, 4.156, 5.156, 6.156
1.157, 4.157, 5.157, 6.157
1.158, 4.158, 5.158, 6.158
1.159, 4.159, 5.159, 6.159
1.16, 4.16, 5.16, 6.16
1.161, 4.161, 5.161, 6.161
1.162, 4.162, 5.162, 6.162
1.163, 4.163, 5.163, 6.163
1.164, 4.164, 5.164, 6.164
1.165, 4.165, 5.165, 6.165
1.166, 4.166, 5.166, 6.166
1.167, 4.167, 5.167, 6.167
1.168, 4.168, 5.168, 6.168
1.169, 4.169, 5.169, 6.169
1.17, 4.17, 5.17, 6.17
1.171, 4.171, 5.171, 6.171
1.172, 4.172, 5.172, 6.172
1.173, 4.173, 5.173, 6.173
1.174, 4.174, 5.174, 6.174
1.175, 4.175, 5.175, 6.175
1.176, 4.176, 5.176, 6.176
1.177, 4.177, 5.177, 6.177
1.178, 4.178, 5.178, 6.178
1.179, 4.179, 5.179, 6.179
1.18, 4.18, 5.18, 6.18
1.181, 4.181, 5.181, 6.181
1.182, 4.182, 5.182, 6.182
1.183, 4.183, 5.183, 6.183
1.184, 4.184, 5.184, 6.184
1.185, 4.185, 5.185, 6.185
1.186, 4.186, 5.186, 6.186
1.187, 4.187, 5.187, 6.187
1.188, 4.188, 5.188, 6.188
1.189, 4.189, 5.189, 6.189
1.19, 4.19, 5.19, 6.19
1.191, 4.191, 5.191, 6.191
1.192, 4.192, 5.192, 6.192
1.193, 4.193, 5.193, 6.193
1.194, 4.194, 5.194, 6.194
1.195, 4.195, 5.195, 6.195
1.196, 4.196, 5.196, 6.196
1.197, 4.197, 5.197, 6.197
1.198, 4.198, 5.198, 6.198
1.199, 4.199, 5.199, 6.199
1.2, 4.2, 5.2, 6.2
1.201, 4.201, 5.201, 6.201
1.202, 4.202, 5.202, 6.202
1.203, 4.203, 5.203, 6.203
1.204, 4.204, 5.204, 6.204
1.205, 4.205, 5.205, 6.205
1.206, 4.206, 5.206, 6.206
1.207, 4.207, 5.207, 6.207
1.208, 4.208, 5.208, 6.208
1.209, 4.209, 5.209, 6.209
1.21, 4.21, 5.21, 6.21
1.211, 4.211, 5.211, 6.211
1.212, 4.212, 5.212, 6.212
1.213, 4.213, 5.213, 6.213
1.214, 4.214, 5.214, 6.214
1.215, 4.215, 5.215, 6.215
1.216, 4.216, 5.216, 6.216
1.217, 4.217, 5.217, 6.217
1.218, 4.218, 5.218, 6.218
1.219, 4.219, 5.219, 6.219
1.22, 4.22, 5.22, 6.22
1.221, 4.221, 5.221, 6.221
1.222, 4.222, 5.222, 6.222
1.223, 4.223, 5.223, 6.223
1.224, 4.224, 5.224, 6.224
1.225, 4.225, 5.225, 6.225
1.226, 4.226, 5.226, 6.226
1.227, 4.227, 5.227, 6.227
1.228, 4.228, 5.228, 6.228
1.229, 4.229, 5.229, 6.229
1.23, 4.23, 5.23, 6.23
1.231, 4.231, 5.231, 6.231
1.232, 4.232, 5.232, 6.232
1.233, 4.233, 5.233, 6.233
1.234, 4.234, 5.234, 6.234
1.235, 4.235, 5.235, 6.235
1.236, 4.236, 5.236, 6.236
1.237, 4.237, 5.237, 6.237
1.238, 4.238, 5.238, 6.238
1.239, 4.239, 5.239, 6.239
1.24, 4.24, 5.24, 6.24
1.241, 4.241, 5.241, 6.241
1.242, 4.242, 5.242, 6.242
1.243, 4.243, 5.243, 6.243
1.244, 4.244, 5.244, 6.244
1.245, 4.245, 5.245, 6.245
1.246, 4.246, 5.246, 6.246
1.247, 4.247, 5.247, 6.247
1.248, 4.248, 5.248, 6.248
1.249, 4.249, 5.249, 6.249
1.25, 4.25, 5.25, 6.25
1.251, 4.251, 5.251, 6.251
1.252, 4.252, 5.252, 6.252
1.253, 4.253, 5.253, 6.253
1.254, 4.254, 5.254, 6.254
1.255, 4.255, 5.255, 6.255
1.256, 4.256, 5.256, 6.256
1.257, 4.257, 5.257, 6.257
1.258, 4.258, 5.258, 6.258
1.259, 4.259, 5.259, 6.259
1.26, 4.26, 5.26, 6.26
1.261, 4.261, 5.261, 6.261
1.262, 4.262, 5.262, 6.262
1.263, 4.263, 5.263, 6.263
1.264, 4.264, 5.264, 6.264
1.265, 4.265, 5.265, 6.265
1.266, 4.266, 5.266, 6.266
1.267, 4.267, 5.267, 6.267
1.268, 4.268, 5.268, 6.268
1.269, 4.269, 5.269, 6.269
1.27, 4.27, 5.27, 6.27
1.271, 4.271, 5.271, 6.271
1.272, 4.272, 5.272, 6.272
1.273, 4.273, 5.273, 6.273
1.274, 4.274, 5.274, 6.274
1.275, 4.275, 5.275, 6.275
1.276, 4.276, 5.276, 6.276
1.277, 4.277, 5.277, 6.277
1.278, 4.278, 5.278, 6.278
1.279, 4.279, 5.279, 6.279
1.28, 4.28, 5.28, 6.28
1.281, 4.281, 5.281, 6.281
1.282, 4.282, 5.282, 6.282
1.283, 4.283, 5.283, 6.283
1.284, 4.284, 5.284, 6.284
1.285, 4.285, 5.285, 6.285
1.286, 4.286, 5.286, 6.286
1.287, 4.287, 5.287, 6.287
1.288, 4.288, 5.288, 6.288
1.289, 4.289, 5.289, 6.289
1.29, 4.29, 5.29, 6.29
1.291, 4.291, 5.291, 6.291
1.292, 4.292, 5.292, 6.292
1.293, 4.293, 5.293, 6.293
1.294, 4.294, 5.294, 6.294
1.295, 4.295, 5.295, 6.295
1.296, 4.296, 5.296, 6.296
1.297, 4.297, 5.297, 6.297
1.298, 4.298, 5.298, 6.298
1.299, 4.299, 5.299, 6.299
1.3, 4.3, 5.3, 6.3
1.301, 4.301, 5.301, 6.301
1.302, 4.302, 5.302, 6.302
1.303, 4.303, 5.303, 6.303
1.304, 4.304, 5.304, 6.304
1.305, 4.30501, 5.30501, 6.30501
1.30601, 4.30601, 5.30601, 6.30601
1.30701, 4.307, 5.307, 6.307
1.30801, 4.30801, 5.30801, 6.30801
1.30901, 4.30901, 5.30901, 6.30901
1.31001, 4.31001, 5.31001, 6.31001
1.31101, 4.31101, 5.31101, 6.31101
1.31201, 4.31201, 5.31201, 6.31201
1.31301, 4.31301, 5.31301, 6.31301
1.31401, 4.31401, 5.31401, 6.31401
1.31501, 4.31501, 5.31501, 6.31501
1.31601, 4.31601, 5.31601, 6.31601
1.31701, 4.31701, 5.31701, 6.31701
1.31801, 4.31801, 5.31801, 6.31801
1.31901, 4.31901, 5.31901, 6.31901
1.32001, 4.32001, 5.32001, 6.32001
1.32101, 4.32101, 5.32101, 6.32101
1.32201, 4.32201, 5.32201, 6.32201
1.32301, 4.32301, 5.32301, 6.32301
1.32401, 4.32401, 5.32401, 6.32401
1.32501, 4.32501, 5.32501, 6.32501
1.32601, 4.32601, 5.32601, 6.32601
1.32701, 4.32701, 5.32701, 6.32701
1.32801, 4.32801, 5.32801, 6.32801
1.32901, 4.32901, 5.32901, 6.32901
1.33001, 4.33001, 5.33001, 6.33001
1.33101, 4.33101, 5.33101, 6.33101
1.33201, 4.33201, 5.33201, 6.33201
1.33301, 4.33301, 5.33301, 6.33301
1.33401, 4.33401, 5.33401, 6.33401
1.33501, 4.33501, 5.33501, 6.33501
1.33601, 4.33601, 5.33601, 6.33601
1.33701, 4.33701, 5.33701, 6.33701
1.33801, 4.33801, 5.33801, 6.33801
1.33901, 4.33901, 5.33901, 6.33901
1.34001, 4.34001, 5.34001, 6.34001
1.34101, 4.34101, 5.34101, 6.34101
1.34201, 4.34201, 5.34201, 6.34201
1.34301, 4.34301, 5.34301, 6.34301
1.34401, 4.34401, 5.34401, 6.34401
1.34501, 4.34501, 5.34501, 6.34501
1.34601, 4.34601, 5.34601, 6.34601
1.34701, 4.34701, 5.34701, 6.34701
1.34801, 4.34801, 5.34801, 6.34801
1.34901, 4.34901, 5.34901, 6.34901
1.35001, 4.35001, 5.35001, 6.35001
1.35101, 4.35101, 5.35101, 6.35101
1.35201, 4.35201, 5.35201, 6.35201
1.35301, 4.35301, 5.35301, 6.35301
1.35401, 4.35401, 5.35401, 6.35401
1.35501, 4.35501, 5.35501, 6.35501
1.35601, 4.35601, 5.35601, 6.35601
1.35701, 4.35701, 5.35701, 6.35701
1.35801, 4.35801, 5.35801, 6.35801
1.35901, 4.35901, 5.35901, 6.35901
1.36001, 4.36001, 5.36001, 6.36001
1.36101, 4.36101, 5.36101, 6.36101
1.36201, 4.36201, 5.36201, 6.36201
1.36301, 4.36301, 5.36301, 6.36301
1.36401, 4.36401, 5.36401, 6.36401
1.36501, 4.36501, 5.36501, 6.36501
1.36601, 4.36601, 5.36601, 6.36601
1.36701, 4.36701, 5.36701, 6.36701
1.36801, 4.36801, 5.36801, 6.36801
1.36901, 4.36901, 5.36901, 6.36901
1.37001, 4.37001, 5.37001, 6.37001
1.37101, 4.37101, 5.37101, 6.37101
1.37201, 4.37201, 5.37201, 6.37201
1.37301, 4.37301, 5.37301, 6.37301
1.37401, 4.37401, 5.37401, 6.37401
1.37501, 4.37501, 5.37501, 6.37501
1.37601, 4.37601, 5.37601, 6.37601
1.37701, 4.37701, 5.37701, 6.37701
1.37801, 4.37801, 5.37801, 6.37801
1.37901, 4.37901, 5.37901, 6.37901
1.38001, 4.38001, 5.38001, 6.38001
1.38101, 4.38101, 5.38101, 6.38101
1.38201, 4.38201, 5.38201, 6.38201
1.38301, 4.38301, 5.38301, 6.38301
1.38401, 4.38401, 5.38401, 6.38401
1.38501, 4.38501, 5.38501, 6.38501
1.38601, 4.38601, 5.38601, 6.38601
1.38701, 4.38701, 5.38701, 6.38701
1.38801, 4.38801, 5.38801, 6.38801
1.38901, 4.38901, 5.38901, 6.38901
1.39001, 4.39001, 5.39001, 6.39001
1.39101, 4.39101, 5.39101, 6.39101
1.39201, 4.39201, 5.39201, 6.39201
1.39301, 4.39301, 5.39301, 6.39301
1.39401, 4.39401, 5.39401, 6.39401
1.39501, 4.39501, 5.39501, 6.39501
1.39601, 4.39601, 5.39601, 6.39601
1.39701, 4.39701, 5.39701, 6.39701
1.39801, 4.39801, 5.39801, 6.39801
1.39901, 4.39901, 5.39901, 6.39901
1.40001, 4.40001, 5.40001, 6.40001
1.40101, 4.40101, 5.40101, 6.40101
1.40201, 4.40201, 5.40201, 6.40201
1.40301, 4.40301, 5.40301, 6.40301
1.40401, 4.40401, 5.40401, 6.40401
1.40501, 4.40501, 5.40501, 6.40501
1.40601, 4.40601, 5.40601, 6.40601
1.40701, 4.40701, 5.40701, 6.40701
1.40801, 4.40801, 5.40801, 6.40801
1.40901, 4.40901, 5.40901, 6.40901
1.41001, 4.41001, 5.41001, 6.41001
1.41101, 4.41101, 5.41101, 6.41101
1.41201, 4.41201, 5.41201, 6.41201
1.41301, 4.41301, 5.41301, 6.41301
1.41401, 4.41401, 5.41401, 6.41401
1.41501, 4.41501, 5.41501, 6.41501
1.41601, 4.41601, 5.41601, 6.41601
1.41701, 4.41701, 5.41701, 6.41701
1.41801, 4.41801, 5.41801, 6.41801
1.41901, 4.41901, 5.41901, 6.41901
1.42001, 4.42001, 5.42001, 6.42001
1.42101, 4.42101, 5.42101, 6.42101
1.42201, 4.42201, 5.42201, 6.42201
1.42301, 4.42301, 5.42301, 6.42301
1.42401, 4.42401, 5.42401, 6.42401
1.42501, 4.42501, 5.42501, 6.42501
1.42601, 4.42601, 5.42601, 6.42601
1.42701, 4.42701, 5.42701, 6.42701
1.42801, 4.42801, 5.42801, 6.42801
1.42901, 4.42901, 5.42901, 6.42901
1.43001, 4.43001, 5.43001, 6.43001
1.43101, 4.43101, 5.43101, 6.43101
1.43201, 4.43201, 5.43201, 6.43201
1.43301, 4.43301, 5.43301, 6.43301
1.43401, 4.43401, 5.43401, 6.43401
1.43501, 4.43501, 5.43501, 6.43501
1.43601, 4.43601, 5.43601, 6.43601
1.43701, 4.43701, 5.43701, 6.43701
1.43801, 4.43801, 5.43801, 6.43801
1.43901, 4.43901, 5.43901, 6.43901
1.44001, 4.44001, 5.44001, 6.44001
1.44101, 4.44101, 5.44101, 6.44101
1.44201, 4.44201, 5.44201, 6.44201
1.44301, 4.44301, 5.44301, 6.44301
1.44401, 4.44401, 5.44401, 6.44401
1.44501, 4.44501, 5.44501, 6.44501
1.44601, 4.44601, 5.44601, 6.44601
1.44701, 4.44701, 5.44701, 6.44701
1.44801, 4.44801, 5.44801, 6.44801
1.44901, 4.44901, 5.44901, 6.44901
1.45001, 4.45001, 5.45001, 6.45001
1.45101, 4.45101, 5.45101, 6.45101
1.45201, 4.45201, 5.45201, 6.45201
1.45301, 4.45301, 5.45301, 6.45301
1.45401, 4.45401, 5.45401, 6.45401
1.45501, 4.45501, 5.45501, 6.45501
1.45601, 4.45601, 5.45601, 6.45601
1.45701, 4.45701, 5.45701, 6.45701
1.45801, 4.45801, 5.45801, 6.45801
1.45901, 4.45901, 5.45901, 6.45901
1.46001, 4.46001, 5.46001, 6.46001
1.46101, 4.46101, 5.46101, 6.46101
1.46201, 4.46201, 5.46201, 6.46201
1.46301, 4.46301, 5.46301, 6.46301
1.46401, 4.46401, 5.46401, 6.46401
1.46501, 4.46501, 5.46501, 6.46501
1.46601, 4.46601, 5.46601, 6.46601
1.46701, 4.46701, 5.46701, 6.46701
1.46801, 4.46801, 5.46801, 6.46801
1.46901, 4.46901, 5.46901, 6.46901
1.47001, 4.47001, 5.47001, 6.47001
1.47101, 4.47101, 5.47101, 6.47101
1.47201, 4.47201, 5.47201, 6.47201
1.47301, 4.47301, 5.47301, 6.47301
1.47401, 4.47401, 5.47401, 6.47401
1.47501, 4.47501, 5.47501, 6.47501
1.47601, 4.47601, 5.47601, 6.47601
1.47701, 4.47701, 5.47701, 6.47701
1.47801, 4.47801, 5.47801, 6.47801
1.47901, 4.47901, 5.47901, 6.47901
1.48001, 4.48001, 5.48001, 6.48001
1.48101, 4.48101, 5.48101, 6.48101
1.48201, 4.48201, 5.48201, 6.48201
1.48301, 4.48301, 5.48301, 6.48301
1.48401, 4.48401, 5.48401, 6.48401
1.48501, 4.48501, 5.48501, 6.48501
1.48601, 4.48601, 5.48601, 6.48601
1.48701, 4.48701, 5.48701, 6.48701
1.48801, 4.48801, 5.48801, 6.48801
1.48901, 4.48901, 5.48901, 6.48901
1.49001, 4.49001, 5.49001, 6.49001
1.49101, 4.49101, 5.49101, 6.49101
1.49201, 4.49201, 5.49201, 6.49201
1.49301, 4.49301, 5.49301, 6.49301
1.49401, 4.49401, 5.49401, 6.49401
1.49501, 4.49501, 5.49501, 6.49501
1.49601, 4.49601, 5.49601, 6.49601
1.49701, 4.49701, 5.49701, 6.49701
1.49801, 4.49801, 5.49801, 6.49801
1.49901, 4.49901, 5.49901, 6.49901
1.50001, 4.50001, 5.50001, 6.50001
1.50101, 4.50101, 5.50101, 6.50101
1.50201, 4.50201, 5.50201, 6.50201
1.50301, 4.50301, 5.50301, 6.50301
1.50401, 4.50401, 5.50401, 6.50401
1.50501, 4.50501, 5.50501, 6.50501
1.50601, 4.50601, 5.50601, 6.50601
1.50701, 4.50701, 5.50701, 6.50701
1.50801, 4.50801, 5.50801, 6.50801
1.50901, 4.50901, 5.50901, 6.50901
1.51001, 4.51001, 5.51001, 6.51001
1.51101, 4.51101, 5.51101, 6.51101
1.51201, 4.51201, 5.51201, 6.51201
1.51301, 4.51301, 5.51301, 6.51301
1.51401, 4.51401, 5.51401, 6.51401
1.51501, 4.51501, 5.51501, 6.51501
1.51601, 4.51602, 5.51602, 6.51602
1.51701, 4.51701, 5.51701, 6.51701
1.51801, 4.51801, 5.51801, 6.51801
1.51901, 4.51901, 5.51901, 6.51901
1.52002, 4.52001, 5.52001, 6.52001
1.52102, 4.52102, 5.52102, 6.52102
1.52202, 4.52202, 5.52202, 6.52202
1.52302, 4.52302, 5.52302, 6.52302
1.52402, 4.52402, 5.52402, 6.52402
1.52502, 4.52502, 5.52502, 6.52502
1.52602, 4.52602, 5.52602, 6.52602
1.52702, 4.52702, 5.52702, 6.52702
1.52802, 4.52802, 5.52802, 6.52802
1.52902, 4.52902, 5.52902, 6.52902
1.53002, 4.53002, 5.53002, 6.53002
1.53102, 4.53102, 5.53102, 6.53102
1.53202, 4.53202, 5.53202, 6.53202
1.53302, 4.53302, 5.53302, 6.53302
1.53402, 4.53402, 5.53402, 6.53402
1.53502, 4.53502, 5.53502, 6.53502
1.53602, 4.53602, 5.53602, 6.53602
1.53702, 4.53702, 5.53702, 6.53702
1.53802, 4.53802, 5.53802, 6.53802
1.53902, 4.53902, 5.53902, 6.53902
1.54002, 4.54002, 5.54002, 6.54002
1.54102, 4.54102, 5.54102, 6.54102
1.54202, 4.54202, 5.54202, 6.54202
1.54302, 4.54302, 5.54302, 6.54302
1.54402, 4.54402, 5.54402, 6.54402
1.54502, 4.54502, 5.54502, 6.54502
1.54602, 4.54602, 5.54602, 6.54602
1.54702, 4.54702, 5.54702, 6.54702
1.54802, 4.54802, 5.54802, 6.54802
1.54902, 4.54902, 5.54902, 6.54902
1.55002, 4.55002, 5.55002, 6.55002
1.55102, 4.55102, 5.55102, 6.55102
1.55202, 4.55202, 5.55202, 6.55202
1.55302, 4.55302, 5.55302, 6.55302
1.55402, 4.55402, 5.55402, 6.55402
1.55502, 4.55502, 5.55502, 6.55502
1.55602, 4.55602, 5.55602, 6.55602
1.55702, 4.55702, 5.55702, 6.55702
1.55802, 4.55802, 5.55802, 6.55802
1.55902, 4.55902, 5.55902, 6.55902
1.56002, 4.56002, 5.56002, 6.56002
1.56102, 4.56102, 5.56102, 6.56102
1.56202, 4.56202, 5.56202, 6.56202
1.56302, 4.56302, 5.56302, 6.56302
1.56402, 4.56402, 5.56402, 6.56402
1.56502, 4.56502, 5.56502, 6.56502
1.56602, 4.56602, 5.56602, 6.56602
1.56702, 4.56702, 5.56702, 6.56702
1.56802, 4.56802, 5.56802, 6.56802
1.56902, 4.56902, 5.56902, 6.56902
1.57002, 4.57002, 5.57002, 6.57002
1.57102, 4.57102, 5.57102, 6.57102
1.57202, 4.57202, 5.57202, 6.57202
1.57302, 4.57302, 5.57302, 6.57302
1.57402, 4.57402, 5.57402, 6.57402
1.57502, 4.57502, 5.57502, 6.57502
1.57602, 4.57602, 5.57602, 6.57602
1.57702, 4.57702, 5.57702, 6.57702
1.57802, 4.57802, 5.57802, 6.57802
1.57902, 4.57902, 5.57902, 6.57902
1.58002, 4.58002, 5.58002, 6.58002
1.58102, 4.58102, 5.58102, 6.58102
1.58202, 4.58202, 5.58202, 6.58202
1.58302, 4.58302, 5.58302, 6.58302
1.58402, 4.58402, 5.58402, 6.58402
1.58502, 4.58502, 5.58502, 6.58502
1.58602, 4.58602, 5.58602, 6.58602
1.58702, 4.58702, 5.58702, 6.58702
1.58802, 4.58802, 5.58802, 6.58802
1.58902, 4.58902, 5.58902, 6.58902
1.59002, 4.59002, 5.59002, 6.59002
1.59102, 4.59102, 5.59102, 6.59102
1.59202, 4.59202, 5.59202, 6.59202
1.59302, 4.59302, 5.59302, 6.59302
1.59402, 4.59402, 5.59402, 6.59402
1.59502, 4.59502, 5.59502, 6.59502
1.59602, 4.59602, 5.59602, 6.59602
1.59702, 4.59702, 5.59702, 6.59702
1.59802, 4.59802, 5.59802, 6.59802
1.59902, 4.59902, 5.59902, 6.59902
1.60002, 4.60002, 5.60002, 6.60002
1.60102, 4.60102, 5.60102, 6.60102
1.60202, 4.60202, 5.60202, 6.60202
1.60302, 4.60302, 5.60302, 6.60302
1.60402, 4.60402, 5.60402, 6.60402
1.60502, 4.60502, 5.60502, 6.60502
1.60602, 4.60602, 5.60602, 6.60602
1.60702, 4.60702, 5.60702, 6.60702
1.60802, 4.60802, 5.60802, 6.60802
1.60902, 4.60902, 5.60902, 6.60902
1.61002, 4.61002, 5.61002, 6.61002
1.61102, 4.61102, 5.61102, 6.61102
1.61202, 4.61202, 5.61202, 6.61202
1.61302, 4.61302, 5.61302, 6.61302
1.61402, 4.61402, 5.61402, 6.61402
1.61502, 4.61502, 5.61502, 6.61502
1.61602, 4.61602, 5.61602, 6.61602
1.61702, 4.61702, 5.61702, 6.61702
1.61802, 4.61802, 5.61802, 6.61802
1.61902, 4.61902, 5.61902, 6.61902
1.62002, 4.62002, 5.62002, 6.62002
1.62102, 4.62102, 5.62102, 6.62102
1.62202, 4.62202, 5.62202, 6.62202
1.62302, 4.62302, 5.62302, 6.62302
1.62402, 4.62402, 5.62402, 6.62402
1.62502, 4.62502, 5.62502, 6.62502
1.62602, 4.62602, 5.62602, 6.62602
1.62702, 4.62702, 5.62702, 6.62702
1.62802, 4.62802, 5.62802, 6.62802
1.62902, 4.62902, 5.62902, 6.62902
1.63002, 4.63002, 5.63002, 6.63002
1.63102, 4.63102, 5.63102, 6.63102
1.63202, 4.63202, 5.63202, 6.63202
1.63302, 4.63302, 5.63302, 6.63302
1.63402, 4.63402, 5.63402, 6.63402
1.63502, 4.63502, 5.63502, 6.63502
1.63602, 4.63602, 5.63602, 6.63602
1.63702, 4.63702, 5.63702, 6.63702
1.63802, 4.63802, 5.63802, 6.63802
1.63902, 4.63902, 5.63902, 6.63902
1.64002, 4.64002, 5.64002, 6.64002
1.64102, 4.64102, 5.64102, 6.64102
1.64202, 4.64202, 5.64202, 6.64202
1.64302, 4.64302, 5.64302, 6.64302
1.64402, 4.64402, 5.64402, 6.64402
1.64502, 4.64502, 5.64502, 6.64502
1.64602, 4.64602, 5.64602, 6.64602
1.64702, 4.64702, 5.64702, 6.64702
1.64802, 4.64802, 5.64802, 6.64802
1.64902, 4.64902, 5.64902, 6.64902
1.65002, 4.65002, 5.65002, 6.65002
1.65102, 4.65102, 5.65102, 6.65102
1.65202, 4.65202, 5.65202, 6.65202
1.65302, 4.65302, 5.65302, 6.65302
1.65402, 4.65402, 5.65402, 6.65402
1.65502, 4.65502, 5.65502, 6.65502
1.65602, 4.65602, 5.65602, 6.65602
1.65702, 4.65702, 5.65702, 6.65702
1.65802, 4.65802, 5.65802, 6.65802
1.65902, 4.65902, 5.65902, 6.65902
1.66002, 4.66002, 5.66002, 6.66002
1.66102, 4.66102, 5.66102, 6.66102
1.66202, 4.66202, 5.66202, 6.66202
1.66302, 4.66302, 5.66302, 6.66302
1.66402, 4.66402, 5.66402, 6.66402
1.66502, 4.66502, 5.66502, 6.66502
1.66602, 4.66602, 5.66602, 6.66602
1.66702, 4.66702, 5.66702, 6.66702
1.66802, 4.66802, 5.66802, 6.66802
1.66902, 4.66902, 5.66902, 6.66902
1.67002, 4.67002, 5.67002, 6.67002
1.67102, 4.67102, 5.67102, 6.67102
1.67202, 4.67202, 5.67202, 6.67202
1.67302, 4.67302, 5.67302, 6.67302
1.67402, 4.67402, 5.67402, 6.67402
1.67502, 4.67502, 5.67502, 6.67502
1.67602, 4.67602, 5.67602, 6.67602
1.67702, 4.67702, 5.67702, 6.67702
1.67802, 4.67802, 5.67802, 6.67802
1.67902, 4.67902, 5.67902, 6.67902
1.68002, 4.68002, 5.68002, 6.68002
1.68102, 4.68102, 5.68102, 6.68102
1.68202, 4.68202, 5.68202, 6.68202
1.68302, 4.68302, 5.68302, 6.68302
1.68402, 4.68402, 5.68402, 6.68402
1.68502, 4.68502, 5.68502, 6.68502
1.68602, 4.68602, 5.68602, 6.68602
1.68702, 4.68702, 5.68702, 6.68702
1.68802, 4.68802, 5.68802, 6.68802
1.68902, 4.68902, 5.68902, 6.68902
1.69002, 4.69002, 5.69002, 6.69002
1.69102, 4.69102, 5.69102, 6.69102
1.69202, 4.69202, 5.69202, 6.69202
1.69302, 4.69302, 5.69302, 6.69302
1.69402, 4.69402, 5.69402, 6.69402
1.69502, 4.69502, 5.69502, 6.69502
1.69602, 4.69602, 5.69602, 6.69602
1.69702, 4.69702, 5.69702, 6.69702
1.69802, 4.69802, 5.69802, 6.69802
1.69902, 4.69902, 5.69902, 6.69902
1.70002, 4.70002, 5.70002, 6.70002
1.70102, 4.70102, 5.70102, 6.70102
1.70202, 4.70202, 5.70202, 6.70202
1.70302, 4.70302, 5.70302, 6.70302
1.70402, 4.70402, 5.70402, 6.70402
1.70502, 4.70502, 5.70502, 6.70502
1.70602, 4.70602, 5.70602, 6.70602
1.70702, 4.70702, 5.70702, 6.70702
1.70802, 4.70802, 5.70802, 6.70802
1.70902, 4.70902, 5.70902, 6.70902
1.71002, 4.71002, 5.71002, 6.71002
1.71102, 4.71102, 5.71102, 6.71102
1.71202, 4.71202, 5.71202, 6.71202
1.71302, 4.71302, 5.71302, 6.71302
1.71402, 4.71402, 5.71402, 6.71402
1.71502, 4.71502, 5.71502, 6.71502
1.71602, 4.71602, 5.71602, 6.71602
1.71702, 4.71702, 5.71702, 6.71702
1.71802, 4.71802, 5.71802, 6.71802
1.71902, 4.71902, 5.71902, 6.71902
1.72002, 4.72002, 5.72002, 6.72002
1.72102, 4.72102, 5.72102, 6.72102
1.72202, 4.72202, 5.72202, 6.72202
1.72302, 4.72302, 5.72302, 6.72302
1.72402, 4.72402, 5.72402, 6.72402
1.72502, 4.72502, 5.72502, 6.72502
1.72602, 4.72602, 5.72602, 6.72602
1.72702, 4.72702, 5.72702, 6.72702
1.72802, 4.72802, 5.72802, 6.72802
1.72902, 4.72902, 5.72902, 6.72902
1.73002, 4.73002, 5.73002, 6.73002
1.73102, 4.73102, 5.73102, 6.73102
1.73202, 4.73203, 5.73203, 6.73203
1.73302, 4.73303, 5.73303, 6.73303
1.73403, 4.73403, 5.73403, 6.73403
1.73503, 4.73502, 5.73502, 6.73502
1.73603, 4.73602, 5.73602, 6.73602
1.73703, 4.73703, 5.73703, 6.73703
1.73803, 4.73803, 5.73803, 6.73803
1.73903, 4.73903, 5.73903, 6.73903
1.74003, 4.74003, 5.74003, 6.74003
1.74103, 4.74103, 5.74103, 6.74103
1.74203, 4.74203, 5.74203, 6.74203
1.74303, 4.74303, 5.74303, 6.74303
1.74403, 4.74403, 5.74403, 6.74403
1.74503, 4.74503, 5.74503, 6.74503
1.74603, 4.74603, 5.74603, 6.74603
1.74703, 4.74703, 5.74703, 6.74703
1.74803, 4.74803, 5.74803, 6.74803
1.74903, 4.74903, 5.74903, 6.74903
1.75003, 4.75003, 5.75003, 6.75003
1.75103, 4.75103, 5.75103, 6.75103
1.75203, 4.75203, 5.75203, 6.75203
1.75303, 4.75303, 5.75303, 6.75303
1.75403, 4.75403, 5.75403, 6.75403
1.75503, 4.75503, 5.75503, 6.75503
1.75603, 4.75603, 5.75603, 6.75603
1.75703, 4.75703, 5.75703, 6.75703
1.75803, 4.75803, 5.75803, 6.75803
1.75903, 4.75903, 5.75903, 6.75903
1.76003, 4.76003, 5.76003, 6.76003
1.76103, 4.76103, 5.76103, 6.76103
1.76203, 4.76203, 5.76203, 6.76203
1.76303, 4.76303, 5.76303, 6.76303
1.76403, 4.76403, 5.76403, 6.76403
1.76503, 4.76503, 5.76503, 6.76503
1.76603, 4.76603, 5.76603, 6.76603
1.76703, 4.76703, 5.76703, 6.76703
1.76803, 4.76803, 5.76803, 6.76803
1.76903, 4.76903, 5.76903, 6.76903
1.77003, 4.77003, 5.77003, 6.77003
1.77103, 4.77103, 5.77103, 6.77103
1.77203, 4.77203, 5.77203, 6.77203
1.77303, 4.77303, 5.77303, 6.77303
1.77403, 4.77403, 5.77403, 6.77403
1.77503, 4.77503, 5.77503, 6.77503
1.77603, 4.77603, 5.77603, 6.77603
1.77703, 4.77703, 5.77703, 6.77703
1.77803, 4.77803, 5.77803, 6.77803
1.77903, 4.77903, 5.77903, 6.77903
1.78003, 4.78003, 5.78003, 6.78003
1.78103, 4.78103, 5.78103, 6.78103
1.78203, 4.78203, 5.78203, 6.78203
1.78303, 4.78303, 5.78303, 6.78303
1.78403, 4.78403, 5.78403, 6.78403
1.78503, 4.78503, 5.78503, 6.78503
1.78603, 4.78603, 5.78603, 6.78603
1.78703, 4.78703, 5.78703, 6.78703
1.78803, 4.78803, 5.78803, 6.78803
1.78903, 4.78903, 5.78903, 6.78903
1.79003, 4.79003, 5.79003, 6.79003
1.79103, 4.79103, 5.79103, 6.79103
1.79203, 4.79203, 5.79203, 6.79203
1.79303, 4.79303, 5.79303, 6.79303
1.79403, 4.79403, 5.79403, 6.79403
1.79503, 4.79503, 5.79503, 6.79503
1.79603, 4.79603, 5.79603, 6.79603
1.79703, 4.79703, 5.79703, 6.79703
1.79803, 4.79803, 5.79803, 6.79803
1.79903, 4.79903, 5.79903, 6.79903
1.80003, 4.80003, 5.80003, 6.80003
1.80103, 4.80103, 5.80103, 6.80103
1.80203, 4.80203, 5.80203, 6.80203
1.80303, 4.80303, 5.80303, 6.80303
1.80403, 4.80403, 5.80403, 6.80403
1.80503, 4.80503, 5.80503, 6.80503
1.80603, 4.80603, 5.80603, 6.80603
1.80703, 4.80703, 5.80703, 6.80703
1.80803, 4.80803, 5.80803, 6.80803
1.80903, 4.80903, 5.80903, 6.80903
1.81003, 4.81003, 5.81003, 6.81003
1.81103, 4.81103, 5.81103, 6.81103
1.81203, 4.81203, 5.81203, 6.81203
1.81303, 4.81303, 5.81303, 6.81303
1.81403, 4.81403, 5.81403, 6.81403
1.81503, 4.81503, 5.81503, 6.81503
1.81603, 4.81603, 5.81603, 6.81603
1.81703, 4.81703, 5.81703, 6.81703
1.81803, 4.81803, 5.81803, 6.81803
1.81903, 4.81903, 5.81903, 6.81903
1.82003, 4.82003, 5.82003, 6.82003
1.82103, 4.82103, 5.82103, 6.82103
1.82203, 4.82203, 5.82203, 6.82203
1.82303, 4.82303, 5.82303, 6.82303
1.82403, 4.82403, 5.82403, 6.82403
1.82503, 4.82503, 5.82503, 6.82503
1.82603, 4.82603, 5.82603, 6.82603
1.82703, 4.82703, 5.82703, 6.82703
1.82803, 4.82803, 5.82803, 6.82803
1.82903, 4.82903, 5.82903, 6.82903
1.83003, 4.83003, 5.83003, 6.83003
1.83103, 4.83103, 5.83103, 6.83103
1.83203, 4.83203, 5.83203, 6.83203
1.83303, 4.83303, 5.83303, 6.83303
1.83403, 4.83403, 5.83403, 6.83403
1.83503, 4.83503, 5.83503, 6.83503
1.83603, 4.83603, 5.83603, 6.83603
1.83703, 4.83703, 5.83703, 6.83703
1.83803, 4.83803, 5.83803, 6.83803
1.83903, 4.83903, 5.83903, 6.83903
1.84003, 4.84003, 5.84003, 6.84003
1.84103, 4.84103, 5.84103, 6.84103
1.84203, 4.84203, 5.84203, 6.84203
1.84303, 4.84303, 5.84303, 6.84303
1.84403, 4.84403, 5.84403, 6.84403
1.84503, 4.84503, 5.84503, 6.84503
1.84603, 4.84603, 5.84603, 6.84603
1.84703, 4.84703, 5.84703, 6.84703
1.84803, 4.84803, 5.84803, 6.84803
1.84903, 4.84903, 5.84903, 6.84903
1.85003, 4.85003, 5.85003, 6.85003
1.85103, 4.85103, 5.85103, 6.85103
1.85203, 4.85203, 5.85203, 6.85203
1.85303, 4.85303, 5.85303, 6.85303
1.85403, 4.85403, 5.85403, 6.85403
1.85503, 4.85503, 5.85503, 6.85503
1.85603, 4.85603, 5.85603, 6.85603
1.85703, 4.85703, 5.85703, 6.85703
1.85803, 4.85803, 5.85803, 6.85803
1.85903, 4.85903, 5.85903, 6.85903
1.86003, 4.86003, 5.86003, 6.86003
1.86103, 4.86103, 5.86103, 6.86103
1.86203, 4.86203, 5.86203, 6.86203
1.86303, 4.86303, 5.86303, 6.86303
1.86403, 4.86403, 5.86403, 6.86403
1.86503, 4.86503, 5.86503, 6.86503
1.86603, 4.86603, 5.86603, 6.86603
1.86703, 4.86703, 5.86703, 6.86703
1.86803, 4.86803, 5.86803, 6.86803
1.86903, 4.86903, 5.86903, 6.86903
1.87003, 4.87003, 5.87003, 6.87003
1.87103, 4.87103, 5.87103, 6.87103
1.87203, 4.87203, 5.87203, 6.87203
1.87303, 4.87303, 5.87303, 6.87303
1.87403, 4.87403, 5.87403, 6.87403
1.87503, 4.87503, 5.87503, 6.87503
1.87603, 4.87603, 5.87603, 6.87603
1.87703, 4.87703, 5.87703, 6.87703
1.87803, 4.87803, 5.87803, 6.87803
1.87903, 4.87903, 5.87903, 6.87903
1.88003, 4.88003, 5.88003, 6.88003
1.88103, 4.88103, 5.88103, 6.88103
1.88203, 4.88203, 5.88203, 6.88203
1.88303, 4.88303, 5.88303, 6.88303
1.88403, 4.88403, 5.88403, 6.88403
1.88503, 4.88503, 5.88503, 6.88503
1.88603, 4.88603, 5.88603, 6.88603
1.88703, 4.88703, 5.88703, 6.88703
1.88803, 4.88803, 5.88803, 6.88803
1.88903, 4.88903, 5.88903, 6.88903
1.89003, 4.89003, 5.89003, 6.89003
1.89103, 4.89103, 5.89103, 6.89103
1.89203, 4.89203, 5.89203, 6.89203
1.89303, 4.89303, 5.89303, 6.89303
1.89403, 4.89403, 5.89403, 6.89403
1.89503, 4.89503, 5.89503, 6.89503
1.89603, 4.89603, 5.89603, 6.89603
1.89703, 4.89703, 5.89703, 6.89703
1.89803, 4.89803, 5.89803, 6.89803
1.89903, 4.89903, 5.89903, 6.89903
1.90003, 4.90003, 5.90003, 6.90003
1.90103, 4.90103, 5.90103, 6.90103
1.90203, 4.90203, 5.90203, 6.90203
1.90303, 4.90303, 5.90303, 6.90303
1.90403, 4.90403, 5.90403, 6.90403
1.90503, 4.90503, 5.90503, 6.90503
1.90603, 4.90603, 5.90603, 6.90603
1.90703, 4.90703, 5.90703, 6.90703
1.90803, 4.90803, 5.90803, 6.90803
1.90903, 4.90903, 5.90903, 6.90903
1.91003, 4.91003, 5.91003, 6.91003
1.91103, 4.91103, 5.91103, 6.91103
1.91203, 4.91203, 5.91203, 6.91203
1.91303, 4.91303, 5.91303, 6.91303
1.91403, 4.91403, 5.91403, 6.91403
1.91503, 4.91503, 5.91503, 6.91503
1.91603, 4.91603, 5.91603, 6.91603
1.91703, 4.91703, 5.91703, 6.91703
1.91803, 4.91803, 5.91803, 6.91803
1.91903, 4.91903, 5.91903, 6.91903
1.92003, 4.92003, 5.92003, 6.92003
1.92103, 4.92103, 5.92103, 6.92103
1.92203, 4.92203, 5.92203, 6.92203
1.92303, 4.92303, 5.92303, 6.92303
1.92403, 4.92403, 5.92403, 6.92403
1.92503, 4.92503, 5.92503, 6.92503
1.92603, 4.92603, 5.92603, 6.92603
1.92703, 4.92703, 5.92703, 6.92703
1.92803, 4.92803, 5.92803, 6.92803
1.92903, 4.92903, 5.92903, 6.92903
1.93003, 4.93003, 5.93003, 6.93003
1.93103, 4.93103, 5.93103, 6.93103
1.93203, 4.93203, 5.93203, 6.93203
1.93303, 4.93303, 5.93303, 6.93303
1.93403, 4.93403, 5.93403, 6.93403
1.93503, 4.93503, 5.93503, 6.93503
1.93603, 4.93603, 5.93603, 6.93603
1.93703, 4.93703, 5.93703, 6.93703
1.93803, 4.93803, 5.93803, 6.93803
1.93903, 4.93903, 5.93903, 6.93903
1.94003, 4.94003, 5.94003, 6.94003
1.94103, 4.94103, 5.94103, 6.94103
1.94203, 4.94203, 5.94203, 6.94203
1.94303, 4.94303, 5.94303, 6.94303
1.94403, 4.94403, 5.94403, 6.94403
1.94503, 4.94503, 5.94503, 6.94503
1.94603, 4.94603, 5.94603, 6.94603
1.94703, 4.94703, 5.94703, 6.94703
1.94804, 4.94804, 5.94804, 6.94804
1.94904, 4.94904, 5.94904, 6.94904
1.95004, 4.95004, 5.95004, 6.95004
1.95104, 4.95104, 5.95104, 6.95104
1.95204, 4.95203, 5.95203, 6.95203
1.95304, 4.95304, 5.95304, 6.95304
1.95404, 4.95404, 5.95404, 6.95404
1.95504, 4.95504, 5.95504, 6.95504
1.95604, 4.95604, 5.95604, 6.95604
1.95704, 4.95704, 5.95704, 6.95704
1.95804, 4.95804, 5.95804, 6.95805
1.95904, 4.95904, 5.95904, 6.95904
1.96004, 4.96004, 5.96004, 6.96004
1.96104, 4.96104, 5.96104, 6.96104
1.96204, 4.96204, 5.96204, 6.96204
1.96304, 4.96304, 5.96304, 6.96304
1.96404, 4.96404, 5.96404, 6.96404
1.96504, 4.96504, 5.96504, 6.96504
1.96604, 4.96604, 5.96604, 6.96604
1.96704, 4.96704, 5.96704, 6.96704
1.96804, 4.96804, 5.96804, 6.96804
1.96904, 4.96904, 5.96904, 6.96904
1.97004, 4.97004, 5.97004, 6.97004
1.97104, 4.97104, 5.97104, 6.97104
1.97204, 4.97204, 5.97204, 6.97204
1.97304, 4.97304, 5.97304, 6.97304
1.97404, 4.97404, 5.97404, 6.97404
1.97504, 4.97504, 5.97504, 6.97504
1.97604, 4.97604, 5.97604, 6.97604
1.97704, 4.97704, 5.97704, 6.97704
1.97804, 4.97804, 5.97804, 6.97804
1.97904, 4.97904, 5.97904, 6.97904
1.98004, 4.98004, 5.98004, 6.98004
1.98104, 4.98104, 5.98104, 6.98104
1.98204, 4.98204, 5.98204, 6.98204
1.98304, 4.98304, 5.98304, 6.98304
1.98404, 4.98404, 5.98404, 6.98404
1.98504, 4.98504, 5.98504, 6.98504
1.98604, 4.98604, 5.98604, 6.98604
1.98704, 4.98704, 5.98704, 6.98704
1.98804, 4.98804, 5.98804, 6.98804
1.98904, 4.98904, 5.98904, 6.98904
1.99004, 4.99004, 5.99004, 6.99004
1.99104, 4.99104, 5.99104, 6.99104
1.99204, 4.99204, 5.99204, 6.99204
1.99304, 4.99304, 5.99304, 6.99304
1.99404, 4.99404, 5.99404, 6.99405
1.99504, 4.99504, 5.99504, 6.99504
1.99604, 4.99604, 5.99604, 6.99604
1.99704, 4.99704, 5.99704, 6.99704
1.99804, 4.99804, 5.99804, 6.99804
1.99904, 4.99904, 5.99904, 6.99904
2.00004, 5.00004, 6.00004, 7.00004
2.00104, 5.00104, 6.00104, 7.00104
2.00204, 5.00204, 6.00204, 7.00204
2.00304, 5.00304, 6.00304, 7.00304
2.00404, 5.00404, 6.00404, 7.00404
2.00504, 5.00504, 6.00504, 7.00504
2.00604, 5.00604, 6.00604, 7.00604
2.00704, 5.00704, 6.00704, 7.00704
2.00804, 5.00804, 6.00804, 7.00804
2.00904, 5.00904, 6.00904, 7.00904
2.01004, 5.01004, 6.01004, 7.01004
2.01104, 5.01104, 6.01104, 7.01104
2.01204, 5.01204, 6.01204, 7.01204
2.01304, 5.01304, 6.01304, 7.01304
2.01404, 5.01404, 6.01404, 7.01404
2.01504, 5.01504, 6.01504, 7.01504
2.01604, 5.01604, 6.01604, 7.01604
2.01704, 5.01704, 6.01704, 7.01704
2.01804, 5.01804, 6.01804, 7.01804
2.01904, 5.01904, 6.01904, 7.01904
2.02004, 5.02004, 6.02004, 7.02004
2.02104, 5.02104, 6.02104, 7.02104
2.02204, 5.02204, 6.02204, 7.02204
2.02304, 5.02304, 6.02304, 7.02304
2.02404, 5.02404, 6.02404, 7.02404
2.02504, 5.02504, 6.02504, 7.02504
2.02604, 5.02604, 6.02604, 7.02604
2.02704, 5.02704, 6.02704, 7.02704
2.02804, 5.02804, 6.02804, 7.02804
2.02904, 5.02904, 6.02904, 7.02904
2.03004, 5.03004, 6.03004, 7.03004
2.03104, 5.03104, 6.03104, 7.03104
2.03204, 5.03203, 6.03203, 7.03203
2.03304, 5.03304, 6.03304, 7.03304
2.03403, 5.03403, 6.03403, 7.03403
2.03503, 5.03504, 6.03504, 7.03504
2.03603, 5.03603, 6.03603, 7.03603
2.03703, 5.03703, 6.03703, 7.03703
2.03803, 5.03803, 6.03803, 7.03803
2.03903, 5.03903, 6.03903, 7.03903
2.04003, 5.04003, 6.04003, 7.04003
2.04103, 5.04103, 6.04103, 7.04103
2.04203, 5.04203, 6.04203, 7.04203
2.04303, 5.04303, 6.04303, 7.04303
2.04403, 5.04403, 6.04403, 7.04403
2.04503, 5.04503, 6.04503, 7.04503
2.04603, 5.04603, 6.04603, 7.04603
2.04703, 5.04703, 6.04703, 7.04703
2.04803, 5.04803, 6.04803, 7.04803
2.04903, 5.04903, 6.04903, 7.04903
2.05003, 5.05003, 6.05003, 7.05003
2.05103, 5.05103, 6.05103, 7.05103
2.05203, 5.05203, 6.05203, 7.05203
2.05303, 5.05303, 6.05303, 7.05303
2.05403, 5.05403, 6.05403, 7.05403
2.05503, 5.05503, 6.05503, 7.05503
2.05603, 5.05603, 6.05603, 7.05603
2.05703, 5.05703, 6.05703, 7.05703
2.05803, 5.05803, 6.05803, 7.05803
2.05903, 5.05903, 6.05903, 7.05903
2.06003, 5.06003, 6.06003, 7.06003
2.06103, 5.06103, 6.06103, 7.06103
2.06203, 5.06203, 6.06203, 7.06203
2.06303, 5.06303, 6.06303, 7.06303
2.06403, 5.06403, 6.06403, 7.06403
2.06503, 5.06503, 6.06503, 7.06503
2.06603, 5.06603, 6.06603, 7.06603
2.06703, 5.06703, 6.06703, 7.06703
2.06803, 5.06803, 6.06803, 7.06803
2.06903, 5.06903, 6.06903, 7.06903
2.07003, 5.07003, 6.07003, 7.07003
2.07103, 5.07103, 6.07103, 7.07103
2.07203, 5.07203, 6.07203, 7.07203
2.07303, 5.07303, 6.07303, 7.07303
2.07403, 5.07403, 6.07403, 7.07403
2.07503, 5.07503, 6.07503, 7.07503
2.07603, 5.07603, 6.07603, 7.07603
2.07703, 5.07703, 6.07703, 7.07703
2.07803, 5.07803, 6.07803, 7.07803
2.07903, 5.07903, 6.07903, 7.07903
2.08003, 5.08003, 6.08003, 7.08003
2.08103, 5.08103, 6.08103, 7.08103
2.08203, 5.08203, 6.08203, 7.08203
2.08303, 5.08303, 6.08303, 7.08303
2.08403, 5.08403, 6.08403, 7.08403
2.08503, 5.08503, 6.08503, 7.08503
2.08603, 5.08603, 6.08603, 7.08603
2.08703, 5.08703, 6.08703, 7.08703
2.08803, 5.08803, 6.08803, 7.08803
2.08903, 5.08903, 6.08903, 7.08903
2.09003, 5.09003, 6.09003, 7.09003
2.09103, 5.09103, 6.09103, 7.09103
2.09203, 5.09203, 6.09203, 7.09203
2.09303, 5.09303, 6.09303, 7.09303
2.09403, 5.09403, 6.09403, 7.09403
2.09503, 5.09503, 6.09503, 7.09503
2.09603, 5.09603, 6.09603, 7.09603
2.09703, 5.09703, 6.09703, 7.09703
2.09803, 5.09803, 6.09803, 7.09803
2.09903, 5.09903, 6.09903, 7.09903
2.10003, 5.10003, 6.10003, 7.10003
2.10103, 5.10103, 6.10103, 7.10103
2.10203, 5.10203, 6.10203, 7.10203
2.10303, 5.10303, 6.10303, 7.10303
2.10403, 5.10403, 6.10403, 7.10403
2.10503, 5.10503, 6.10503, 7.10503
2.10603, 5.10603, 6.10603, 7.10603
2.10703, 5.10703, 6.10703, 7.10703
2.10803, 5.10803, 6.10803, 7.10803
2.10903, 5.10903, 6.10903, 7.10903
2.11003, 5.11003, 6.11003, 7.11003
2.11103, 5.11103, 6.11103, 7.11103
2.11203, 5.11203, 6.11203, 7.11203
2.11303, 5.11303, 6.11303, 7.11303
2.11403, 5.11403, 6.11403, 7.11403
2.11503, 5.11503, 6.11503, 7.11503
2.11603, 5.11603, 6.11603, 7.11603
2.11703, 5.11703, 6.11703, 7.11703
2.11803, 5.11803, 6.11803, 7.11803
2.11903, 5.11903, 6.11903, 7.11903
2.12003, 5.12003, 6.12003, 7.12003
2.12103, 5.12103, 6.12103, 7.12103
2.12203, 5.12203, 6.12203, 7.12203
2.12303, 5.12303, 6.12303, 7.12303
2.12403, 5.12403, 6.12403, 7.12403
2.12503, 5.12503, 6.12503, 7.12503
2.12603, 5.12603, 6.12603, 7.12603
2.12703, 5.12703, 6.12703, 7.12703
2.12803, 5.12803, 6.12803, 7.12803
2.12903, 5.12903, 6.12903, 7.12903
2.13003, 5.13003, 6.13003, 7.13003
2.13103, 5.13103, 6.13103, 7.13103
2.13203, 5.13203, 6.13203, 7.13203
2.13303, 5.13303, 6.13303, 7.13303
2.13403, 5.13403, 6.13403, 7.13403
2.13503, 5.13503, 6.13503, 7.13503
2.13603, 5.13603, 6.13603, 7.13603
2.13703, 5.13703, 6.13703, 7.13703
2.13803, 5.13803, 6.13803, 7.13803
2.13903, 5.13903, 6.13903, 7.13903
2.14003, 5.14003, 6.14003, 7.14003
2.14103, 5.14103, 6.14103, 7.14103
2.14203, 5.14203, 6.14203, 7.14203
2.14303, 5.14303, 6.14303, 7.14303
2.14403, 5.14403, 6.14403, 7.14403
2.14503, 5.14503, 6.14503, 7.14503
2.14603, 5.14603, 6.14603, 7.14603
2.14703, 5.14703, 6.14703, 7.14703
2.14803, 5.14803, 6.14803, 7.14803
2.14903, 5.14903, 6.14903, 7.14903
2.15003, 5.15003, 6.15003, 7.15003
2.15103, 5.15103, 6.15103, 7.15103
2.15203, 5.15203, 6.15203, 7.15203
2.15303, 5.15303, 6.15303, 7.15303
2.15403, 5.15403, 6.15403, 7.15403
2.15503, 5.15503, 6.15503, 7.15503
2.15603, 5.15603, 6.15603, 7.15603
2.15703, 5.15703, 6.15703, 7.15703
2.15803, 5.15803, 6.15803, 7.15803
2.15903, 5.15903, 6.15903, 7.15903
2.16003, 5.16003, 6.16003, 7.16003
2.16103, 5.16103, 6.16103, 7.16103
2.16203, 5.16203, 6.16203, 7.16203
2.16303, 5.16303, 6.16303, 7.16303
2.16403, 5.16403, 6.16403, 7.16403
2.16503, 5.16503, 6.16503, 7.16503
2.16603, 5.16603, 6.16603, 7.16603
2.16703, 5.16703, 6.16703, 7.16703
2.16803, 5.16803, 6.16803, 7.16803
2.16903, 5.16903, 6.16903, 7.16903
2.17003, 5.17002, 6.17002, 7.17002
2.17103, 5.17103, 6.17103, 7.17103
2.17202, 5.17202, 6.17202, 7.17202
2.17302, 5.17303, 6.17303, 7.17303
2.17402, 5.17402, 6.17402, 7.17402
2.17502, 5.17502, 6.17502, 7.17502
2.17602, 5.17602, 6.17602, 7.17602
2.17702, 5.17702, 6.17702, 7.17702
2.17802, 5.17802, 6.17802, 7.17802
2.17902, 5.17902, 6.17902, 7.17902
2.18002, 5.18002, 6.18002, 7.18002
2.18102, 5.18102, 6.18102, 7.18102
2.18202, 5.18202, 6.18202, 7.18202
2.18302, 5.18302, 6.18302, 7.18302
2.18402, 5.18402, 6.18402, 7.18402
2.18502, 5.18502, 6.18502, 7.18502
2.18602, 5.18602, 6.18602, 7.18602
2.18702, 5.18702, 6.18702, 7.18702
2.18802, 5.18802, 6.18802, 7.18802
2.18902, 5.18902, 6.18902, 7.18902
2.19002, 5.19002, 6.19002, 7.19002
2.19102, 5.19102, 6.19102, 7.19102
2.19202, 5.19202, 6.19202, 7.19202
2.19302, 5.19302, 6.19302, 7.19302
2.19402, 5.19402, 6.19402, 7.19402
2.19502, 5.19502, 6.19502, 7.19502
2.19602, 5.19602, 6.19602, 7.19602
2.19702, 5.19702, 6.19702, 7.19702
2.19802, 5.19802, 6.19802, 7.19802
2.19902, 5.19902, 6.19902, 7.19902
2.20002, 5.20002, 6.20002, 7.20002
2.20102, 5.20102, 6.20102, 7.20102
2.20202, 5.20202, 6.20202, 7.20202
2.20302, 5.20302, 6.20302, 7.20302
2.20402, 5.20402, 6.20402, 7.20402
2.20502, 5.20502, 6.20502, 7.20502
2.20602, 5.20602, 6.20602, 7.20602
2.20702, 5.20702, 6.20702, 7.20702
2.20802, 5.20802, 6.20802, 7.20802
2.20902, 5.20902, 6.20902, 7.20902
2.21002, 5.21002, 6.21002, 7.21002
2.21102, 5.21102, 6.21102, 7.21102
2.21202, 5.21202, 6.21202, 7.21202
2.21302, 5.21302, 6.21302, 7.21302
2.21402, 5.21402, 6.21402, 7.21402
2.21502, 5.21502, 6.21502, 7.21502
2.21602, 5.21602, 6.21602, 7.21602
2.21702, 5.21702, 6.21702, 7.21702
2.21802, 5.21802, 6.21802, 7.21802
2.21902, 5.21902, 6.21902, 7.21902
2.22002, 5.22002, 6.22002, 7.22002
2.22102, 5.22102, 6.22102, 7.22102
2.22202, 5.22202, 6.22202, 7.22202
2.22302, 5.22302, 6.22302, 7.22302
2.22402, 5.22402, 6.22402, 7.22402
2.22502, 5.22502, 6.22502, 7.22502
2.22602, 5.22602, 6.22602, 7.22602
2.22702, 5.22702, 6.22702, 7.22702
2.22802, 5.22802, 6.22802, 7.22802
2.22902, 5.22902, 6.22902, 7.22902
2.23002, 5.23002, 6.23002, 7.23002
2.23102, 5.23102, 6.23102, 7.23102
2.23202, 5.23202, 6.23202, 7.23202
2.23302, 5.23302, 6.23302, 7.23302
2.23402, 5.23402, 6.23402, 7.23402
2.23502, 5.23502, 6.23502, 7.23502
2.23602, 5.23602, 6.23602, 7.23602
2.23702, 5.23702, 6.23702, 7.23702
2.23802, 5.23802, 6.23802, 7.23802
2.23902, 5.23902, 6.23902, 7.23902
2.24002, 5.24002, 6.24002, 7.24002
2.24102, 5.24102, 6.24102, 7.24102
2.24202, 5.24202, 6.24202, 7.24202
2.24302, 5.24302, 6.24302, 7.24302
2.24402, 5.24402, 6.24402, 7.24402
2.24502, 5.24502, 6.24502, 7.24502
2.24602, 5.24602, 6.24602, 7.24602
2.24702, 5.24702, 6.24702, 7.24702
2.24802, 5.24802, 6.24802, 7.24802
2.24902, 5.24902, 6.24902, 7.24902
2.25002, 5.25002, 6.25002, 7.25002
2.25102, 5.25102, 6.25102, 7.25102
2.25202, 5.25202, 6.25202, 7.25202
2.25302, 5.25302, 6.25302, 7.25302
2.25402, 5.25402, 6.25402, 7.25402
2.25502, 5.25502, 6.25502, 7.25502
2.25602, 5.25602, 6.25602, 7.25602
2.25702, 5.25702, 6.25702, 7.25702
2.25802, 5.25802, 6.25802, 7.25802
2.25902, 5.25902, 6.25902, 7.25902
2.26002, 5.26002, 6.26002, 7.26002
2.26102, 5.26102, 6.26102, 7.26102
2.26202, 5.26202, 6.26202, 7.26202
2.26302, 5.26302, 6.26302, 7.26302
2.26402, 5.26402, 6.26402, 7.26402
2.26502, 5.26502, 6.26502, 7.26502
2.26602, 5.26602, 6.26602, 7.26602
2.26702, 5.26702, 6.26702, 7.26702
2.26802, 5.26802, 6.26802, 7.26802
2.26902, 5.26902, 6.26902, 7.26902
2.27002, 5.27002, 6.27002, 7.27002
2.27102, 5.27102, 6.27102, 7.27102
2.27202, 5.27202, 6.27202, 7.27202
2.27302, 5.27302, 6.27302, 7.27302
2.27402, 5.27402, 6.27402, 7.27402
2.27502, 5.27502, 6.27502, 7.27502
2.27602, 5.27602, 6.27602, 7.27602
2.27702, 5.27702, 6.27702, 7.27702
2.27802, 5.27802, 6.27802, 7.27802
2.27902, 5.27902, 6.27902, 7.27902
2.28002, 5.28002, 6.28002, 7.28002
2.28102, 5.28102, 6.28102, 7.28102
2.28202, 5.28202, 6.28202, 7.28202
2.28302, 5.28302, 6.28302, 7.28302
2.28402, 5.28402, 6.28402, 7.28402
2.28502, 5.28502, 6.28502, 7.28502
2.28602, 5.28602, 6.28602, 7.28602
2.28702, 5.28702, 6.28702, 7.28702
2.28802, 5.28802, 6.28802, 7.28802
2.28902, 5.28902, 6.28902, 7.28902
2.29002, 5.29002, 6.29002, 7.29002
2.29102, 5.29102, 6.29102, 7.29102
2.29202, 5.29202, 6.29202, 7.29202
2.29302, 5.29302, 6.29302, 7.29302
2.29402, 5.29402, 6.29402, 7.29402
2.29502, 5.29502, 6.29502, 7.29502
2.29602, 5.29602, 6.29602, 7.29602
2.29702, 5.29702, 6.29702, 7.29702
2.29802, 5.29802, 6.29802, 7.29802
2.29902, 5.29902, 6.29902, 7.29902
2.30002, 5.30002, 6.30002, 7.30002
2.30102, 5.30102, 6.30102, 7.30102
2.30202, 5.30202, 6.30202, 7.30202
2.30302, 5.30302, 6.30302, 7.30302
2.30402, 5.30402, 6.30402, 7.30402
2.30502, 5.30502, 6.30502, 7.30502
2.30602, 5.30602, 6.30602, 7.30602
2.30702, 5.30702, 6.30702, 7.30702
2.30802, 5.30801, 6.30801, 7.30801
2.30902, 5.30902, 6.30902, 7.30902
2.31001, 5.31001, 6.31001, 7.31001
2.31101, 5.31102, 6.31102, 7.31102
2.31201, 5.31201, 6.31201, 7.31201
2.31301, 5.31301, 6.31301, 7.31301
2.31401, 5.31401, 6.31401, 7.31401
2.31501, 5.31501, 6.31501, 7.31501
2.31601, 5.31601, 6.31601, 7.31601
2.31701, 5.31701, 6.31701, 7.31701
2.31801, 5.31801, 6.31801, 7.31801
2.31901, 5.31901, 6.31901, 7.31901
2.32001, 5.32001, 6.32001, 7.32001
2.32101, 5.32101, 6.32101, 7.32101
2.32201, 5.32201, 6.32201, 7.32201
2.32301, 5.32301, 6.32301, 7.32301
2.32401, 5.32401, 6.32401, 7.32401
2.32501, 5.32501, 6.32501, 7.32501
2.32601, 5.32601, 6.32601, 7.32601
2.32701, 5.32701, 6.32701, 7.32701
2.32801, 5.32801, 6.32801, 7.32801
2.32901, 5.32901, 6.32901, 7.32901
2.33001, 5.33001, 6.33001, 7.33001
2.33101, 5.33101, 6.33101, 7.33101
2.33201, 5.33201, 6.33201, 7.33201
2.33301, 5.33301, 6.33301, 7.33301
2.33401, 5.33401, 6.33401, 7.33401
2.33501, 5.33501, 6.33501, 7.33501
2.33601, 5.33601, 6.33601, 7.33601
2.33701, 5.33701, 6.33701, 7.33701
2.33801, 5.33801, 6.33801, 7.33801
2.33901, 5.33901, 6.33901, 7.33901
2.34001, 5.34001, 6.34001, 7.34001
2.34101, 5.34101, 6.34101, 7.34101
2.34201, 5.34201, 6.34201, 7.34201
2.34301, 5.34301, 6.34301, 7.34301
2.34401, 5.34401, 6.34401, 7.34401
2.34501, 5.34501, 6.34501, 7.34501
2.34601, 5.34601, 6.34601, 7.34601
2.34701, 5.34701, 6.34701, 7.34701
2.34801, 5.34801, 6.34801, 7.34801
2.34901, 5.34901, 6.34901, 7.34901
2.35001, 5.35001, 6.35001, 7.35001
2.35101, 5.35101, 6.35101, 7.35101
2.35201, 5.35201, 6.35201, 7.35201
2.35301, 5.35301, 6.35301, 7.35301
2.35401, 5.35401, 6.35401, 7.35401
2.35501, 5.35501, 6.35501, 7.35501
2.35601, 5.35601, 6.35601, 7.35601
2.35701, 5.35701, 6.35701, 7.35701
2.35801, 5.35801, 6.35801, 7.35801
2.35901, 5.35901, 6.35901, 7.35901
2.36001, 5.36001, 6.36001, 7.36001
2.36101, 5.36101, 6.36101, 7.36101
2.36201, 5.36201, 6.36201, 7.36201
2.36301, 5.36301, 6.36301, 7.36301
2.36401, 5.36401, 6.36401, 7.36401
2.36501, 5.36501, 6.36501, 7.36501
2.36601, 5.36601, 6.36601, 7.36601
2.36701, 5.36701, 6.36701, 7.36701
2.36801, 5.36801, 6.36801, 7.36801
2.36901, 5.36901, 6.36901, 7.36901
2.37001, 5.37001, 6.37001, 7.37001
2.37101, 5.37101, 6.37101, 7.37101
2.37201, 5.37201, 6.37201, 7.37201
2.37301, 5.37301, 6.37301, 7.37301
2.37401, 5.37401, 6.37401, 7.37401
2.37501, 5.37501, 6.37501, 7.37501
2.37601, 5.37601, 6.37601, 7.37601
2.37701, 5.37701, 6.37701, 7.37701
2.37801, 5.37801, 6.37801, 7.37801
2.37901, 5.37901, 6.37901, 7.37901
2.38001, 5.38001, 6.38001, 7.38001
2.38101, 5.38101, 6.38101, 7.38101
2.38201, 5.38201, 6.38201, 7.38201
2.38301, 5.38301, 6.38301, 7.38301
2.38401, 5.38401, 6.38401, 7.38401
2.38501, 5.38501, 6.38501, 7.38501
2.38601, 5.38601, 6.38601, 7.38601
2.38701, 5.38701, 6.38701, 7.38701
2.38801, 5.38801, 6.38801, 7.38801
2.38901, 5.38901, 6.38901, 7.38901
2.39001, 5.39001, 6.39001, 7.39001
2.39101, 5.39101, 6.39101, 7.39101
2.39201, 5.39201, 6.39201, 7.39201
2.39301, 5.39301, 6.39301, 7.39301
2.39401, 5.39401, 6.39401, 7.39401
2.39501, 5.39501, 6.39501, 7.39501
2.39601, 5.39601, 6.39601, 7.39601
2.39701, 5.39701, 6.39701, 7.39701
2.39801, 5.39801, 6.39801, 7.39801
2.39901, 5.39901, 6.39901, 7.39901
2.40001, 5.40001, 6.40001, 7.40001
2.40101, 5.40101, 6.40101, 7.40101
2.40201, 5.40201, 6.40201, 7.40201
2.40301, 5.40301, 6.40301, 7.40301
2.40401, 5.40401, 6.40401, 7.40401
2.40501, 5.40501, 6.40501, 7.40501
2.40601, 5.40601, 6.40601, 7.40601
2.40701, 5.40701, 6.40701, 7.40701
2.40801, 5.40801, 6.40801, 7.40801
2.40901, 5.40901, 6.40901, 7.40901
2.41001, 5.41001, 6.41001, 7.41001
2.41101, 5.41101, 6.41101, 7.41101
2.41201, 5.41201, 6.41201, 7.41201
2.41301, 5.41301, 6.41301, 7.41301
2.41401, 5.41401, 6.41401, 7.41401
2.41501, 5.41501, 6.41501, 7.41501
2.41601, 5.41601, 6.41601, 7.41601
2.41701, 5.41701, 6.41701, 7.41701
2.41801, 5.41801, 6.41801, 7.41801
2.41901, 5.41901, 6.41901, 7.41901
2.42001, 5.42001, 6.42001, 7.42001
2.42101, 5.42101, 6.42101, 7.42101
2.42201, 5.42201, 6.42201, 7.42201
2.42301, 5.42301, 6.42301, 7.42301
2.42401, 5.42401, 6.42401, 7.42401
2.42501, 5.42501, 6.42501, 7.42501
2.42601, 5.42601, 6.42601, 7.42601
2.42701, 5.42701, 6.42701, 7.42701
2.42801, 5.42801, 6.42801, 7.42801
2.42901, 5.42901, 6.42901, 7.42901
2.43001, 5.43001, 6.43001, 7.43001
2.43101, 5.43101, 6.43101, 7.43101
2.43201, 5.43201, 6.43201, 7.43201
2.43301, 5.43301, 6.43301, 7.43301
2.43401, 5.43401, 6.43401, 7.43401
2.43501, 5.43501, 6.43501, 7.43501
2.43601, 5.43601, 6.43601, 7.43601
2.43701, 5.43701, 6.43701, 7.43701
2.43801, 5.43801, 6.43801, 7.43801
2.43901, 5.43901, 6.43901, 7.43901
2.44001, 5.44001, 6.44001, 7.44001
2.44101, 5.44101, 6.44101, 7.44101
2.44201, 5.44201, 6.44201, 7.44201
2.44301, 5.44301, 6.44301, 7.44301
2.44401, 5.44401, 6.44401, 7.44401
2.44501, 5.44501, 6.44501, 7.44501
2.44601, 5.446, 6.446, 7.446
2.44701, 5.44701, 6.44701, 7.44701
2.448, 5.448, 6.448, 7.448
2.449, 5.44901, 6.44901, 7.44901
2.45, 5.45, 6.45, 7.45
2.451, 5.451, 6.451, 7.451
2.452, 5.452, 6.452, 7.452
2.453, 5.453, 6.453, 7.453
2.454, 5.454, 6.454, 7.454
2.455, 5.455, 6.455, 7.455
2.456, 5.456, 6.456, 7.456
2.457, 5.457, 6.457, 7.457
2.458, 5.458, 6.458, 7.458
2.459, 5.459, 6.459, 7.459
2.46, 5.46, 6.46, 7.46
2.461, 5.461, 6.461, 7.461
2.462, 5.462, 6.462, 7.462
2.463, 5.463, 6.463, 7.463
2.464, 5.464, 6.464, 7.464
2.465, 5.465, 6.465, 7.465
2.466, 5.466, 6.466, 7.466
2.467, 5.467, 6.467, 7.467
2.468, 5.468, 6.468, 7.468
2.469, 5.469, 6.469, 7.469
2.47, 5.47, 6.47, 7.47
2.471, 5.471, 6.471, 7.471
2.472, 5.472, 6.472, 7.472
2.473, 5.473, 6.473, 7.473
2.474, 5.474, 6.474, 7.474
2.475, 5.475, 6.475, 7.475
2.476, 5.476, 6.476, 7.476
2.477, 5.477, 6.477, 7.477
2.478, 5.478, 6.478, 7.478
2.479, 5.479, 6.479, 7.479
2.48, 5.48, 6.48, 7.48
2.481, 5.481, 6.481, 7.481
2.482, 5.482, 6.482, 7.482
2.483, 5.483, 6.483, 7.483
2.484, 5.484, 6.484, 7.484
2.485, 5.485, 6.485, 7.485
2.486, 5.486, 6.486, 7.486
2.487, 5.487, 6.487, 7.487
2.488, 5.488, 6.488, 7.488
2.489, 5.489, 6.489, 7.489
2.49, 5.49, 6.49, 7.49
2.491, 5.491, 6.491, 7.491
2.492, 5.492, 6.492, 7.492
2.493, 5.493, 6.493, 7.493
2.494, 5.494, 6.494, 7.494
2.495, 5.495, 6.495, 7.495
2.496, 5.496, 6.496, 7.496
2.497, 5.497, 6.497, 7.497
2.498, 5.498, 6.498, 7.498
2.499, 5.499, 6.499, 7.499
2.5, 5.5, 6.5, 7.5
2.501, 5.501, 6.501, 7.501
2.502, 5.502, 6.502, 7.502
2.503, 5.503, 6.503, 7.503
2.504, 5.504, 6.504, 7.504
2.505, 5.505, 6.505, 7.505
2.506, 5.506, 6.506, 7.506
2.507, 5.507, 6.507, 7.507
2.508, 5.508, 6.508, 7.508
2.509, 5.509, 6.509, 7.509
2.51, 5.51, 6.51, 7.51
2.511, 5.511, 6.511, 7.511
2.512, 5.512, 6.512, 7.512
2.513, 5.513, 6.513, 7.513
2.514, 5.514, 6.514, 7.514
2.515, 5.515, 6.515, 7.515
2.516, 5.516, 6.516, 7.516
2.517, 5.517, 6.517, 7.517
2.518, 5.518, 6.518, 7.518
2.519, 5.519, 6.519, 7.519
2.52, 5.52, 6.52, 7.52
2.521, 5.521, 6.521, 7.521
2.522, 5.522, 6.522, 7.522
2.523, 5.523, 6.523, 7.523
2.524, 5.524, 6.524, 7.524
2.525, 5.525, 6.525, 7.525
2.526, 5.526, 6.526, 7.526
2.527, 5.527, 6.527, 7.527
2.528, 5.528, 6.528, 7.528
2.529, 5.529, 6.529, 7.529
2.53, 5.53, 6.53, 7.53
2.531, 5.531, 6.531, 7.531
2.532, 5.532, 6.532, 7.532
2.533, 5.533, 6.533, 7.533
2.534, 5.534, 6.534, 7.534
2.535, 5.535, 6.535, 7.535
2.536, 5.536, 6.536, 7.536
2.537, 5.537, 6.537, 7.537
2.538, 5.538, 6.538, 7.538
2.539, 5.539, 6.539, 7.539
2.54, 5.54, 6.54, 7.54
2.541, 5.541, 6.541, 7.541
2.542, 5.542, 6.542, 7.542
2.543, 5.543, 6.543, 7.543
2.544, 5.544, 6.544, 7.544
2.545, 5.545, 6.545, 7.545
2.546, 5.546, 6.546, 7.546
2.547, 5.547, 6.547, 7.547
2.548, 5.548, 6.548, 7.548
2.549, 5.549, 6.549, 7.549
2.55, 5.55, 6.55, 7.55
2.551, 5.551, 6.551, 7.551
2.552, 5.552, 6.552, 7.552
2.553, 5.553, 6.553, 7.553
2.554, 5.554, 6.554, 7.554
2.555, 5.555, 6.555, 7.555
2.556, 5.556, 6.556, 7.556
2.557, 5.557, 6.557, 7.557
2.558, 5.558, 6.558, 7.558
2.559, 5.559, 6.559, 7.559
2.56, 5.56, 6.56, 7.56
2.561, 5.561, 6.561, 7.561
2.562, 5.562, 6.562, 7.562
2.563, 5.563, 6.563, 7.563
2.564, 5.564, 6.564, 7.564
2.565, 5.565, 6.565, 7.565
2.566, 5.566, 6.566, 7.566
2.567, 5.567, 6.567, 7.567
2.568, 5.568, 6.568, 7.568
2.569, 5.569, 6.569, 7.569
2.57, 5.57, 6.57, 7.57
2.571, 5.571, 6.571, 7.571
2.572, 5.572, 6.572, 7.572
2.573, 5.573, 6.573, 7.573
2.574, 5.574, 6.574, 7.574
2.575, 5.575, 6.575, 7.575
2.576, 5.576, 6.576, 7.576
2.577, 5.577, 6.577, 7.577
2.578, 5.578, 6.578, 7.578
2.579, 5.579, 6.579, 7.579
2.58, 5.58, 6.58, 7.58
2.581, 5.581, 6.581, 7.581
2.582, 5.582, 6.582, 7.582
2.583, 5.583, 6.583, 7.583
2.584, 5.58399, 6.58399, 7.58399
2.585, 5.585, 6.585, 7.585
2.58599, 5.58599, 6.58599, 7.58599
2.58699, 5.587, 6.587, 7.587
2.58799, 5.58799, 6.58799, 7.58799
2.58899, 5.58899, 6.58899, 7.58899
2.58999, 5.58999, 6.58999, 7.58999
2.59099, 5.59099, 6.59099, 7.59099
2.59199, 5.59199, 6.59199, 7.59199
2.59299, 5.59299, 6.59299, 7.59299
2.59399, 5.59399, 6.59399, 7.59399
2.59499, 5.59499, 6.59499, 7.59499
2.59599, 5.59599, 6.59599, 7.59599
2.59699, 5.59699, 6.59699, 7.59699
2.59799, 5.59799, 6.59799, 7.59799
2.59899, 5.59899, 6.59899, 7.59899
2.59999, 5.59999, 6.59999, 7.59999
2.60099, 5.60099, 6.60099, 7.60099
2.60199, 5.60199, 6.60199, 7.60199
2.60299, 5.60299, 6.60299, 7.60299
2.60399, 5.60399, 6.60399, 7.60399
2.60499, 5.60499, 6.60499, 7.60499
2.60599, 5.60599, 6.60599, 7.60599
2.60699, 5.60699, 6.60699, 7.60699
2.60799, 5.60799, 6.60799, 7.60799
2.60899, 5.60899, 6.60899, 7.60899
2.60999, 5.60999, 6.60999, 7.60999
2.61099, 5.61099, 6.61099, 7.61099
2.61199, 5.61199, 6.61199, 7.61199
2.61299, 5.61299, 6.61299, 7.61299
2.61399, 5.61399, 6.61399, 7.61399
2.61499, 5.61499, 6.61499, 7.61499
2.61599, 5.61599, 6.61599, 7.61599
2.61699, 5.61699, 6.61699, 7.61699
2.61799, 5.61799, 6.61799, 7.61799
2.61899, 5.61899, 6.61899, 7.61899
2.61999, 5.61999, 6.61999, 7.61999
2.62099, 5.62099, 6.62099, 7.62099
2.62199, 5.62199, 6.62199, 7.62199
2.62299, 5.62299, 6.62299, 7.62299
2.62399, 5.62399, 6.62399, 7.62399
2.62499, 5.62499, 6.62499, 7.62499
2.62599, 5.62599, 6.62599, 7.62599
2.62699, 5.62699, 6.62699, 7.62699
2.62799, 5.62799, 6.62799, 7.62799
2.62899, 5.62899, 6.62899, 7.62899
2.62999, 5.62999, 6.62999, 7.62999
2.63099, 5.63099, 6.63099, 7.63099
2.63199, 5.63199, 6.63199, 7.63199
2.63299, 5.63299, 6.63299, 7.63299
2.63399, 5.63399, 6.63399, 7.63399
2.63499, 5.63499, 6.63499, 7.63499
2.63599, 5.63599, 6.63599, 7.63599
2.63699, 5.63699, 6.63699, 7.63699
2.63799, 5.63799, 6.63799, 7.63799
2.63899, 5.63899, 6.63899, 7.63899
2.63999, 5.63999, 6.63999, 7.63999
2.64099, 5.64099, 6.64099, 7.64099
2.64199, 5.64199, 6.64199, 7.64199
2.64299, 5.64299, 6.64299, 7.64299
2.64399, 5.64399, 6.64399, 7.64399
2.64499, 5.64499, 6.64499, 7.64499
2.64599, 5.64599, 6.64599, 7.64599
2.64699, 5.64699, 6.64699, 7.64699
2.64799, 5.64799, 6.64799, 7.64799
2.64899, 5.64899, 6.64899, 7.64899
2.64999, 5.64999, 6.64999, 7.64999
2.65099, 5.65099, 6.65099, 7.65099
2.65199, 5.65199, 6.65199, 7.65199
2.65299, 5.65299, 6.65299, 7.65299
2.65399, 5.65399, 6.65399, 7.65399
2.65499, 5.65499, 6.65499, 7.65499
2.65599, 5.65599, 6.65599, 7.65599
2.65699, 5.65699, 6.65699, 7.65699
2.65799, 5.65799, 6.65799, 7.65799
2.65899, 5.65899, 6.65899, 7.65899
2.65999, 5.65999, 6.65999, 7.65999
2.66099, 5.66099, 6.66099, 7.66099
2.66199, 5.66199, 6.66199, 7.66199
2.66299, 5.66299, 6.66299, 7.66299
2.66399, 5.66399, 6.66399, 7.66399
2.66499, 5.66499, 6.66499, 7.66499
2.66599, 5.66599, 6.66599, 7.66599
2.66699, 5.66699, 6.66699, 7.66699
2.66799, 5.66799, 6.66799, 7.66799
2.66899, 5.66899, 6.66899, 7.66899
2.66999, 5.66999, 6.66999, 7.66999
2.67099, 5.67099, 6.67099, 7.67099
2.67199, 5.67199, 6.67199, 7.67199
2.67299, 5.67299, 6.67299, 7.67299
2.67399, 5.67399, 6.67399, 7.67399
2.67499, 5.67499, 6.67499, 7.67499
2.67599, 5.67599, 6.67599, 7.67599
2.67699, 5.67699, 6.67699, 7.67699
2.67799, 5.67799, 6.67799, 7.67799
2.67899, 5.67899, 6.67899, 7.67899
2.67999, 5.67999, 6.67999, 7.67999
2.68099, 5.68099, 6.68099, 7.68099
2.68199, 5.68199, 6.68199, 7.68199
2.68299, 5.68299, 6.68299, 7.68299
2.68399, 5.68399, 6.68399, 7.68399
2.68499, 5.68499, 6.68499, 7.68499
2.68599, 5.68599, 6.68599, 7.68599
2.68699, 5.68699, 6.68699, 7.68699
2.68799, 5.68799, 6.68799, 7.68799
2.68899, 5.68899, 6.68899, 7.68899
2.68999, 5.68999, 6.68999, 7.68999
2.69099, 5.69099, 6.69099, 7.69099
2.69199, 5.69199, 6.69199, 7.69199
2.69299, 5.69299, 6.69299, 7.69299
2.69399, 5.69399, 6.69399, 7.69399
2.69499, 5.69499, 6.69499, 7.69499
2.69599, 5.69599, 6.69599, 7.69599
2.69699, 5.69699, 6.69699, 7.69699
2.69799, 5.69799, 6.69799, 7.69799
2.69899, 5.69899, 6.69899, 7.69899
2.69999, 5.69999, 6.69999, 7.69999
2.70099, 5.70099, 6.70099, 7.70099
2.70199, 5.70199, 6.70199, 7.70199
2.70299, 5.70299, 6.70299, 7.70299
2.70399, 5.70399, 6.70399, 7.70399
2.70499, 5.70499, 6.70499, 7.70499
2.70599, 5.70599, 6.70599, 7.70599
2.70699, 5.70699, 6.70699, 7.70699
2.70799, 5.70799, 6.70799, 7.70799
2.70899, 5.70899, 6.70899, 7.70899
2.70999, 5.70999, 6.70999, 7.70999
2.71099, 5.71099, 6.71099, 7.71099
2.71199, 5.71199, 6.71199, 7.71199
2.71299, 5.71299, 6.71299, 7.71299
2.71399, 5.71399, 6.71399, 7.71399
2.71499, 5.71499, 6.71499, 7.71499
2.71599, 5.71599, 6.71599, 7.71599
2.71699, 5.71699, 6.71699, 7.71699
2.71799, 5.71799, 6.71799, 7.71799
2.71899, 5.71899, 6.71899, 7.71899
2.71999, 5.71999, 6.71999, 7.71999
2.72099, 5.72099, 6.72099, 7.72099
2.72199, 5.72198, 6.72198, 7.72198
2.72299, 5.72299, 6.72299, 7.72299
2.72398, 5.72398, 6.72398, 7.72398
2.72498, 5.72499, 6.72499, 7.72499
2.72598, 5.72598, 6.72598, 7.72598
2.72698, 5.72698, 6.72698, 7.72698
2.72798, 5.72798, 6.72798, 7.72798
2.72898, 5.72898, 6.72898, 7.72898
2.72998, 5.72998, 6.72998, 7.72998
2.73098, 5.73098, 6.73098, 7.73098
2.73198, 5.73198, 6.73198, 7.73198
2.73298, 5.73298, 6.73298, 7.73298
2.73398, 5.73398, 6.73398, 7.73398
2.73498, 5.73498, 6.73498, 7.73498
2.73598, 5.73598, 6.73598, 7.73598
2.73698, 5.73698, 6.73698, 7.73698
2.73798, 5.73798, 6.73798, 7.73798
2.73898, 5.73898, 6.73898, 7.73898
2.73998, 5.73998, 6.73998, 7.73998
2.74098, 5.74098, 6.74098, 7.74098
2.74198, 5.74198, 6.74198, 7.74198
2.74298, 5.74298, 6.74298, 7.74298
2.74398, 5.74398, 6.74398, 7.74398
2.74498, 5.74498, 6.74498, 7.74498
2.74598, 5.74598, 6.74598, 7.74598
2.74698, 5.74698, 6.74698, 7.74698
2.74798, 5.74798, 6.74798, 7.74798
2.74898, 5.74898, 6.74898, 7.74898
2.74998, 5.74998, 6.74998, 7.74998
2.75098, 5.75098, 6.75098, 7.75098
2.75198, 5.75198, 6.75198, 7.75198
2.75298, 5.75298, 6.75298, 7.75298
2.75398, 5.75398, 6.75398, 7.75398
2.75498, 5.75498, 6.75498, 7.75498
2.75598, 5.75598, 6.75598, 7.75598
2.75698, 5.75698, 6.75698, 7.75698
2.75798, 5.75798, 6.75798, 7.75798
2.75898, 5.75898, 6.75898, 7.75898
2.75998, 5.75998, 6.75998, 7.75998
2.76098, 5.76098, 6.76098, 7.76098
2.76198, 5.76198, 6.76198, 7.76198
2.76298, 5.76298, 6.76298, 7.76298
2.76398, 5.76398, 6.76398, 7.76398
2.76498, 5.76498, 6.76498, 7.76498
2.76598, 5.76598, 6.76598, 7.76598
2.76698, 5.76698, 6.76698, 7.76698
2.76798, 5.76798, 6.76798, 7.76798
2.76898, 5.76898, 6.76898, 7.76898
2.76998, 5.76998, 6.76998, 7.76998
2.77098, 5.77098, 6.77098, 7.77098
2.77198, 5.77198, 6.77198, 7.77198
2.77298, 5.77298, 6.77298, 7.77298
2.77398, 5.77398, 6.77398, 7.77398
2.77498, 5.77498, 6.77498, 7.77498
2.77598, 5.77598, 6.77598, 7.77598
2.77698, 5.77698, 6.77698, 7.77698
2.77798, 5.77798, 6.77798, 7.77798
2.77898, 5.77898, 6.77898, 7.77898
2.77998, 5.77998, 6.77998, 7.77998
2.78098, 5.78098, 6.78098, 7.78098
2.78198, 5.78198, 6.78198, 7.78198
2.78298, 5.78298, 6.78298, 7.78298
2.78398, 5.78398, 6.78398, 7.78398
2.78498, 5.78498, 6.78498, 7.78498
2.78598, 5.78598, 6.78598, 7.78598
2.78698, 5.78698, 6.78698, 7.78698
2.78798, 5.78798, 6.78798, 7.78798
2.78898, 5.78898, 6.78898, 7.78898
2.78998, 5.78998, 6.78998, 7.78998
2.79098, 5.79098, 6.79098, 7.79098
2.79198, 5.79198, 6.79198, 7.79198
2.79298, 5.79298, 6.79298, 7.79298
2.79398, 5.79398, 6.79398, 7.79398
2.79498, 5.79498, 6.79498, 7.79498
2.79598, 5.79598, 6.79598, 7.79598
2.79698, 5.79698, 6.79698, 7.79698
2.79798, 5.79798, 6.79798, 7.79798
2.79898, 5.79898, 6.79898, 7.79898
2.79998, 5.79998, 6.79998, 7.79998
2.80098, 5.80098, 6.80098, 7.80098
2.80198, 5.80198, 6.80198, 7.80198
2.80298, 5.80298, 6.80298, 7.80298
2.80398, 5.80398, 6.80398, 7.80398
2.80498, 5.80498, 6.80498, 7.80498
2.80598, 5.80598, 6.80598, 7.80598
2.80698, 5.80698, 6.80698, 7.80698
2.80798, 5.80798, 6.80798, 7.80798
2.80898, 5.80898, 6.80898, 7.80898
2.80998, 5.80998, 6.80998, 7.80998
2.81098, 5.81098, 6.81098, 7.81098
2.81198, 5.81198, 6.81198, 7.81198
2.81298, 5.81298, 6.81298, 7.81298
2.81398, 5.81398, 6.81398, 7.81398
2.81498, 5.81498, 6.81498, 7.81498
2.81598, 5.81598, 6.81598, 7.81598
2.81698, 5.81698, 6.81698, 7.81698
2.81798, 5.81798, 6.81798, 7.81798
2.81898, 5.81898, 6.81898, 7.81898
2.81998, 5.81998, 6.81998, 7.81998
2.82098, 5.82098, 6.82098, 7.82098
2.82198, 5.82198, 6.82198, 7.82198
2.82298, 5.82298, 6.82298, 7.82298
2.82398, 5.82398, 6.82398, 7.82398
2.82498, 5.82498, 6.82498, 7.82498
2.82598, 5.82598, 6.82598, 7.82598
2.82698, 5.82698, 6.82698, 7.82698
2.82798, 5.82798, 6.82798, 7.82798
2.82898, 5.82898, 6.82898, 7.82898
2.82998, 5.82998, 6.82998, 7.82998
2.83098, 5.83098, 6.83098, 7.83098
2.83198, 5.83198, 6.83198, 7.83198
2.83298, 5.83298, 6.83298, 7.83298
2.83398, 5.83398, 6.83398, 7.83398
2.83498, 5.83498, 6.83498, 7.83498
2.83598, 5.83598, 6.83598, 7.83598
2.83698, 5.83698, 6.83698, 7.83698
2.83798, 5.83798, 6.83798, 7.83798
2.83898, 5.83898, 6.83898, 7.83898
2.83998, 5.83998, 6.83998, 7.83998
2.84098, 5.84098, 6.84098, 7.84098
2.84198, 5.84198, 6.84198, 7.84198
2.84298, 5.84298, 6.84298, 7.84298
2.84398, 5.84398, 6.84398, 7.84398
2.84498, 5.84498, 6.84498, 7.84498
2.84598, 5.84598, 6.84598, 7.84598
2.84698, 5.84698, 6.84698, 7.84698
2.84798, 5.84798, 6.84798, 7.84798
2.84898, 5.84898, 6.84898, 7.84898
2.84998, 5.84998, 6.84998, 7.84998
2.85098, 5.85098, 6.85098, 7.85098
2.85198, 5.85198, 6.85198, 7.85198
2.85298, 5.85298, 6.85298, 7.85298
2.85398, 5.85398, 6.85398, 7.85398
2.85498, 5.85498, 6.85498, 7.85498
2.85598, 5.85598, 6.85598, 7.85598
2.85698, 5.85698, 6.85698, 7.85698
2.85798, 5.85798, 6.85798, 7.85798
2.85898, 5.85898, 6.85898, 7.85898
2.85998, 5.85997, 6.85997, 7.85997
2.86098, 5.86098, 6.86098, 7.86098
2.86197, 5.86197, 6.86197, 7.86197
2.86297, 5.86298, 6.86298, 7.86298
2.86397, 5.86397, 6.86397, 7.86397
2.86497, 5.86497, 6.86497, 7.86497
2.86597, 5.86597, 6.86597, 7.86597
2.86697, 5.86697, 6.86697, 7.86697
2.86797, 5.86797, 6.86797, 7.86797
2.86897, 5.86897, 6.86897, 7.86897
2.86997, 5.86997, 6.86997, 7.86997
2.87097, 5.87097, 6.87097, 7.87097
2.87197, 5.87197, 6.87197, 7.87197
2.87297, 5.87297, 6.87297, 7.87297
2.87397, 5.87397, 6.87397, 7.87397
2.87497, 5.87497, 6.87497, 7.87497
2.87597, 5.87597, 6.87597, 7.87597
2.87697, 5.87697, 6.87697, 7.87697
2.87797, 5.87797, 6.87797, 7.87797
2.87897, 5.87897, 6.87897, 7.87897
2.87997, 5.87997, 6.87997, 7.87997
2.88097, 5.88097, 6.88097, 7.88097
2.88197, 5.88197, 6.88197, 7.88197
2.88297, 5.88297, 6.88297, 7.88297
2.88397, 5.88397, 6.88397, 7.88397
2.88497, 5.88497, 6.88497, 7.88497
2.88597, 5.88597, 6.88597, 7.88597
2.88697, 5.88697, 6.88697, 7.88697
2.88797, 5.88797, 6.88797, 7.88797
2.88897, 5.88897, 6.88897, 7.88897
2.88997, 5.88997, 6.88997, 7.88997
2.89097, 5.89097, 6.89097, 7.89097
2.89197, 5.89197, 6.89197, 7.89197
2.89297, 5.89297, 6.89297, 7.89297
2.89397, 5.89397, 6.89397, 7.89397
2.89497, 5.89497, 6.89497, 7.89497
2.89597, 5.89597, 6.89597, 7.89597
2.89697, 5.89697, 6.89697, 7.89697
2.89797, 5.89797, 6.89797, 7.89797
2.89897, 5.89897, 6.89897, 7.89897
2.89997, 5.89997, 6.89997, 7.89997
2.90097, 5.90097, 6.90097, 7.90097
2.90197, 5.90197, 6.90197, 7.90197
2.90297, 5.90297, 6.90297, 7.90297
2.90397, 5.90397, 6.90397, 7.90397
2.90497, 5.90497, 6.90497, 7.90497
2.90597, 5.90597, 6.90597, 7.90597
2.90697, 5.90697, 6.90697, 7.90697
2.90797, 5.90797, 6.90797, 7.90797
2.90897, 5.90897, 6.90897, 7.90897
2.90997, 5.90997, 6.90997, 7.90997
2.91097, 5.91097, 6.91097, 7.91097
2.91197, 5.91197, 6.91197, 7.91197
2.91297, 5.91297, 6.91297, 7.91297
2.91397, 5.91397, 6.91397, 7.91397
2.91497, 5.91497, 6.91497, 7.91497
2.91597, 5.91597, 6.91597, 7.91597
2.91697, 5.91697, 6.91697, 7.91697
2.91797, 5.91797, 6.91797, 7.91797
2.91897, 5.91897, 6.91897, 7.91897
2.91997, 5.91997, 6.91997, 7.91997
2.92097, 5.92097, 6.92097, 7.92097
2.92197, 5.92197, 6.92197, 7.92197
2.92297, 5.92297, 6.92297, 7.92297
2.92397, 5.92397, 6.92397, 7.92397
2.92497, 5.92497, 6.92497, 7.92497
2.92597, 5.92597, 6.92597, 7.92597
2.92697, 5.92697, 6.92697, 7.92697
2.92797, 5.92797, 6.92797, 7.92797
2.92897, 5.92897, 6.92897, 7.92897
2.92997, 5.92997, 6.92997, 7.92997
2.93097, 5.93097, 6.93097, 7.93097
2.93197, 5.93197, 6.93197, 7.93197
2.93297, 5.93297, 6.93297, 7.93297
2.93397, 5.93397, 6.93397, 7.93397
2.93497, 5.93497, 6.93497, 7.93497
2.93597, 5.93597, 6.93597, 7.93597
2.93697, 5.93697, 6.93697, 7.93697
2.93797, 5.93797, 6.93797, 7.93797
2.93897, 5.93897, 6.93897, 7.93897
2.93997, 5.93997, 6.93997, 7.93997
2.94097, 5.94097, 6.94097, 7.94097
2.94197, 5.94197, 6.94197, 7.94197
2.94297, 5.94297, 6.94297, 7.94297
2.94397, 5.94397, 6.94397, 7.94397
2.94497, 5.94497, 6.94497, 7.94497
2.94597, 5.94597, 6.94597, 7.94597
2.94697, 5.94697, 6.94697, 7.94697
2.94797, 5.94797, 6.94797, 7.94797
2.94897, 5.94897, 6.94897, 7.94897
2.94997, 5.94997, 6.94997, 7.94997
2.95097, 5.95097, 6.95097, 7.95097
2.95197, 5.95197, 6.95197, 7.95197
2.95297, 5.95297, 6.95297, 7.95297
2.95397, 5.95397, 6.95397, 7.95397
2.95497, 5.95497, 6.95497, 7.95497
2.95597, 5.95597, 6.95597, 7.95597
2.95697, 5.95697, 6.95697, 7.95697
2.95797, 5.95797, 6.95797, 7.95797
2.95897, 5.95897, 6.95897, 7.95897
2.95997, 5.95997, 6.95997, 7.95997
2.96097, 5.96097, 6.96097, 7.96097
2.96197, 5.96197, 6.96197, 7.96197
2.96297, 5.96297, 6.96297, 7.96297
2.96397, 5.96397, 6.96397, 7.96397
2.96497, 5.96497, 6.96497, 7.96497
2.96597, 5.96597, 6.96597, 7.96597
2.96697, 5.96697, 6.96697, 7.96697
2.96797, 5.96797, 6.96797, 7.96797
2.96897, 5.96897, 6.96897, 7.96897
2.96997, 5.96997, 6.96997, 7.96997
2.97097, 5.97097, 6.97097, 7.97097
2.97197, 5.97197, 6.97197, 7.97197
2.97297, 5.97297, 6.97297, 7.97297
2.97397, 5.97397, 6.97397, 7.97397
2.97497, 5.97497, 6.97497, 7.97497
2.97597, 5.97597, 6.97597, 7.97597
2.97697, 5.97697, 6.97697, 7.97697
2.97797, 5.97797, 6.97797, 7.97797
2.97897, 5.97897, 6.97897, 7.97897
2.97997, 5.97997, 6.97997, 7.97997
2.98097, 5.98097, 6.98097, 7.98097
2.98197, 5.98197, 6.98197, 7.98197
2.98297, 5.98297, 6.98297, 7.98297
2.98397, 5.98397, 6.98397, 7.98397
2.98497, 5.98497, 6.98497, 7.98497
2.98597, 5.98597, 6.98597, 7.98597
2.98697, 5.98697, 6.98697, 7.98697
2.98797, 5.98797, 6.98797, 7.98797
2.98897, 5.98897, 6.98897, 7.98897
2.98997, 5.98997, 6.98997, 7.98997
2.99097, 5.99097, 6.99097, 7.99097
2.99197, 5.99197, 6.99197, 7.99197
2.99297, 5.99297, 6.99297, 7.99297
2.99397, 5.99397, 6.99397, 7.99397
2.99497, 5.99497, 6.99497, 7.99497
2.99597, 5.99597, 6.99597, 7.99597
2.99697, 5.99697, 6.99697, 7.99697
2.99797, 5.99796, 6.99796, 7.99796
2.99897, 5.99897, 6.99897, 7.99897
2.99996, 5.99996, 6.99996, 7.99996
