time x y z
0, nan, nan, nan
0.001, nan, nan, nan
0.002, nan, nan, nan
0.003, nan, nan, nan
0.004, nan, nan, nan
0.005, nan, nan, nan
0.006, nan, nan, nan
0.007, nan, nan, nan
0.008, nan, nan, nan
0.009, nan, nan, nan
0.01, nan, nan, nan
0.011, nan, nan, nan
0.012, nan, nan, nan
0.013, nan, nan, nan
0.014, nan, nan, nan
0.015, nan, nan, nan
0.016, nan, nan, nan
0.017, nan, nan, nan
0.018, nan, nan, nan
0.019, nan, nan, nan
0.02, nan, nan, nan
0.021, nan, nan, nan
0.022, nan, nan, nan
0.023, nan, nan, nan
0.024, nan, nan, nan
0.025, nan, nan, nan
0.026, nan, nan, nan
0.027, nan, nan, nan
0.028, nan, nan, nan
0.029, nan, nan, nan
0.03, nan, nan, nan
0.031, nan, nan, nan
0.032, nan, nan, nan
0.033, nan, nan, nan
0.034, nan, nan, nan
0.035, nan, nan, nan
0.036, nan, nan, nan
0.037, nan, nan, nan
0.038, nan, nan, nan
0.039, nan, nan, nan
0.04, nan, nan, nan
0.041, nan, nan, nan
0.042, nan, nan, nan
0.043, nan, nan, nan
0.044, nan, nan, nan
0.045, nan, nan, nan
0.046, nan, nan, nan
0.047, nan, nan, nan
0.048, nan, nan, nan
0.049, nan, nan, nan
0.05, nan, nan, nan
0.051, nan, nan, nan
0.052, nan, nan, nan
0.053, nan, nan, nan
0.054, nan, nan, nan
0.055, nan, nan, nan
0.056, nan, nan, nan
0.057, nan, nan, nan
0.058, nan, nan, nan
0.059, nan, nan, nan
0.06, nan, nan, nan
0.061, nan, nan, nan
0.062, nan, nan, nan
0.0629999, nan, nan, nan
0.064, nan, nan, nan
0.065, nan, nan, nan
0.066, nan, nan, nan
0.067, nan, nan, nan
0.068, nan, nan, nan
0.069, nan, nan, nan
0.07, nan, nan, nan
0.071, nan, nan, nan
0.072, nan, nan, nan
0.073, nan, nan, nan
0.074, nan, nan, nan
0.075, nan, nan, nan
0.076, nan, nan, nan
0.077, nan, nan, nan
0.078, nan, nan, nan
0.079, nan, nan, nan
0.08, nan, nan, nan
0.081, nan, nan, nan
0.082, nan, nan, nan
0.083, nan, nan, nan
0.084, nan, nan, nan
0.085, nan, nan, nan
0.086, nan, nan, nan
0.087, nan, nan, nan
0.088, nan, nan, nan
0.089, nan, nan, nan
0.09, nan, nan, nan
0.091, nan, nan, nan
0.092, nan, nan, nan
0.093, nan, nan, nan
0.094, nan, nan, nan
0.095, nan, nan, nan
0.096, nan, nan, nan
0.097, nan, nan, nan
0.098, nan, nan, nan
0.099, nan, nan, nan
0.1, nan, nan, nan
0.101, nan, nan, nan
0.102, nan, nan, nan
0.103, nan, nan, nan
0.104, nan, nan, nan
0.105, nan, nan, nan
0.106, nan, nan, nan
0.107, nan, nan, nan
0.108, nan, nan, nan
0.109, nan, nan, nan
0.11, nan, nan, nan
0.111, nan, nan, nan
0.112, nan, nan, nan
0.113, nan, nan, nan
0.114, nan, nan, nan
0.115, nan, nan, nan
0.116, nan, nan, nan
0.117, nan, nan, nan
0.118, nan, nan, nan
0.119, nan, nan, nan
0.12, nan, nan, nan
0.121, nan, nan, nan
0.122, nan, nan, nan
0.123, nan, nan, nan
0.124, nan, nan, nan
0.125, nan, nan, nan
0.126, nan, nan, nan
0.127, nan, nan, nan
0.128, nan, nan, nan
0.129, nan, nan, nan
0.13, nan, nan, nan
0.131, nan, nan, nan
0.132, nan, nan, nan
0.133, nan, nan, nan
0.134, nan, nan, nan
0.135, nan, nan, nan
0.136, nan, nan, nan
0.137, nan, nan, nan
0.138, nan, nan, nan
0.139, nan, nan, nan
0.14, nan, nan, nan
0.141, nan, nan, nan
0.142, nan, nan, nan
0.143, nan, nan, nan
0.144, nan, nan, nan
0.145, nan, nan, nan
0.146, nan, nan, nan
0.147, nan, nan, nan
0.148, nan, nan, nan
0.149, nan, nan, nan
0.15, nan, nan, nan
0.151, nan, nan, nan
0.152, nan, nan, nan
0.153, nan, nan, nan
0.154, nan, nan, nan
0.155, nan, nan, nan
0.156, nan, nan, nan
0.157, nan, nan, nan
0.158, nan, nan, nan
0.159, nan, nan, nan
0.16, nan, nan, nan
0.161, nan, nan, nan
0.162, nan, nan, nan
0.163, nan, nan, nan
0.164, nan, nan, nan
0.165, nan, nan, nan
0.166, nan, nan, nan
0.167, nan, nan, nan
0.168, nan, nan, nan
0.169, nan, nan, nan
0.17, nan, nan, nan
0.171, nan, nan, nan
0.172, nan, nan, nan
0.173, nan, nan, nan
0.174, nan, nan, nan
0.175, nan, nan, nan
0.176, nan, nan, nan
0.177, nan, nan, nan
0.178, nan, nan, nan
0.179, nan, nan, nan
0.18, nan, nan, nan
0.181, nan, nan, nan
0.182, nan, nan, nan
0.183, nan, nan, nan
0.184, nan, nan, nan
0.185, nan, nan, nan
0.186, nan, nan, nan
0.187, nan, nan, nan
0.188, nan, nan, nan
0.189, nan, nan, nan
0.19, nan, nan, nan
0.191, nan, nan, nan
0.192, nan, nan, nan
0.193, nan, nan, nan
0.194, nan, nan, nan
0.195, nan, nan, nan
0.196, nan, nan, nan
0.197, nan, nan, nan
0.198, nan, nan, nan
0.199, nan, nan, nan
0.2, nan, nan, nan
0.201, nan, nan, nan
0.202, nan, nan, nan
0.203, nan, nan, nan
0.204, nan, nan, nan
0.205, nan, nan, nan
0.206, nan, nan, nan
0.207, nan, nan, nan
0.208, nan, nan, nan
0.209, nan, nan, nan
0.21, nan, nan, nan
0.211, nan, nan, nan
0.212, nan, nan, nan
0.213, nan, nan, nan
0.214, nan, nan, nan
0.215, nan, nan, nan
0.216, nan, nan, nan
0.217, nan, nan, nan
0.218, nan, nan, nan
0.219, nan, nan, nan
0.22, nan, nan, nan
0.221, nan, nan, nan
0.222, nan, nan, nan
0.223, nan, nan, nan
0.224, nan, nan, nan
0.225, nan, nan, nan
0.226, nan, nan, nan
0.227, nan, nan, nan
0.228, nan, nan, nan
0.229, nan, nan, nan
0.23, nan, nan, nan
0.231, nan, nan, nan
0.232, nan, nan, nan
0.233, nan, nan, nan
0.234, nan, nan, nan
0.235, nan, nan, nan
0.236, nan, nan, nan
0.237, nan, nan, nan
0.238, nan, nan, nan
0.239, nan, nan, nan
0.24, nan, nan, nan
0.241, nan, nan, nan
0.242, nan, nan, nan
0.243, nan, nan, nan
0.244, nan, nan, nan
0.245, nan, nan, nan
0.246, nan, nan, nan
0.247, nan, nan, nan
0.248, nan, nan, nan
0.249, nan, nan, nan
0.25, nan, nan, nan
0.251, nan, nan, nan
0.252, nan, nan, nan
0.253, nan, nan, nan
0.254, nan, nan, nan
0.255, nan, nan, nan
0.256, nan, nan, nan
0.257, nan, nan, nan
0.258, nan, nan, nan
0.259, nan, nan, nan
0.26, nan, nan, nan
0.261, nan, nan, nan
0.262, nan, nan, nan
0.263, nan, nan, nan
0.264, nan, nan, nan
0.265, nan, nan, nan
0.266, nan, nan, nan
0.267, nan, nan, nan
0.268, nan, nan, nan
0.269, nan, nan, nan
0.27, nan, nan, nan
0.271, nan, nan, nan
0.272, nan, nan, nan
0.273, nan, nan, nan
0.274, nan, nan, nan
0.275, nan, nan, nan
0.276, nan, nan, nan
0.277, nan, nan, nan
0.278, nan, nan, nan
0.279, nan, nan, nan
0.28, nan, nan, nan
0.281, nan, nan, nan
0.282, nan, nan, nan
0.283, nan, nan, nan
0.284, nan, nan, nan
0.285, nan, nan, nan
0.286, nan, nan, nan
0.287, nan, nan, nan
0.288, nan, nan, nan
0.289, nan, nan, nan
0.29, nan, nan, nan
0.291, nan, nan, nan
0.292, nan, nan, nan
0.293, nan, nan, nan
0.294, nan, nan, nan
0.295, nan, nan, nan
0.296, nan, nan, nan
0.297, nan, nan, nan
0.298, nan, nan, nan
0.299, nan, nan, nan
0.3, nan, nan, nan
0.301, nan, nan, nan
0.302, nan, nan, nan
0.303, nan, nan, nan
0.304, nan, nan, nan
0.305, nan, nan, nan
0.306, nan, nan, nan
0.307, nan, nan, nan
0.308, nan, nan, nan
0.309, nan, nan, nan
0.31, nan, nan, nan
0.311, nan, nan, nan
0.312, nan, nan, nan
0.313, nan, nan, nan
0.314, nan, nan, nan
0.314999, nan, nan, nan
0.315999, nan, nan, nan
0.316999, nan, nan, nan
0.317999, nan, nan, nan
0.318999, nan, nan, nan
0.319999, nan, nan, nan
0.320999, nan, nan, nan
0.321999, nan, nan, nan
0.322999, nan, nan, nan
0.323999, nan, nan, nan
0.324999, nan, nan, nan
0.325999, nan, nan, nan
0.326999, nan, nan, nan
0.327999, nan, nan, nan
0.328999, nan, nan, nan
0.329999, nan, nan, nan
0.330999, nan, nan, nan
0.331999, nan, nan, nan
0.332999, nan, nan, nan
0.333999, nan, nan, nan
0.334999, nan, nan, nan
0.335999, nan, nan, nan
0.336999, nan, nan, nan
0.337999, nan, nan, nan
0.338999, nan, nan, nan
0.339999, nan, nan, nan
0.340999, nan, nan, nan
0.341999, nan, nan, nan
0.342999, nan, nan, nan
0.343999, nan, nan, nan
0.344999, nan, nan, nan
0.345999, nan, nan, nan
0.346999, nan, nan, nan
0.347999, nan, nan, nan
0.348999, nan, nan, nan
0.349999, nan, nan, nan
0.350999, nan, nan, nan
0.351999, nan, nan, nan
0.352999, nan, nan, nan
0.353999, nan, nan, nan
0.354999, nan, nan, nan
0.355999, nan, nan, nan
0.356999, nan, nan, nan
0.357999, nan, nan, nan
0.358999, nan, nan, nan
0.359999, nan, nan, nan
0.360999, nan, nan, nan
0.361999, nan, nan, nan
0.362999, nan, nan, nan
0.363999, nan, nan, nan
0.364999, nan, nan, nan
0.365999, nan, nan, nan
0.366999, nan, nan, nan
0.367999, nan, nan, nan
0.368999, nan, nan, nan
0.369999, nan, nan, nan
0.370999, nan, nan, nan
0.371999, nan, nan, nan
0.372999, nan, nan, nan
0.373999, nan, nan, nan
0.374999, nan, nan, nan
0.375999, nan, nan, nan
0.376999, nan, nan, nan
0.377999, nan, nan, nan
0.378999, nan, nan, nan
0.379999, nan, nan, nan
0.380999, nan, nan, nan
0.381999, nan, nan, nan
0.382999, nan, nan, nan
0.383999, nan, nan, nan
0.384999, nan, nan, nan
0.385999, nan, nan, nan
0.386999, nan, nan, nan
0.387999, nan, nan, nan
0.388999, nan, nan, nan
0.389999, nan, nan, nan
0.390999, nan, nan, nan
0.391998, nan, nan, nan
0.392998, nan, nan, nan
0.393998, nan, nan, nan
0.394998, nan, nan, nan
0.395998, nan, nan, nan
0.396998, nan, nan, nan
0.397998, nan, nan, nan
0.398998, nan, nan, nan
0.399998, nan, nan, nan
0.400998, nan, nan, nan
0.401998, nan, nan, nan
0.402998, nan, nan, nan
0.403998, nan, nan, nan
0.404998, nan, nan, nan
0.405998, nan, nan, nan
0.406998, nan, nan, nan
0.407998, nan, nan, nan
0.408998, nan, nan, nan
0.409998, nan, nan, nan
0.410998, nan, nan, nan
0.411998, nan, nan, nan
0.412998, nan, nan, nan
0.413998, nan, nan, nan
0.414998, nan, nan, nan
0.415998, nan, nan, nan
0.416998, nan, nan, nan
0.417998, nan, nan, nan
0.418998, nan, nan, nan
0.419998, nan, nan, nan
0.420998, nan, nan, nan
0.421998, nan, nan, nan
0.422998, nan, nan, nan
0.423998, nan, nan, nan
0.424998, nan, nan, nan
0.425998, nan, nan, nan
0.426998, nan, nan, nan
0.427998, nan, nan, nan
0.428998, nan, nan, nan
0.429998, nan, nan, nan
0.430998, nan, nan, nan
0.431998, nan, nan, nan
0.432998, nan, nan, nan
0.433998, nan, nan, nan
0.434998, nan, nan, nan
0.435998, nan, nan, nan
0.436998, nan, nan, nan
0.437998, nan, nan, nan
0.438998, nan, nan, nan
0.439998, nan, nan, nan
0.440998, nan, nan, nan
0.441998, nan, nan, nan
0.442998, nan, nan, nan
0.443998, nan, nan, nan
0.444998, nan, nan, nan
0.445998, nan, nan, nan
0.446998, nan, nan, nan
0.447998, nan, nan, nan
0.448998, nan, nan, nan
0.449998, nan, nan, nan
0.450998, nan, nan, nan
0.451998, nan, nan, nan
0.452998, nan, nan, nan
0.453998, nan, nan, nan
0.454998, nan, nan, nan
0.455998, nan, nan, nan
0.456998, nan, nan, nan
0.457998, nan, nan, nan
0.458998, nan, nan, nan
0.459998, nan, nan, nan
0.460998, nan, nan, nan
0.461998, nan, nan, nan
0.462998, nan, nan, nan
0.463998, nan, nan, nan
0.464998, nan, nan, nan
0.465998, nan, nan, nan
0.466998, nan, nan, nan
0.467998, nan, nan, nan
0.468998, nan, nan, nan
0.469997, nan, nan, nan
0.470997, nan, nan, nan
0.471997, nan, nan, nan
0.472997, nan, nan, nan
0.473997, nan, nan, nan
0.474997, nan, nan, nan
0.475997, nan, nan, nan
0.476997, nan, nan, nan
0.477997, nan, nan, nan
0.478997, nan, nan, nan
0.479997, nan, nan, nan
0.480997, nan, nan, nan
0.481997, nan, nan, nan
0.482997, nan, nan, nan
0.483997, nan, nan, nan
0.484997, nan, nan, nan
0.485997, nan, nan, nan
0.486997, nan, nan, nan
0.487997, nan, nan, nan
0.488997, nan, nan, nan
0.489997, nan, nan, nan
0.490997, nan, nan, nan
0.491997, nan, nan, nan
0.492997, nan, nan, nan
0.493997, nan, nan, nan
0.494997, nan, nan, nan
0.495997, nan, nan, nan
0.496997, nan, nan, nan
0.497997, nan, nan, nan
0.498997, nan, nan, nan
0.499997, nan, nan, nan
0.500997, nan, nan, nan
0.501997, nan, nan, nan
0.502997, nan, nan, nan
0.503997, nan, nan, nan
0.504997, nan, nan, nan
0.505997, nan, nan, nan
0.506997, nan, nan, nan
0.507997, nan, nan, nan
0.508997, nan, nan, nan
0.509997, nan, nan, nan
0.510997, nan, nan, nan
0.511997, nan, nan, nan
0.512997, nan, nan, nan
0.513997, nan, nan, nan
0.514997, nan, nan, nan
0.515997, nan, nan, nan
0.516997, nan, nan, nan
0.517997, nan, nan, nan
0.518997, nan, nan, nan
0.519997, nan, nan, nan
0.520997, nan, nan, nan
0.521997, nan, nan, nan
0.522997, nan, nan, nan
0.523997, nan, nan, nan
0.524997, nan, nan, nan
0.525997, nan, nan, nan
0.526997, nan, nan, nan
0.527997, nan, nan, nan
0.528997, nan, nan, nan
0.529997, nan, nan, nan
0.530997, nan, nan, nan
0.531997, nan, nan, nan
0.532997, nan, nan, nan
0.533997, nan, nan, nan
0.534997, nan, nan, nan
0.535997, nan, nan, nan
0.536997, nan, nan, nan
0.537997, nan, nan, nan
0.538997, nan, nan, nan
0.539997, nan, nan, nan
0.540997, nan, nan, nan
0.541997, nan, nan, nan
0.542997, nan, nan, nan
0.543997, nan, nan, nan
0.544997, nan, nan, nan
0.545997, nan, nan, nan
0.546997, nan, nan, nan
0.547997, nan, nan, nan
0.548997, nan, nan, nan
0.549996, nan, nan, nan
0.550996, nan, nan, nan
0.551996, nan, nan, nan
0.552996, nan, nan, nan
0.553996, nan, nan, nan
0.554996, nan, nan, nan
0.555996, nan, nan, nan
0.556996, nan, nan, nan
0.557996, nan, nan, nan
0.558996, nan, nan, nan
0.559996, nan, nan, nan
0.560996, nan, nan, nan
0.561996, nan, nan, nan
0.562996, nan, nan, nan
0.563996, nan, nan, nan
0.564996, nan, nan, nan
0.565996, nan, nan, nan
0.566996, nan, nan, nan
0.567996, nan, nan, nan
0.568996, nan, nan, nan
0.569996, nan, nan, nan
0.570996, nan, nan, nan
0.571996, nan, nan, nan
0.572996, nan, nan, nan
0.573996, nan, nan, nan
0.574996, nan, nan, nan
0.575996, nan, nan, nan
0.576996, nan, nan, nan
0.577996, nan, nan, nan
0.578996, nan, nan, nan
0.579996, nan, nan, nan
0.580996, nan, nan, nan
0.581996, nan, nan, nan
0.582996, nan, nan, nan
0.583996, nan, nan, nan
0.584996, nan, nan, nan
0.585996, nan, nan, nan
0.586996, nan, nan, nan
0.587996, nan, nan, nan
0.588996, nan, nan, nan
0.589996, nan, nan, nan
0.590996, nan, nan, nan
0.591996, nan, nan, nan
0.592996, nan, nan, nan
0.593996, nan, nan, nan
0.594996, nan, nan, nan
0.595996, nan, nan, nan
0.596996, nan, nan, nan
0.597996, nan, nan, nan
0.598996, nan, nan, nan
0.599996, nan, nan, nan
0.600996, nan, nan, nan
0.601996, nan, nan, nan
0.602996, nan, nan, nan
0.603996, nan, nan, nan
0.604996, nan, nan, nan
0.605996, nan, nan, nan
0.606996, nan, nan, nan
0.607996, nan, nan, nan
0.608996, nan, nan, nan
0.609996, nan, nan, nan
0.610996, nan, nan, nan
0.611996, nan, nan, nan
0.612996, nan, nan, nan
0.613996, nan, nan, nan
0.614996, nan, nan, nan
0.615996, nan, nan, nan
0.616996, nan, nan, nan
0.617996, nan, nan, nan
0.618996, nan, nan, nan
0.619996, nan, nan, nan
0.620996, nan, nan, nan
0.621996, nan, nan, nan
0.622996, nan, nan, nan
0.623996, nan, nan, nan
0.624996, nan, nan, nan
0.625996, nan, nan, nan
0.626996, nan, nan, nan
0.627995, nan, nan, nan
0.628995, nan, nan, nan
0.629995, nan, nan, nan
0.630995, nan, nan, nan
0.631995, nan, nan, nan
0.632995, nan, nan, nan
0.633995, nan, nan, nan
0.634995, nan, nan, nan
0.635995, nan, nan, nan
0.636995, nan, nan, nan
0.637995, nan, nan, nan
0.638995, nan, nan, nan
0.639995, nan, nan, nan
0.640995, nan, nan, nan
0.641995, nan, nan, nan
0.642995, nan, nan, nan
0.643995, nan, nan, nan
0.644995, nan, nan, nan
0.645995, nan, nan, nan
0.646995, nan, nan, nan
0.647995, nan, nan, nan
0.648995, nan, nan, nan
0.649995, nan, nan, nan
0.650995, nan, nan, nan
0.651995, nan, nan, nan
0.652995, nan, nan, nan
0.653995, nan, nan, nan
0.654995, nan, nan, nan
0.655995, nan, nan, nan
0.656995, nan, nan, nan
0.657995, nan, nan, nan
0.658995, nan, nan, nan
0.659995, nan, nan, nan
0.660995, nan, nan, nan
0.661995, nan, nan, nan
0.662995, nan, nan, nan
0.663995, nan, nan, nan
0.664995, nan, nan, nan
0.665995, nan, nan, nan
0.666995, nan, nan, nan
0.667995, nan, nan, nan
0.668995, nan, nan, nan
0.669995, nan, nan, nan
0.670995, nan, nan, nan
0.671995, nan, nan, nan
0.672995, nan, nan, nan
0.673995, nan, nan, nan
0.674995, nan, nan, nan
0.675995, nan, nan, nan
0.676995, nan, nan, nan
0.677995, nan, nan, nan
0.678995, nan, nan, nan
0.679995, nan, nan, nan
0.680995, nan, nan, nan
0.681995, nan, nan, nan
0.682995, nan, nan, nan
0.683995, nan, nan, nan
0.684995, nan, nan, nan
0.685995, nan, nan, nan
0.686995, nan, nan, nan
0.687995, nan, nan, nan
0.688995, nan, nan, nan
0.689995, nan, nan, nan
0.690995, nan, nan, nan
0.691995, nan, nan, nan
0.692995, nan, nan, nan
0.693995, nan, nan, nan
0.694995, nan, nan, nan
0.695995, nan, nan, nan
0.696995, nan, nan, nan
0.697995, nan, nan, nan
0.698995, nan, nan, nan
0.699995, nan, nan, nan
0.700995, nan, nan, nan
0.701995, nan, nan, nan
0.702995, nan, nan, nan
0.703995, nan, nan, nan
0.704994, nan, nan, nan
0.705994, nan, nan, nan
0.706994, nan, nan, nan
0.707994, nan, nan, nan
0.708994, nan, nan, nan
0.709994, nan, nan, nan
0.710994, nan, nan, nan
0.711994, nan, nan, nan
0.712994, nan, nan, nan
0.713994, nan, nan, nan
0.714994, nan, nan, nan
0.715994, nan, nan, nan
0.716994, nan, nan, nan
0.717994, nan, nan, nan
0.718994, nan, nan, nan
0.719994, nan, nan, nan
0.720994, nan, nan, nan
0.721994, nan, nan, nan
0.722994, nan, nan, nan
0.723994, nan, nan, nan
0.724994, nan, nan, nan
0.725994, nan, nan, nan
0.726994, nan, nan, nan
0.727994, nan, nan, nan
0.728994, nan, nan, nan
0.729994, nan, nan, nan
0.730994, nan, nan, nan
0.731994, nan, nan, nan
0.732994, nan, nan, nan
0.733994, nan, nan, nan
0.734994, nan, nan, nan
0.735994, nan, nan, nan
0.736994, nan, nan, nan
0.737994, nan, nan, nan
0.738994, nan, nan, nan
0.739994, nan, nan, nan
0.740994, nan, nan, nan
0.741994, nan, nan, nan
0.742994, nan, nan, nan
0.743994, nan, nan, nan
0.744994, nan, nan, nan
0.745994, nan, nan, nan
0.746994, nan, nan, nan
0.747994, nan, nan, nan
0.748994, nan, nan, nan
0.749994, nan, nan, nan
0.750994, nan, nan, nan
0.751994, nan, nan, nan
0.752994, nan, nan, nan
0.753994, nan, nan, nan
0.754994, nan, nan, nan
0.755994, nan, nan, nan
0.756994, nan, nan, nan
0.757994, nan, nan, nan
0.758994, nan, nan, nan
0.759994, nan, nan, nan
0.760994, nan, nan, nan
0.761994, nan, nan, nan
0.762994, nan, nan, nan
0.763994, nan, nan, nan
0.764994, nan, nan, nan
0.765994, nan, nan, nan
0.766994, nan, nan, nan
0.767994, nan, nan, nan
0.768994, nan, nan, nan
0.769994, nan, nan, nan
0.770994, nan, nan, nan
0.771994, nan, nan, nan
0.772994, nan, nan, nan
0.773994, nan, nan, nan
0.774994, nan, nan, nan
0.775994, nan, nan, nan
0.776994, nan, nan, nan
0.777994, nan, nan, nan
0.778994, nan, nan, nan
0.779994, nan, nan, nan
0.780994, nan, nan, nan
0.781994, nan, nan, nan
0.782993, nan, nan, nan
0.783993, nan, nan, nan
0.784993, nan, nan, nan
0.785993, nan, nan, nan
0.786993, nan, nan, nan
0.787993, nan, nan, nan
0.788993, nan, nan, nan
0.789993, nan, nan, nan
0.790993, nan, nan, nan
0.791993, nan, nan, nan
0.792993, nan, nan, nan
0.793993, nan, nan, nan
0.794993, nan, nan, nan
0.795993, nan, nan, nan
0.796993, nan, nan, nan
0.797993, nan, nan, nan
0.798993, nan, nan, nan
0.799993, nan, nan, nan
0.800993, nan, nan, nan
0.801993, nan, nan, nan
0.802993, nan, nan, nan
0.803993, nan, nan, nan
0.804993, nan, nan, nan
0.805993, nan, nan, nan
0.806993, nan, nan, nan
0.807993, nan, nan, nan
0.808993, nan, nan, nan
0.809993, nan, nan, nan
0.810993, nan, nan, nan
0.811993, nan, nan, nan
0.812993, nan, nan, nan
0.813993, nan, nan, nan
0.814993, nan, nan, nan
0.815993, nan, nan, nan
0.816993, nan, nan, nan
0.817993, nan, nan, nan
0.818993, nan, nan, nan
0.819993, nan, nan, nan
0.820993, nan, nan, nan
0.821993, nan, nan, nan
0.822993, nan, nan, nan
0.823993, nan, nan, nan
0.824993, nan, nan, nan
0.825993, nan, nan, nan
0.826993, nan, nan, nan
0.827993, nan, nan, nan
0.828993, nan, nan, nan
0.829993, nan, nan, nan
0.830993, nan, nan, nan
0.831993, nan, nan, nan
0.832993, nan, nan, nan
0.833993, nan, nan, nan
0.834993, nan, nan, nan
0.835993, nan, nan, nan
0.836993, nan, nan, nan
0.837993, nan, nan, nan
0.838993, nan, nan, nan
0.839993, nan, nan, nan
0.840993, nan, nan, nan
0.841993, nan, nan, nan
0.842993, nan, nan, nan
0.843993, nan, nan, nan
0.844993, nan, nan, nan
0.845993, nan, nan, nan
0.846993, nan, nan, nan
0.847993, nan, nan, nan
0.848993, nan, nan, nan
0.849993, nan, nan, nan
0.850993, nan, nan, nan
0.851993, nan, nan, nan
0.852993, nan, nan, nan
0.853993, nan, nan, nan
0.854993, nan, nan, nan
0.855993, nan, nan, nan
0.856993, nan, nan, nan
0.857993, nan, nan, nan
0.858993, nan, nan, nan
0.859993, nan, nan, nan
0.860992, nan, nan, nan
0.861992, nan, nan, nan
0.862992, nan, nan, nan
0.863992, nan, nan, nan
0.864992, nan, nan, nan
0.865992, nan, nan, nan
0.866992, 3.00001, 5.29423, 5.76243
0.867992, 3, 5.29272, 5.76302
0.868992, 3.00001, 5.29119, 5.76371
0.869992, 2.99999, 5.28967, 5.76429
0.870992, 2.99999, 5.28814, 5.76494
0.871992, 3, 5.2866, 5.76561
0.872992, 3.00001, 5.28506, 5.7663
0.873992, 3, 5.28354, 5.76691
0.874992, 3.00001, 5.282, 5.76758
0.875992, 3, 5.28047, 5.76817
0.876992, 3, 5.27893, 5.76883
0.877992, 3.00001, 5.27738, 5.76949
0.878992, 3, 5.27586, 5.77009
0.879992, 3, 5.27431, 5.77075
0.880992, 3, 5.27277, 5.77135
0.881992, 3.00001, 5.27122, 5.77204
0.882992, 3.00001, 5.26967, 5.77267
0.883992, 3.00001, 5.26814, 5.7733
0.884992, 3, 5.26659, 5.77393
0.885992, 3, 5.26504, 5.77454
0.886992, 3, 5.26349, 5.77518
0.887992, 3, 5.26194, 5.77581
0.888992, 3, 5.26039, 5.77645
0.889992, 3, 5.25884, 5.77705
0.890992, 3, 5.25728, 5.7777
0.891992, 3, 5.25573, 5.77831
0.892992, 3.00001, 5.25417, 5.77897
0.893992, 3, 5.25261, 5.77958
0.894992, 3, 5.25105, 5.7802
0.895992, 3, 5.24949, 5.78084
0.896992, 3, 5.24793, 5.78143
0.897992, 3, 5.24636, 5.78208
0.898992, 3, 5.2448, 5.7827
0.899992, 3.00001, 5.24323, 5.78335
0.900992, 3, 5.24167, 5.78394
0.901992, 3, 5.2401, 5.78457
0.902992, 3, 5.23853, 5.78518
0.903992, 3, 5.23696, 5.7858
0.904992, 3, 5.23538, 5.78643
0.905992, 3, 5.23381, 5.78704
0.906992, 3, 5.23224, 5.78766
0.907992, 3, 5.23066, 5.78828
0.908992, 3, 5.22908, 5.78888
0.909992, 3, 5.2275, 5.7895
0.910992, 3, 5.22592, 5.79012
0.911992, 3, 5.22434, 5.79073
0.912992, 3, 5.22276, 5.79133
0.913992, 3, 5.22118, 5.79196
0.914992, 3, 5.21959, 5.79258
0.915992, 3, 5.21801, 5.79317
0.916992, 3, 5.21642, 5.79379
0.917992, 3, 5.21483, 5.79437
0.918992, 3, 5.21324, 5.795
0.919992, 3, 5.21165, 5.79561
0.920992, 3.00001, 5.21006, 5.79622
0.921992, 3, 5.20847, 5.79681
0.922992, 3, 5.20687, 5.79741
0.923992, 3, 5.20528, 5.79802
0.924992, 3, 5.20368, 5.79862
0.925992, 3, 5.20208, 5.79922
0.926992, 3, 5.20049, 5.79981
0.927992, 3, 5.19889, 5.80043
0.928992, 3, 5.19728, 5.80102
0.929992, 3, 5.19568, 5.80162
0.930992, 3, 5.19408, 5.80222
0.931992, 3, 5.19247, 5.80282
0.932992, 3, 5.19087, 5.80341
0.933992, 3, 5.18926, 5.804
0.934992, 3, 5.18765, 5.80459
0.935992, 3, 5.18604, 5.8052
0.936992, 3, 5.18443, 5.80577
0.937991, 3, 5.18282, 5.80638
0.938991, 3, 5.1812, 5.80696
0.939991, 3, 5.17959, 5.80755
0.940991, 3, 5.17797, 5.80815
0.941991, 3, 5.17636, 5.80873
0.942991, 3, 5.17474, 5.80934
0.943991, 3, 5.17312, 5.80992
0.944991, 3, 5.1715, 5.81049
0.945991, 3, 5.16988, 5.81109
0.946991, 3, 5.16826, 5.81166
0.947991, 3, 5.16663, 5.81226
0.948991, 3, 5.16501, 5.81283
0.949991, 3, 5.16338, 5.81341
0.950991, 3, 5.16175, 5.81399
0.951991, 3, 5.16012, 5.81457
0.952991, 3, 5.15849, 5.81515
0.953991, 3, 5.15686, 5.81574
0.954991, 3, 5.15523, 5.81631
0.955991, 3, 5.1536, 5.81688
0.956991, 3, 5.15196, 5.81746
0.957991, 3, 5.15033, 5.81803
0.958991, 3, 5.14869, 5.81861
0.959991, 3, 5.14705, 5.8192
0.960991, 3, 5.14542, 5.81977
0.961991, 3, 5.14378, 5.82033
0.962991, 3, 5.14213, 5.82091
0.963991, 3, 5.14049, 5.82147
0.964991, 3, 5.13885, 5.82204
0.965991, 3, 5.1372, 5.82261
0.966991, 3, 5.13556, 5.82319
0.967991, 3, 5.13391, 5.82375
0.968991, 3, 5.13226, 5.82432
0.969991, 3, 5.13061, 5.82488
0.970991, 3, 5.12896, 5.82546
0.971991, 3, 5.12731, 5.82601
0.972991, 3, 5.12566, 5.82657
0.973991, 3, 5.12401, 5.82714
0.974991, 3, 5.12235, 5.8277
0.975991, 3, 5.1207, 5.82826
0.976991, 3, 5.11904, 5.82882
0.977991, 3, 5.11738, 5.82938
0.978991, 3, 5.11572, 5.82994
0.979991, 3, 5.11406, 5.83048
0.980991, 3, 5.1124, 5.83106
0.981991, 3, 5.11074, 5.8316
0.982991, 3, 5.10907, 5.83216
0.983991, 3, 5.10741, 5.83271
0.984991, 3, 5.10574, 5.83328
0.985991, 3, 5.10407, 5.83382
0.986991, 3, 5.10241, 5.83436
0.987991, 3, 5.10074, 5.83492
0.988991, 3, 5.09907, 5.83548
0.989991, 3, 5.09739, 5.83602
0.990991, 3, 5.09572, 5.83657
0.991991, 3, 5.09405, 5.83713
0.992991, 3, 5.09237, 5.83766
0.993991, 3, 5.0907, 5.83822
0.994991, 3, 5.08902, 5.83876
0.995991, 3, 5.08734, 5.8393
0.996991, 3, 5.08566, 5.83984
0.997991, 3, 5.08398, 5.84039
0.998991, 3, 5.0823, 5.84094
0.999991, 3, 5.08062, 5.84147
1.00099, 3, 5.07894, 5.84201
1.00199, 3, 5.07725, 5.84256
1.00299, 3, 5.07557, 5.84309
1.00399, 3, 5.07388, 5.84362
1.00499, 3, 5.07219, 5.84417
1.00599, 3, 5.0705, 5.84469
1.00699, 3, 5.06881, 5.84523
1.00799, 3, 5.06712, 5.84575
1.00899, 3, 5.06543, 5.8463
1.00999, 3, 5.06374, 5.84683
1.01099, 3, 5.06204, 5.84737
1.01199, 3, 5.06035, 5.8479
1.01299, 3, 5.05865, 5.84842
1.01399, 3, 5.05695, 5.84895
1.01499, 3, 5.05525, 5.84948
1.01599, 3, 5.05356, 5.85
1.01699, 3, 5.05185, 5.85054
1.01799, 3, 5.05015, 5.85106
1.01899, 3, 5.04845, 5.85158
1.01999, 3, 5.04675, 5.8521
1.02099, 3, 5.04504, 5.85263
1.02199, 3, 5.04334, 5.85315
1.02299, 3, 5.04163, 5.85367
1.02399, 3, 5.03992, 5.85419
1.02499, 3, 5.03821, 5.85471
1.02599, 3, 5.0365, 5.85523
1.02699, 3, 5.03479, 5.85574
1.02799, 3, 5.03308, 5.85627
1.02899, 3, 5.03137, 5.85679
1.02999, 3, 5.02965, 5.8573
1.03099, 3, 5.02794, 5.85782
1.03199, 3, 5.02622, 5.85832
1.03299, 3, 5.0245, 5.85884
1.03399, 3, 5.02278, 5.85935
1.03499, 3, 5.02106, 5.85986
1.03599, 3, 5.01934, 5.86037
1.03699, 3, 5.01762, 5.86087
1.03799, 3, 5.0159, 5.86139
1.03899, 3, 5.01418, 5.86189
1.03999, 3, 5.01245, 5.8624
1.04099, 3, 5.01073, 5.86291
1.04199, 3, 5.009, 5.86341
1.04299, 3, 5.00727, 5.86393
1.04399, 3, 5.00555, 5.86443
1.04499, 3, 5.00382, 5.86492
1.04599, 3, 5.00209, 5.86543
1.04699, 3, 5.00035, 5.86592
1.04799, 3, 4.99862, 5.86643
1.04899, 3, 4.99689, 5.86692
1.04999, 3, 4.99515, 5.86743
1.05099, 3, 4.99342, 5.86793
1.05199, 3, 4.99168, 5.86841
1.05299, 3, 4.98994, 5.86891
1.05399, 3, 4.98821, 5.86941
1.05499, 3, 4.98647, 5.8699
1.05599, 3, 4.98473, 5.8704
1.05699, 3, 4.98299, 5.87089
1.05799, 3, 4.98124, 5.87138
1.05899, 3, 4.9795, 5.87185
1.05999, 3, 4.97776, 5.87236
1.06099, 3, 4.97601, 5.87285
1.06199, 3, 4.97426, 5.87333
1.06299, 3, 4.97252, 5.87383
1.06399, 3, 4.97077, 5.8743
1.06499, 3, 4.96902, 5.87479
1.06599, 3, 4.96727, 5.87527
1.06699, 3, 4.96552, 5.87576
1.06799, 3, 4.96377, 5.87624
1.06899, 3, 4.96201, 5.87672
1.06999, 3, 4.96026, 5.8772
1.07099, 3, 4.9585, 5.87768
1.07199, 3, 4.95675, 5.87817
1.07299, 3, 4.95499, 5.87863
1.07399, 3, 4.95323, 5.87911
1.07499, 3, 4.95147, 5.8796
1.07599, 3, 4.94972, 5.88006
1.07699, 3, 4.94795, 5.88055
1.07799, 3, 4.94619, 5.88101
1.07899, 3, 4.94443, 5.88148
1.07999, 3, 4.94267, 5.88196
1.08099, 3, 4.9409, 5.88244
1.08199, 3, 4.93914, 5.8829
1.08299, 3, 4.93737, 5.88338
1.08399, 3, 4.9356, 5.88384
1.08499, 3, 4.93384, 5.8843
1.08599, 3, 4.93207, 5.88476
1.08699, 3, 4.9303, 5.88523
1.08799, 3, 4.92852, 5.8857
1.08899, 3, 4.92675, 5.88616
1.08999, 3, 4.92498, 5.88662
1.09099, 3, 4.92321, 5.88709
1.092, 3, 4.92143, 5.88755
1.093, 3, 4.91966, 5.88801
1.094, 3, 4.91788, 5.88847
1.095, 3, 4.9161, 5.88893
1.096, 3, 4.91432, 5.88938
1.097, 3, 4.91254, 5.88984
1.098, 3, 4.91076, 5.8903
1.099, 3, 4.90898, 5.89075
1.1, 3, 4.9072, 5.89121
1.101, 3, 4.90542, 5.89166
1.102, 3, 4.90363, 5.8921
1.103, 3, 4.90185, 5.89256
1.104, 3, 4.90006, 5.89301
1.105, 3, 4.89828, 5.89346
1.106, 3, 4.89649, 5.89391
1.107, 3, 4.8947, 5.89436
1.108, 3, 4.89291, 5.89481
1.109, 3, 4.89112, 5.89525
1.11, 3, 4.88933, 5.8957
1.111, 3, 4.88754, 5.89614
1.112, 3, 4.88575, 5.89658
1.113, 3, 4.88395, 5.89703
1.114, 3, 4.88216, 5.89747
1.115, 3, 4.88036, 5.89791
1.116, 3, 4.87857, 5.89835
1.117, 3, 4.87677, 5.89879
1.118, 3, 4.87497, 5.89923
1.119, 3, 4.87317, 5.89966
1.12, 3, 4.87137, 5.90011
1.121, 3, 4.86957, 5.90053
1.122, 3, 4.86777, 5.90097
1.123, 3, 4.86597, 5.9014
1.124, 3, 4.86416, 5.90184
1.125, 3, 4.86236, 5.90227
1.126, 3, 4.86055, 5.90271
1.127, 3, 4.85875, 5.90313
1.128, 3, 4.85694, 5.90357
1.129, 3, 4.85513, 5.90399
1.13, 3, 4.85333, 5.90441
1.131, 3, 4.85152, 5.90484
1.132, 3, 4.84971, 5.90527
1.133, 3, 4.84789, 5.90569
1.134, 3, 4.84608, 5.90612
1.135, 3, 4.84427, 5.90653
1.136, 3, 4.84246, 5.90695
1.137, 3, 4.84064, 5.90738
1.138, 3, 4.83883, 5.9078
1.139, 3, 4.83701, 5.90821
1.14, 3, 4.83519, 5.90864
1.141, 3, 4.83338, 5.90905
1.142, 3, 4.83156, 5.90947
1.143, 3, 4.82974, 5.90988
1.144, 3, 4.82792, 5.9103
1.145, 3, 4.8261, 5.91071
1.146, 3, 4.82428, 5.91112
1.147, 3, 4.82245, 5.91153
1.148, 3, 4.82063, 5.91194
1.149, 3, 4.8188, 5.91236
1.15, 3, 4.81698, 5.91276
1.151, 3, 4.81515, 5.91318
1.152, 3, 4.81333, 5.91358
1.153, 3, 4.8115, 5.91399
1.154, 3, 4.80967, 5.91439
1.155, 3, 4.80784, 5.91479
1.156, 3, 4.80601, 5.9152
1.157, 3, 4.80418, 5.9156
1.158, 3, 4.80235, 5.91601
1.159, 3, 4.80052, 5.91641
1.16, 3, 4.79868, 5.9168
1.161, 3, 4.79685, 5.9172
1.162, 3, 4.79501, 5.91761
1.163, 3, 4.79318, 5.918
1.164, 3, 4.79134, 5.9184
1.165, 3, 4.7895, 5.91879
1.166, 3, 4.78767, 5.91918
1.167, 3, 4.78583, 5.91958
1.168, 3, 4.78399, 5.91997
1.169, 3, 4.78215, 5.92036
1.17, 3, 4.78031, 5.92075
1.171, 3, 4.77846, 5.92114
1.172, 3, 4.77662, 5.92153
1.173, 3, 4.77478, 5.92192
1.174, 3, 4.77293, 5.9223
1.175, 3, 4.77109, 5.92269
1.176, 3, 4.76924, 5.92307
1.177, 3, 4.7674, 5.92346
1.178, 3, 4.76555, 5.92385
1.179, 3, 4.7637, 5.92422
1.18, 3, 4.76185, 5.92461
1.181, 3, 4.76, 5.92499
1.182, 3, 4.75815, 5.92537
1.183, 3, 4.7563, 5.92574
1.184, 3, 4.75445, 5.92612
1.185, 3, 4.7526, 5.9265
1.186, 3, 4.75074, 5.92687
1.187, 3, 4.74889, 5.92725
1.188, 3, 4.74703, 5.92762
1.189, 3, 4.74518, 5.928
1.19, 3, 4.74332, 5.92838
1.191, 3, 4.74146, 5.92874
1.192, 3, 4.73961, 5.92911
1.193, 3, 4.73775, 5.92948
1.194, 3, 4.73589, 5.92985
1.195, 3, 4.73403, 5.93022
1.196, 3, 4.73217, 5.93058
1.197, 3, 4.7303, 5.93095
1.198, 3, 4.72844, 5.93131
1.199, 3, 4.72658, 5.93168
1.2, 3, 4.72472, 5.93204
1.201, 3, 4.72285, 5.9324
1.202, 3, 4.72099, 5.93276
1.203, 3, 4.71912, 5.93312
1.204, 3, 4.71725, 5.93348
1.205, 3, 4.71539, 5.93384
1.206, 3, 4.71352, 5.9342
1.207, 3, 4.71165, 5.93455
1.208, 3, 4.70978, 5.93491
1.209, 3, 4.70791, 5.93526
1.21, 3, 4.70604, 5.93562
1.211, 3, 4.70417, 5.93598
1.212, 3, 4.70229, 5.93632
1.213, 3, 4.70042, 5.93667
1.214, 3, 4.69855, 5.93702
1.215, 3, 4.69667, 5.93737
1.216, 3, 4.6948, 5.93773
1.217, 3, 4.69292, 5.93806
1.218, 3, 4.69104, 5.93841
1.219, 3, 4.68917, 5.93877
1.22, 3, 4.68729, 5.9391
1.221, 3, 4.68541, 5.93944
1.222, 3, 4.68353, 5.93979
1.223, 3, 4.68165, 5.94013
1.224, 3, 4.67977, 5.94047
1.225, 3, 4.67789, 5.94082
1.226, 3, 4.67601, 5.94114
1.227, 3, 4.67412, 5.94148
1.228, 3, 4.67224, 5.94182
1.229, 3, 4.67036, 5.94215
1.23, 3, 4.66847, 5.94249
1.231, 3, 4.66659, 5.94282
1.232, 3, 4.6647, 5.94316
1.233, 3, 4.66281, 5.94349
1.234, 3, 4.66093, 5.94382
1.235, 3, 4.65904, 5.94415
1.236, 3, 4.65715, 5.94448
1.237, 3, 4.65526, 5.94481
1.238, 3, 4.65337, 5.94513
1.239, 3, 4.65148, 5.94546
1.24, 3, 4.64959, 5.94578
1.241, 3, 4.6477, 5.94611
1.242, 3, 4.6458, 5.94642
1.243, 3, 4.64391, 5.94675
1.244, 3, 4.64202, 5.94708
1.245, 3, 4.64012, 5.9474
1.246, 3, 4.63823, 5.94772
1.247, 3, 4.63633, 5.94804
1.248, 3, 4.63444, 5.94835
1.249, 3, 4.63254, 5.94867
1.25, 3, 4.63064, 5.94899
1.251, 3, 4.62874, 5.9493
1.252, 3, 4.62684, 5.94961
1.253, 3, 4.62494, 5.94993
1.254, 3, 4.62304, 5.95024
1.255, 3, 4.62114, 5.95055
1.256, 3, 4.61924, 5.95086
1.257, 3, 4.61734, 5.95117
1.258, 3, 4.61544, 5.95148
1.259, 3, 4.61353, 5.95179
1.26, 3, 4.61163, 5.95209
1.261, 3, 4.60972, 5.9524
1.262, 3, 4.60782, 5.9527
1.263, 3, 4.60591, 5.953
1.264, 3, 4.60401, 5.95331
1.265, 3, 4.6021, 5.95361
1.266, 3, 4.60019, 5.95391
1.267, 3, 4.59828, 5.95422
1.268, 3, 4.59637, 5.95451
1.269, 3, 4.59447, 5.9548
1.27, 3, 4.59256, 5.95511
1.271, 3, 4.59064, 5.9554
1.272, 3, 4.58873, 5.95569
1.273, 3, 4.58682, 5.95599
1.274, 3, 4.58491, 5.95628
1.275, 3, 4.583, 5.95657
1.276, 3, 4.58108, 5.95686
1.277, 3, 4.57917, 5.95715
1.278, 3, 4.57725, 5.95744
1.279, 3, 4.57534, 5.95773
1.28, 3, 4.57342, 5.95802
1.281, 3, 4.57151, 5.9583
1.282, 3, 4.56959, 5.95859
1.283, 3, 4.56767, 5.95886
1.284, 3, 4.56575, 5.95916
1.285, 3, 4.56384, 5.95944
1.286, 3, 4.56192, 5.95973
1.287, 3, 4.56, 5.96
1.288, 3, 4.55808, 5.96028
1.289, 3, 4.55616, 5.96056
1.29, 3, 4.55423, 5.96084
1.291, 3, 4.55231, 5.96111
1.292, 3, 4.55039, 5.9614
1.293, 3, 4.54847, 5.96166
1.294, 3, 4.54654, 5.96194
1.295, 3, 4.54462, 5.96221
1.296, 3, 4.54269, 5.96248
1.297, 3, 4.54077, 5.96276
1.298, 3, 4.53884, 5.96302
1.299, 3, 4.53692, 5.96329
1.3, 3, 4.53499, 5.96356
1.301, 3, 4.53306, 5.96383
1.302, 3, 4.53113, 5.96409
1.303, 3, 4.5292, 5.96436
1.304, 3, 4.52728, 5.96462
1.305, 3, 4.52535, 5.96489
1.30601, 3, 4.52342, 5.96515
1.30701, 3, 4.52149, 5.96541
1.30801, 3, 4.51955, 5.96567
1.30901, 3, 4.51762, 5.96593
1.31001, 3, 4.51569, 5.96619
1.31101, 3, 4.51376, 5.96644
1.31201, 3, 4.51182, 5.9667
1.31301, 3, 4.50989, 5.96696
1.31401, 3, 4.50796, 5.96721
1.31501, 3, 4.50602, 5.96746
1.31601, 3, 4.50409, 5.96772
1.31701, 3, 4.50215, 5.96797
1.31801, 3, 4.50021, 5.96822
1.31901, 3, 4.49828, 5.96847
1.32001, 3, 4.49634, 5.96872
1.32101, 3, 4.4944, 5.96896
1.32201, 3, 4.49246, 5.96921
1.32301, 3, 4.49053, 5.96946
1.32401, 3, 4.48859, 5.9697
1.32501, 3, 4.48665, 5.96995
1.32601, 3, 4.48471, 5.97019
1.32701, 3, 4.48277, 5.97043
1.32801, 3, 4.48082, 5.97067
1.32901, 3, 4.47888, 5.97091
1.33001, 3, 4.47694, 5.97115
1.33101, 3, 4.475, 5.97139
1.33201, 3, 4.47305, 5.97162
1.33301, 3, 4.47111, 5.97186
1.33401, 3, 4.46917, 5.9721
1.33501, 3, 4.46722, 5.97233
1.33601, 3, 4.46528, 5.97256
1.33701, 3, 4.46333, 5.9728
1.33801, 3, 4.46139, 5.97303
1.33901, 3, 4.45944, 5.97326
1.34001, 3, 4.45749, 5.9735
1.34101, 3, 4.45555, 5.97371
1.34201, 3, 4.4536, 5.97394
1.34301, 3, 4.45165, 5.97417
1.34401, 3, 4.4497, 5.97439
1.34501, 3, 4.44775, 5.97462
1.34601, 3, 4.4458, 5.97484
1.34701, 3, 4.44385, 5.97506
1.34801, 3, 4.4419, 5.97529
1.34901, 3, 4.43995, 5.97551
1.35001, 3, 4.438, 5.97572
1.35101, 3, 4.43605, 5.97594
1.35201, 3, 4.4341, 5.97616
1.35301, 3, 4.43214, 5.97638
1.35401, 3, 4.43019, 5.97659
1.35501, 3, 4.42824, 5.97681
1.35601, 3, 4.42628, 5.97702
1.35701, 3, 4.42433, 5.97723
1.35801, 3, 4.42237, 5.97745
1.35901, 3, 4.42042, 5.97766
1.36001, 3, 4.41846, 5.97787
1.36101, 3, 4.41651, 5.97808
1.36201, 3, 4.41455, 5.97828
1.36301, 3, 4.41259, 5.97849
1.36401, 3, 4.41064, 5.9787
1.36501, 3, 4.40868, 5.9789
1.36601, 3, 4.40672, 5.9791
1.36701, 3, 4.40476, 5.97932
1.36801, 3, 4.4028, 5.97951
1.36901, 3, 4.40084, 5.97971
1.37001, 3, 4.39888, 5.97991
1.37101, 3, 4.39692, 5.98011
1.37201, 3, 4.39496, 5.98031
1.37301, 3, 4.393, 5.9805
1.37401, 3, 4.39104, 5.9807
1.37501, 3, 4.38908, 5.98089
1.37601, 3, 4.38712, 5.98109
1.37701, 3, 4.38515, 5.98128
1.37801, 3, 4.38319, 5.98147
1.37901, 3, 4.38123, 5.98167
1.38001, 3, 4.37926, 5.98186
1.38101, 3, 4.3773, 5.98204
1.38201, 3, 4.37534, 5.98224
1.38301, 3, 4.37337, 5.98242
1.38401, 3, 4.37141, 5.98261
1.38501, 3, 4.36944, 5.98279
1.38601, 3, 4.36748, 5.98298
1.38701, 3, 4.36551, 5.98316
1.38801, 3, 4.36354, 5.98334
1.38901, 3, 4.36158, 5.98352
1.39001, 3, 4.35961, 5.9837
1.39101, 3, 4.35764, 5.98388
1.39201, 3, 4.35567, 5.98406
1.39301, 3, 4.3537, 5.98424
1.39401, 3, 4.35174, 5.98441
1.39501, 3, 4.34977, 5.98459
1.39601, 3, 4.3478, 5.98476
1.39701, 3, 4.34583, 5.98494
1.39801, 3, 4.34386, 5.98511
1.39901, 3, 4.34189, 5.98528
1.40001, 3, 4.33992, 5.98545
1.40101, 3, 4.33794, 5.98562
1.40201, 3, 4.33597, 5.98579
1.40301, 3, 4.334, 5.98596
1.40401, 3, 4.33203, 5.98612
1.40501, 3, 4.33006, 5.98629
1.40601, 3, 4.32808, 5.98645
1.40701, 3, 4.32611, 5.98662
1.40801, 3, 4.32414, 5.98678
1.40901, 3, 4.32216, 5.98694
1.41001, 3, 4.32019, 5.9871
1.41101, 3, 4.31821, 5.98726
1.41201, 3, 4.31624, 5.98742
1.41301, 3, 4.31426, 5.98758
1.41401, 3, 4.31229, 5.98773
1.41501, 3, 4.31031, 5.98789
1.41601, 3, 4.30834, 5.98804
1.41701, 3, 4.30636, 5.9882
1.41801, 3, 4.30438, 5.98835
1.41901, 3, 4.30241, 5.9885
1.42001, 3, 4.30043, 5.98865
1.42101, 3, 4.29845, 5.9888
1.42201, 3, 4.29647, 5.98896
1.42301, 3, 4.2945, 5.98911
1.42401, 3, 4.29252, 5.98925
1.42501, 3, 4.29054, 5.98939
1.42601, 3, 4.28856, 5.98954
1.42701, 3, 4.28658, 5.98968
1.42801, 3, 4.2846, 5.98982
1.42901, 3, 4.28262, 5.98997
1.43001, 3, 4.28064, 5.99011
1.43101, 3, 4.27866, 5.99025
1.43201, 3, 4.27668, 5.99038
1.43301, 3, 4.2747, 5.99052
1.43401, 3, 4.27272, 5.99066
1.43501, 3, 4.27074, 5.9908
1.43601, 3, 4.26875, 5.99093
1.43701, 3, 4.26677, 5.99106
1.43801, 3, 4.26479, 5.9912
1.43901, 3, 4.26281, 5.99133
1.44001, 3, 4.26083, 5.99146
1.44101, 3, 4.25884, 5.99159
1.44201, 3, 4.25686, 5.99172
1.44301, 3, 4.25487, 5.99185
1.44401, 3, 4.25289, 5.99197
1.44501, 3, 4.25091, 5.9921
1.44601, 3, 4.24892, 5.99222
1.44701, 3, 4.24694, 5.99235
1.44801, 3, 4.24495, 5.99247
1.44901, 3, 4.24297, 5.99259
1.45001, 3, 4.24098, 5.99271
1.45101, 3, 4.239, 5.99283
1.45201, 3, 4.23701, 5.99295
1.45301, 3, 4.23502, 5.99307
1.45401, 3, 4.23304, 5.99319
1.45501, 3, 4.23105, 5.9933
1.45601, 3, 4.22906, 5.99342
1.45701, 3, 4.22708, 5.99353
1.45801, 3, 4.22509, 5.99365
1.45901, 3, 4.2231, 5.99376
1.46001, 3, 4.22112, 5.99387
1.46101, 3, 4.21913, 5.99398
1.46201, 3, 4.21714, 5.99409
1.46301, 3, 4.21515, 5.9942
1.46401, 3, 4.21316, 5.9943
1.46501, 3, 4.21117, 5.99441
1.46601, 3, 4.20918, 5.99452
1.46701, 3, 4.2072, 5.99462
1.46801, 3, 4.20521, 5.99472
1.46901, 3, 4.20322, 5.99482
1.47001, 3, 4.20123, 5.99493
1.47101, 3, 4.19924, 5.99503
1.47201, 3, 4.19725, 5.99512
1.47301, 3, 4.19526, 5.99522
1.47401, 3, 4.19326, 5.99532
1.47501, 3, 4.19127, 5.99542
1.47601, 3, 4.18928, 5.99551
1.47701, 3, 4.18729, 5.99561
1.47801, 3, 4.1853, 5.9957
1.47901, 3, 4.18331, 5.99579
1.48001, 3, 4.18132, 5.99588
1.48101, 3, 4.17933, 5.99597
1.48201, 3, 4.17733, 5.99606
1.48301, 3, 4.17534, 5.99615
1.48401, 3, 4.17335, 5.99624
1.48501, 3, 4.17136, 5.99632
1.48601, 3, 4.16936, 5.99641
1.48701, 3, 4.16737, 5.99649
1.48801, 3, 4.16538, 5.99658
1.48901, 3, 4.16338, 5.99666
1.49001, 3, 4.16139, 5.99674
1.49101, 3, 4.1594, 5.99682
1.49201, 3, 4.1574, 5.99691
1.49301, 3, 4.15541, 5.99698
1.49401, 3, 4.15341, 5.99705
1.49501, 3, 4.15142, 5.99713
1.49601, 3, 4.14943, 5.99721
1.49701, 3, 4.14743, 5.99728
1.49801, 3, 4.14544, 5.99735
1.49901, 3, 4.14344, 5.99742
1.50001, 3, 4.14145, 5.9975
1.50101, 3, 4.13945, 5.99757
1.50201, 3, 4.13746, 5.99764
1.50301, 3, 4.13546, 5.9977
1.50401, 3, 4.13346, 5.99777
1.50501, 3, 4.13147, 5.99784
1.50601, 3, 4.12947, 5.9979
1.50701, 3, 4.12748, 5.99797
1.50801, 3, 4.12548, 5.99803
1.50901, 3, 4.12349, 5.99809
1.51001, 3, 4.12149, 5.99815
1.51101, 3, 4.11949, 5.99821
1.51201, 3, 4.1175, 5.99827
1.51301, 3, 4.1155, 5.99833
1.51401, 3, 4.1135, 5.99839
1.51501, 3, 4.11151, 5.99844
1.51601, 3, 4.10951, 5.9985
1.51701, 3, 4.10751, 5.99855
1.51801, 3, 4.10551, 5.99861
1.51901, 3, 4.10352, 5.99866
1.52002, 3, 4.10152, 5.99871
1.52102, 3, 4.09952, 5.99876
1.52202, 3, 4.09752, 5.99881
1.52302, 3, 4.09553, 5.99886
1.52402, 3, 4.09353, 5.99891
1.52502, 3, 4.09153, 5.99895
1.52602, 3, 4.08953, 5.999
1.52702, 3, 4.08753, 5.99904
1.52802, 3, 4.08554, 5.99908
1.52902, 3, 4.08354, 5.99913
1.53002, 3, 4.08154, 5.99917
1.53102, 3, 4.07954, 5.99921
1.53202, 3, 4.07754, 5.99925
1.53302, 3, 4.07554, 5.99929
1.53402, 3, 4.07354, 5.99932
1.53502, 3, 4.07155, 5.99936
1.53602, 3, 4.06955, 5.9994
1.53702, 3, 4.06755, 5.99943
1.53802, 3, 4.06555, 5.99946
1.53902, 3, 4.06355, 5.9995
1.54002, 3, 4.06155, 5.99953
1.54102, 3, 4.05955, 5.99956
1.54202, 3, 4.05755, 5.99959
1.54302, 3, 4.05555, 5.99961
1.54402, 3, 4.05355, 5.99964
1.54502, 3, 4.05155, 5.99967
1.54602, 3, 4.04956, 5.99969
1.54702, 3, 4.04756, 5.99972
1.54802, 3, 4.04556, 5.99974
1.54902, 3, 4.04356, 5.99976
1.55002, 3, 4.04156, 5.99978
1.55102, 3, 4.03956, 5.9998
1.55202, 3, 4.03756, 5.99982
1.55302, 3, 4.03556, 5.99984
1.55402, 3, 4.03356, 5.99986
1.55502, 3, 4.03156, 5.99988
1.55602, 3, 4.02956, 5.99989
1.55702, 3, 4.02756, 5.99991
1.55802, 3, 4.02556, 5.99992
1.55902, 3, 4.02356, 5.99993
1.56002, 3, 4.02156, 5.99994
1.56102, 3, 4.01956, 5.99995
1.56202, 3, 4.01756, 5.99996
1.56302, 3, 4.01556, 5.99997
1.56402, 3, 4.01356, 5.99998
1.56502, 3, 4.01156, 5.99998
1.56602, 3, 4.00956, 5.99999
1.56702, 3, 4.00756, 5.99999
1.56802, 3, 4.00556, 6
1.56902, 3, 4.00356, 6
1.57002, 3, 4.00156, 6
1.57102, 3, 3.99956, 6
1.57202, 3, 3.99756, 6
1.57302, 3, 3.99556, 6
1.57402, 3, 3.99356, 5.99999
1.57502, 3, 3.99156, 5.99999
1.57602, 3, 3.98956, 5.99999
1.57702, 3, 3.98756, 5.99998
1.57802, 3, 3.98556, 5.99997
1.57902, 3, 3.98356, 5.99997
1.58002, 3, 3.98156, 5.99996
1.58102, 3, 3.97956, 5.99995
1.58202, 3, 3.97756, 5.99994
1.58302, 3, 3.97556, 5.99993
1.58402, 3, 3.97356, 5.99991
1.58502, 3, 3.97156, 5.9999
1.58602, 3, 3.96956, 5.99988
1.58702, 3, 3.96756, 5.99987
1.58802, 3, 3.96556, 5.99985
1.58902, 3, 3.96356, 5.99983
1.59002, 3, 3.96156, 5.99982
1.59102, 3, 3.95956, 5.9998
1.59202, 3, 3.95756, 5.99977
1.59302, 3, 3.95556, 5.99975
1.59402, 3, 3.95356, 5.99973
1.59502, 3, 3.95156, 5.99971
1.59602, 3, 3.94956, 5.99968
1.59702, 3, 3.94756, 5.99966
1.59802, 3, 3.94556, 5.99963
1.59902, 3, 3.94356, 5.9996
1.60002, 3, 3.94156, 5.99957
1.60102, 3, 3.93956, 5.99954
1.60202, 3, 3.93757, 5.99951
1.60302, 3, 3.93557, 5.99948
1.60402, 3, 3.93357, 5.99945
1.60502, 3, 3.93157, 5.99941
1.60602, 3, 3.92957, 5.99938
1.60702, 3, 3.92757, 5.99934
1.60802, 3, 3.92557, 5.99931
1.60902, 3, 3.92357, 5.99927
1.61002, 3, 3.92157, 5.99923
1.61102, 3, 3.91958, 5.99919
1.61202, 3, 3.91758, 5.99915
1.61302, 3, 3.91558, 5.99911
1.61402, 3, 3.91358, 5.99907
1.61502, 3, 3.91158, 5.99902
1.61602, 3, 3.90958, 5.99898
1.61702, 3, 3.90759, 5.99893
1.61802, 3, 3.90559, 5.99889
1.61902, 3, 3.90359, 5.99884
1.62002, 3, 3.90159, 5.99879
1.62102, 3, 3.8996, 5.99874
1.62202, 3, 3.8976, 5.99869
1.62302, 3, 3.8956, 5.99864
1.62402, 3, 3.8936, 5.99858
1.62502, 3, 3.89161, 5.99853
1.62602, 3, 3.88961, 5.99848
1.62702, 3, 3.88761, 5.99842
1.62802, 3, 3.88562, 5.99836
1.62902, 3, 3.88362, 5.99831
1.63002, 3, 3.88162, 5.99825
1.63102, 3, 3.87963, 5.99819
1.63202, 3, 3.87763, 5.99813
1.63302, 3, 3.87563, 5.99806
1.63402, 3, 3.87364, 5.998
1.63502, 3, 3.87164, 5.99794
1.63602, 3, 3.86964, 5.99787
1.63702, 3, 3.86765, 5.99781
1.63802, 3, 3.86565, 5.99774
1.63902, 3, 3.86366, 5.99767
1.64002, 3, 3.86166, 5.9976
1.64102, 3, 3.85967, 5.99754
1.64202, 3, 3.85767, 5.99746
1.64302, 3, 3.85568, 5.99739
1.64402, 3, 3.85368, 5.99732
1.64502, 3, 3.85169, 5.99725
1.64602, 3, 3.84969, 5.99717
1.64702, 3, 3.8477, 5.9971
1.64802, 3, 3.8457, 5.99702
1.64902, 3, 3.84371, 5.99694
1.65002, 3, 3.84172, 5.99686
1.65102, 3, 3.83972, 5.99678
1.65202, 3, 3.83773, 5.9967
1.65302, 3, 3.83574, 5.99662
1.65402, 3, 3.83374, 5.99654
1.65502, 3, 3.83175, 5.99646
1.65602, 3, 3.82976, 5.99637
1.65702, 3, 3.82776, 5.99628
1.65802, 3, 3.82577, 5.9962
1.65902, 3, 3.82378, 5.99611
1.66002, 3, 3.82179, 5.99602
1.66102, 3, 3.81979, 5.99593
1.66202, 3, 3.8178, 5.99584
1.66302, 3, 3.81581, 5.99575
1.66402, 3, 3.81382, 5.99566
1.66502, 3, 3.81183, 5.99556
1.66602, 3, 3.80984, 5.99547
1.66702, 3, 3.80785, 5.99537
1.66802, 3, 3.80586, 5.99528
1.66902, 3, 3.80386, 5.99518
1.67002, 3, 3.80187, 5.99508
1.67102, 3, 3.79988, 5.99498
1.67202, 3, 3.79789, 5.99488
1.67302, 3, 3.7959, 5.99478
1.67402, 3, 3.79391, 5.99468
1.67502, 3, 3.79193, 5.99457
1.67602, 3, 3.78994, 5.99447
1.67702, 3, 3.78795, 5.99436
1.67802, 3, 3.78596, 5.99426
1.67902, 3, 3.78397, 5.99415
1.68002, 3, 3.78198, 5.99404
1.68102, 3, 3.77999, 5.99393
1.68202, 3, 3.77801, 5.99382
1.68302, 3, 3.77602, 5.99371
1.68402, 3, 3.77403, 5.9936
1.68502, 3, 3.77204, 5.99348
1.68602, 3, 3.77006, 5.99337
1.68702, 3, 3.76807, 5.99325
1.68802, 3, 3.76608, 5.99314
1.68902, 3, 3.7641, 5.99302
1.69002, 3, 3.76211, 5.9929
1.69102, 3, 3.76013, 5.99278
1.69202, 3, 3.75814, 5.99266
1.69302, 3, 3.75615, 5.99254
1.69402, 3, 3.75417, 5.99242
1.69502, 3, 3.75218, 5.99229
1.69602, 3, 3.7502, 5.99217
1.69702, 3, 3.74822, 5.99204
1.69802, 3, 3.74623, 5.99192
1.69902, 3, 3.74425, 5.99179
1.70002, 3, 3.74226, 5.99166
1.70102, 3, 3.74028, 5.99153
1.70202, 3, 3.7383, 5.9914
1.70302, 3, 3.73632, 5.99127
1.70402, 3, 3.73433, 5.99114
1.70502, 3, 3.73235, 5.991
1.70602, 3, 3.73037, 5.99087
1.70702, 3, 3.72839, 5.99074
1.70802, 3, 3.72641, 5.9906
1.70902, 3, 3.72442, 5.99046
1.71002, 3, 3.72244, 5.99032
1.71102, 3, 3.72046, 5.99018
1.71202, 3, 3.71848, 5.99004
1.71302, 3, 3.7165, 5.9899
1.71402, 3, 3.71452, 5.98976
1.71502, 3, 3.71254, 5.98962
1.71602, 3, 3.71056, 5.98947
1.71702, 3, 3.70859, 5.98933
1.71802, 3, 3.70661, 5.98918
1.71902, 3, 3.70463, 5.98903
1.72002, 3, 3.70265, 5.98889
1.72102, 3, 3.70067, 5.98874
1.72202, 3, 3.6987, 5.98859
1.72302, 3, 3.69672, 5.98844
1.72402, 3, 3.69474, 5.98828
1.72502, 3, 3.69276, 5.98813
1.72602, 3, 3.69079, 5.98798
1.72702, 3, 3.68881, 5.98782
1.72802, 3, 3.68684, 5.98767
1.72902, 3, 3.68486, 5.98751
1.73002, 3, 3.68289, 5.98735
1.73102, 3, 3.68091, 5.98719
1.73202, 3, 3.67894, 5.98703
1.73302, 3, 3.67696, 5.98687
1.73403, 3, 3.67499, 5.98671
1.73503, 3, 3.67302, 5.98654
1.73603, 3, 3.67104, 5.98638
1.73703, 3, 3.66907, 5.98622
1.73803, 3, 3.6671, 5.98605
1.73903, 3, 3.66513, 5.98588
1.74003, 3, 3.66316, 5.98571
1.74103, 3, 3.66118, 5.98555
1.74203, 3, 3.65921, 5.98538
1.74303, 3, 3.65724, 5.98521
1.74403, 3, 3.65527, 5.98503
1.74503, 3, 3.6533, 5.98486
1.74603, 3, 3.65133, 5.98469
1.74703, 3, 3.64936, 5.98451
1.74803, 3, 3.64739, 5.98434
1.74903, 3, 3.64543, 5.98416
1.75003, 3, 3.64346, 5.98398
1.75103, 3, 3.64149, 5.9838
1.75203, 3, 3.63952, 5.98362
1.75303, 3, 3.63755, 5.98344
1.75403, 3, 3.63559, 5.98326
1.75503, 3, 3.63362, 5.98308
1.75603, 3, 3.63166, 5.98289
1.75703, 3, 3.62969, 5.98271
1.75803, 3, 3.62772, 5.98252
1.75903, 3, 3.62576, 5.98234
1.76003, 3, 3.62379, 5.98215
1.76103, 3, 3.62183, 5.98196
1.76203, 3, 3.61987, 5.98177
1.76303, 3, 3.6179, 5.98158
1.76403, 3, 3.61594, 5.98139
1.76503, 3, 3.61398, 5.9812
1.76603, 3, 3.61202, 5.981
1.76703, 3, 3.61005, 5.98081
1.76803, 3, 3.60809, 5.98061
1.76903, 3, 3.60613, 5.98042
1.77003, 3, 3.60417, 5.98022
1.77103, 3, 3.60221, 5.98002
1.77203, 3, 3.60025, 5.97982
1.77303, 3, 3.59829, 5.97962
1.77403, 3, 3.59633, 5.97942
1.77503, 3, 3.59437, 5.97922
1.77603, 3, 3.59241, 5.97901
1.77703, 3, 3.59046, 5.97881
1.77803, 3, 3.5885, 5.9786
1.77903, 3, 3.58654, 5.9784
1.78003, 3, 3.58458, 5.97819
1.78103, 3, 3.58263, 5.97798
1.78203, 3, 3.58067, 5.97777
1.78303, 3, 3.57872, 5.97756
1.78403, 3, 3.57676, 5.97735
1.78503, 3, 3.57481, 5.97714
1.78603, 3, 3.57285, 5.97693
1.78703, 3, 3.5709, 5.97671
1.78803, 3, 3.56895, 5.9765
1.78903, 3, 3.56699, 5.97628
1.79003, 3, 3.56504, 5.97606
1.79103, 3, 3.56309, 5.97585
1.79203, 3, 3.56114, 5.97563
1.79303, 3, 3.55919, 5.97541
1.79403, 3, 3.55724, 5.97519
1.79503, 3, 3.55529, 5.97497
1.79603, 3, 3.55334, 5.97474
1.79703, 3, 3.55139, 5.97452
1.79803, 3, 3.54944, 5.97429
1.79903, 3, 3.54749, 5.97407
1.80003, 3, 3.54554, 5.97384
1.80103, 3, 3.54359, 5.97361
1.80203, 3, 3.54165, 5.97338
1.80303, 3, 3.5397, 5.97316
1.80403, 3, 3.53775, 5.97292
1.80503, 3, 3.53581, 5.97269
1.80603, 3, 3.53386, 5.97246
1.80703, 3, 3.53192, 5.97223
1.80803, 3, 3.52997, 5.97199
1.80903, 3, 3.52803, 5.97176
1.81003, 3, 3.52609, 5.97152
1.81103, 3, 3.52414, 5.97128
1.81203, 3, 3.5222, 5.97104
1.81303, 3, 3.52026, 5.97081
1.81403, 3, 3.51832, 5.97056
1.81503, 3, 3.51638, 5.97032
1.81603, 3, 3.51444, 5.97008
1.81703, 3, 3.5125, 5.96984
1.81803, 3, 3.51056, 5.96959
1.81903, 3, 3.50862, 5.96935
1.82003, 3, 3.50668, 5.9691
1.82103, 3, 3.50474, 5.96885
1.82203, 3, 3.5028, 5.96861
1.82303, 3, 3.50087, 5.96836
1.82403, 3, 3.49893, 5.96811
1.82503, 3, 3.49699, 5.96786
1.82603, 3, 3.49506, 5.9676
1.82703, 3, 3.49312, 5.96735
1.82803, 3, 3.49119, 5.9671
1.82903, 3, 3.48925, 5.96684
1.83003, 3, 3.48732, 5.96659
1.83103, 3, 3.48539, 5.96633
1.83203, 3, 3.48346, 5.96607
1.83303, 3, 3.48152, 5.96581
1.83403, 3, 3.47959, 5.96555
1.83503, 3, 3.47766, 5.96529
1.83603, 3, 3.47573, 5.96503
1.83703, 3, 3.4738, 5.96477
1.83803, 3, 3.47187, 5.96451
1.83903, 3, 3.46994, 5.96424
1.84003, 3, 3.46801, 5.96397
1.84103, 3, 3.46609, 5.96371
1.84203, 3, 3.46416, 5.96344
1.84303, 3, 3.46223, 5.96317
1.84403, 3, 3.46031, 5.9629
1.84503, 3, 3.45838, 5.96263
1.84603, 3, 3.45646, 5.96236
1.84703, 3, 3.45453, 5.96209
1.84803, 3, 3.45261, 5.96182
1.84903, 3, 3.45068, 5.96154
1.85003, 3, 3.44876, 5.96127
1.85103, 3, 3.44684, 5.96099
1.85203, 3, 3.44492, 5.96071
1.85303, 3, 3.443, 5.96044
1.85403, 3, 3.44107, 5.96016
1.85503, 3, 3.43915, 5.95988
1.85603, 3, 3.43724, 5.9596
1.85703, 3, 3.43532, 5.95931
1.85803, 3, 3.4334, 5.95903
1.85903, 3, 3.43148, 5.95875
1.86003, 3, 3.42956, 5.95846
1.86103, 3, 3.42765, 5.95818
1.86203, 3, 3.42573, 5.95789
1.86303, 3, 3.42381, 5.9576
1.86403, 3, 3.4219, 5.95731
1.86503, 3, 3.41998, 5.95702
1.86603, 3, 3.41807, 5.95673
1.86703, 3, 3.41616, 5.95644
1.86803, 3, 3.41424, 5.95615
1.86903, 3, 3.41233, 5.95586
1.87003, 3, 3.41042, 5.95556
1.87103, 3, 3.40851, 5.95527
1.87203, 3, 3.4066, 5.95497
1.87303, 3, 3.40469, 5.95467
1.87403, 3, 3.40278, 5.95438
1.87503, 3, 3.40087, 5.95408
1.87603, 3, 3.39896, 5.95378
1.87703, 3, 3.39706, 5.95347
1.87803, 3, 3.39515, 5.95317
1.87903, 3, 3.39324, 5.95287
1.88003, 3, 3.39134, 5.95257
1.88103, 3, 3.38943, 5.95226
1.88203, 3, 3.38753, 5.95196
1.88303, 3, 3.38563, 5.95165
1.88403, 3, 3.38372, 5.95134
1.88503, 3, 3.38182, 5.95103
1.88603, 3, 3.37992, 5.95072
1.88703, 3, 3.37802, 5.95041
1.88803, 3, 3.37612, 5.9501
1.88903, 3, 3.37422, 5.94979
1.89003, 3, 3.37232, 5.94948
1.89103, 3, 3.37042, 5.94916
1.89203, 3, 3.36852, 5.94885
1.89303, 3, 3.36662, 5.94853
1.89403, 3, 3.36473, 5.94821
1.89503, 3, 3.36283, 5.94789
1.89603, 3, 3.36093, 5.94758
1.89703, 3, 3.35904, 5.94726
1.89803, 3, 3.35715, 5.94693
1.89903, 3, 3.35525, 5.94661
1.90003, 3, 3.35336, 5.94629
1.90103, 3, 3.35147, 5.94597
1.90203, 3, 3.34957, 5.94564
1.90303, 3, 3.34768, 5.94532
1.90403, 3, 3.34579, 5.94499
1.90503, 3, 3.3439, 5.94466
1.90603, 3, 3.34201, 5.94433
1.90703, 3, 3.34013, 5.944
1.90803, 3, 3.33824, 5.94367
1.90903, 3, 3.33635, 5.94334
1.91003, 3, 3.33446, 5.94301
1.91103, 3, 3.33258, 5.94268
1.91203, 3, 3.33069, 5.94234
1.91303, 3, 3.32881, 5.94201
1.91403, 3, 3.32693, 5.94167
1.91503, 3, 3.32504, 5.94133
1.91603, 3, 3.32316, 5.941
1.91703, 3, 3.32128, 5.94066
1.91803, 3, 3.3194, 5.94032
1.91903, 3, 3.31752, 5.93998
1.92003, 3, 3.31564, 5.93963
1.92103, 3, 3.31376, 5.93929
1.92203, 3, 3.31188, 5.93895
1.92303, 3, 3.31, 5.9386
1.92403, 3, 3.30813, 5.93826
1.92503, 3, 3.30625, 5.93791
1.92603, 3, 3.30437, 5.93756
1.92703, 3, 3.3025, 5.93722
1.92803, 3, 3.30062, 5.93687
1.92903, 3, 3.29875, 5.93652
1.93003, 3, 3.29688, 5.93616
1.93103, 3, 3.29501, 5.93581
1.93203, 3, 3.29313, 5.93546
1.93303, 3, 3.29126, 5.93511
1.93403, 3, 3.28939, 5.93475
1.93503, 3, 3.28753, 5.9344
1.93603, 3, 3.28566, 5.93404
1.93703, 3, 3.28379, 5.93368
1.93803, 3, 3.28192, 5.93332
1.93903, 3, 3.28006, 5.93296
1.94003, 3, 3.27819, 5.9326
1.94103, 3, 3.27632, 5.93224
1.94203, 3, 3.27446, 5.93188
1.94303, 3, 3.2726, 5.93152
1.94403, 3, 3.27073, 5.93115
1.94503, 3, 3.26887, 5.93079
1.94603, 3, 3.26701, 5.93042
1.94703, 3, 3.26515, 5.93005
1.94804, 3, 3.26329, 5.92969
1.94904, 3, 3.26143, 5.92932
1.95004, 3, 3.25957, 5.92895
1.95104, 3, 3.25772, 5.92858
1.95204, 3, 3.25586, 5.9282
1.95304, 3, 3.254, 5.92783
1.95404, 3, 3.25215, 5.92746
1.95504, 3, 3.25029, 5.92708
1.95604, 3, 3.24844, 5.92671
1.95704, 3, 3.24659, 5.92633
1.95804, 3, 3.24473, 5.92596
1.95904, 3, 3.24288, 5.92558
1.96004, 3, 3.24103, 5.9252
1.96104, 3, 3.23918, 5.92482
1.96204, 3, 3.23733, 5.92444
1.96304, 3, 3.23548, 5.92406
1.96404, 3, 3.23363, 5.92367
1.96504, 3, 3.23179, 5.92329
1.96604, 3, 3.22994, 5.9229
1.96704, 3, 3.2281, 5.92252
1.96804, 3, 3.22625, 5.92213
1.96904, 3, 3.22441, 5.92175
1.97004, 3, 3.22256, 5.92136
1.97104, 3, 3.22072, 5.92097
1.97204, 3, 3.21888, 5.92058
1.97304, 3, 3.21704, 5.92019
1.97404, 3, 3.2152, 5.91979
1.97504, 3, 3.21336, 5.9194
1.97604, 3, 3.21152, 5.91901
1.97704, 3, 3.20968, 5.91861
1.97804, 3, 3.20785, 5.91822
1.97904, 3, 3.20601, 5.91782
1.98004, 3, 3.20418, 5.91742
1.98104, 3, 3.20234, 5.91703
1.98204, 3, 3.20051, 5.91663
1.98304, 3, 3.19867, 5.91623
1.98404, 3, 3.19684, 5.91582
1.98504, 3, 3.19501, 5.91542
1.98604, 3, 3.19318, 5.91502
1.98704, 3, 3.19135, 5.91462
1.98804, 3, 3.18952, 5.91421
1.98904, 3, 3.18769, 5.91381
1.99004, 3, 3.18587, 5.9134
1.99104, 3, 3.18404, 5.91299
1.99204, 3, 3.18221, 5.91258
1.99304, 3, 3.18039, 5.91217
1.99404, 3, 3.17857, 5.91176
1.99504, 3, 3.17674, 5.91135
1.99604, 3, 3.17492, 5.91094
1.99704, 3, 3.1731, 5.91053
1.99804, 3, 3.17128, 5.91011
1.99904, 3, 3.16946, 5.9097
2.00004, 3, 3.16764, 5.90928
2.00104, 3, 3.16582, 5.90887
2.00204, 3, 3.164, 5.90845
2.00304, 3, 3.16219, 5.90803
2.00404, 3, 3.16037, 5.90761
2.00504, 3, 3.15856, 5.90719
2.00604, 3, 3.15674, 5.90677
2.00704, 3, 3.15493, 5.90635
2.00804, 3, 3.15312, 5.90592
2.00904, 3, 3.15131, 5.9055
2.01004, 3, 3.1495, 5.90508
2.01104, 3, 3.14769, 5.90465
2.01204, 3, 3.14588, 5.90422
2.01304, 3, 3.14407, 5.9038
2.01404, 3, 3.14226, 5.90337
2.01504, 3, 3.14046, 5.90294
2.01604, 3, 3.13865, 5.90251
2.01704, 3, 3.13685, 5.90208
2.01804, 3, 3.13504, 5.90164
2.01904, 3, 3.13324, 5.90121
2.02004, 3, 3.13144, 5.90078
2.02104, 3, 3.12964, 5.90034
2.02204, 3, 3.12784, 5.89991
2.02304, 3, 3.12604, 5.89947
2.02404, 3, 3.12424, 5.89903
2.02504, 3, 3.12244, 5.89859
2.02604, 3, 3.12065, 5.89816
2.02704, 3, 3.11885, 5.89772
2.02804, 3, 3.11705, 5.89727
2.02904, 3, 3.11526, 5.89683
2.03004, 3, 3.11347, 5.89639
2.03104, 3, 3.11168, 5.89595
2.03204, 3, 3.10988, 5.8955
2.03304, 3, 3.10809, 5.89506
2.03403, 3, 3.1063, 5.89461
2.03503, 3, 3.10452, 5.89416
2.03603, 3, 3.10273, 5.89371
2.03703, 3, 3.10094, 5.89327
2.03803, 3, 3.09916, 5.89282
2.03903, 3, 3.09737, 5.89236
2.04003, 3, 3.09559, 5.89191
2.04103, 3, 3.0938, 5.89146
2.04203, 3, 3.09202, 5.89101
2.04303, 3, 3.09024, 5.89055
2.04403, 3, 3.08846, 5.8901
2.04503, 3, 3.08668, 5.88964
2.04603, 3, 3.0849, 5.88918
2.04703, 3, 3.08312, 5.88873
2.04803, 3, 3.08135, 5.88827
2.04903, 3, 3.07957, 5.88781
2.05003, 3, 3.07779, 5.88735
2.05103, 3, 3.07602, 5.88689
2.05203, 3, 3.07425, 5.88642
2.05303, 3, 3.07247, 5.88596
2.05403, 3, 3.0707, 5.8855
2.05503, 3, 3.06893, 5.88503
2.05603, 3, 3.06716, 5.88456
2.05703, 3, 3.0654, 5.8841
2.05803, 3, 3.06363, 5.88363
2.05903, 3, 3.06186, 5.88316
2.06003, 3, 3.0601, 5.88269
2.06103, 3, 3.05833, 5.88222
2.06203, 3, 3.05657, 5.88175
2.06303, 3, 3.0548, 5.88128
2.06403, 3, 3.05304, 5.88081
2.06503, 3, 3.05128, 5.88033
2.06603, 3, 3.04952, 5.87986
2.06703, 3, 3.04776, 5.87938
2.06803, 3, 3.046, 5.8789
2.06903, 3, 3.04425, 5.87843
2.07003, 3, 3.04249, 5.87795
2.07103, 3, 3.04073, 5.87747
2.07203, 3, 3.03898, 5.87699
2.07303, 3, 3.03723, 5.87651
2.07403, 3, 3.03547, 5.87603
2.07503, 3, 3.03372, 5.87554
2.07603, 3, 3.03197, 5.87506
2.07703, 3, 3.03022, 5.87458
2.07803, 3, 3.02847, 5.87409
2.07903, 3, 3.02673, 5.8736
2.08003, 3, 3.02498, 5.87312
2.08103, 3, 3.02323, 5.87263
2.08203, 3, 3.02149, 5.87214
2.08303, 3, 3.01975, 5.87165
2.08403, 3, 3.018, 5.87116
2.08503, 3, 3.01626, 5.87067
2.08603, 3, 3.01452, 5.87018
2.08703, 3, 3.01278, 5.86968
2.08803, 3, 3.01104, 5.86919
2.08903, 3, 3.00931, 5.8687
2.09003, 3, 3.00757, 5.8682
2.09103, 3, 3.00583, 5.8677
2.09203, 3, 3.0041, 5.86721
2.09303, 3, 3.00236, 5.86671
2.09403, 3, 3.00063, 5.86621
2.09503, 3, 2.9989, 5.86571
2.09603, 3, 2.99717, 5.86521
2.09703, 3, 2.99544, 5.8647
2.09803, 3, 2.99371, 5.8642
2.09903, 3, 2.99198, 5.8637
2.10003, 3, 2.99026, 5.86319
2.10103, 3, 2.98853, 5.86269
2.10203, 3, 2.98681, 5.86218
2.10303, 3, 2.98508, 5.86168
2.10403, 3, 2.98336, 5.86117
2.10503, 3, 2.98164, 5.86066
2.10603, 3, 2.97992, 5.86015
2.10703, 3, 2.9782, 5.85964
2.10803, 3, 2.97648, 5.85913
2.10903, 3, 2.97476, 5.85862
2.11003, 3, 2.97304, 5.8581
2.11103, 3, 2.97133, 5.85759
2.11203, 3, 2.96961, 5.85707
2.11303, 3, 2.9679, 5.85656
2.11403, 3, 2.96619, 5.85604
2.11503, 3, 2.96448, 5.85553
2.11603, 3, 2.96277, 5.85501
2.11703, 3, 2.96106, 5.85449
2.11803, 3, 2.95935, 5.85397
2.11903, 3, 2.95764, 5.85345
2.12003, 3, 2.95593, 5.85293
2.12103, 3, 2.95423, 5.8524
2.12203, 3, 2.95253, 5.85188
2.12303, 3, 2.95082, 5.85136
2.12403, 3, 2.94912, 5.85083
2.12503, 3, 2.94742, 5.8503
2.12603, 3, 2.94572, 5.84978
2.12703, 3, 2.94402, 5.84925
2.12803, 3, 2.94232, 5.84872
2.12903, 3, 2.94063, 5.84819
2.13003, 3, 2.93893, 5.84766
2.13103, 3, 2.93724, 5.84713
2.13203, 3, 2.93554, 5.8466
2.13303, 3, 2.93385, 5.84607
2.13403, 3, 2.93216, 5.84553
2.13503, 3, 2.93047, 5.845
2.13603, 3, 2.92878, 5.84446
2.13703, 3, 2.92709, 5.84393
2.13803, 3, 2.9254, 5.84339
2.13903, 3, 2.92372, 5.84285
2.14003, 3, 2.92203, 5.84232
2.14103, 3, 2.92035, 5.84178
2.14203, 3, 2.91866, 5.84124
2.14303, 3, 2.91698, 5.84069
2.14403, 3, 2.9153, 5.84015
2.14503, 3, 2.91362, 5.83961
2.14603, 3, 2.91194, 5.83907
2.14703, 3, 2.91027, 5.83852
2.14803, 3, 2.90859, 5.83798
2.14903, 3, 2.90691, 5.83743
2.15003, 3, 2.90524, 5.83688
2.15103, 3, 2.90357, 5.83634
2.15203, 3, 2.9019, 5.83579
2.15303, 3, 2.90022, 5.83524
2.15403, 3, 2.89855, 5.83469
2.15503, 3, 2.89689, 5.83414
2.15603, 3, 2.89522, 5.83359
2.15703, 3, 2.89355, 5.83303
2.15803, 3, 2.89189, 5.83248
2.15903, 3, 2.89022, 5.83192
2.16003, 3, 2.88856, 5.83137
2.16103, 3, 2.8869, 5.83081
2.16203, 3, 2.88524, 5.83026
2.16303, 3, 2.88358, 5.8297
2.16403, 3, 2.88192, 5.82914
2.16503, 3, 2.88026, 5.82858
2.16603, 3, 2.8786, 5.82802
2.16703, 3, 2.87695, 5.82746
2.16803, 3, 2.87529, 5.8269
2.16903, 3, 2.87364, 5.82633
2.17003, 3, 2.87199, 5.82577
2.17103, 3, 2.87034, 5.82521
2.17202, 3, 2.86869, 5.82464
2.17302, 3, 2.86704, 5.82408
2.17402, 3, 2.86539, 5.82351
2.17502, 3, 2.86375, 5.82294
2.17602, 3, 2.8621, 5.82237
2.17702, 3, 2.86046, 5.8218
2.17802, 3, 2.85881, 5.82123
2.17902, 3, 2.85717, 5.82066
2.18002, 3, 2.85553, 5.82009
2.18102, 3, 2.85389, 5.81952
2.18202, 3, 2.85225, 5.81894
2.18302, 3, 2.85062, 5.81837
2.18402, 3, 2.84898, 5.81779
2.18502, 3, 2.84734, 5.81722
2.18602, 3, 2.84571, 5.81664
2.18702, 3, 2.84408, 5.81606
2.18802, 3, 2.84245, 5.81549
2.18902, 3, 2.84082, 5.81491
2.19002, 3, 2.83919, 5.81433
2.19102, 3, 2.83756, 5.81375
2.19202, 3, 2.83593, 5.81316
2.19302, 3, 2.83431, 5.81258
2.19402, 3, 2.83268, 5.812
2.19502, 3, 2.83106, 5.81142
2.19602, 3, 2.82944, 5.81083
2.19702, 3, 2.82782, 5.81024
2.19802, 3, 2.8262, 5.80966
2.19902, 3, 2.82458, 5.80907
2.20002, 3, 2.82296, 5.80848
2.20102, 3, 2.82134, 5.80789
2.20202, 3, 2.81973, 5.8073
2.20302, 3, 2.81812, 5.80671
2.20402, 3, 2.8165, 5.80612
2.20502, 3, 2.81489, 5.80553
2.20602, 3, 2.81328, 5.80494
2.20702, 3, 2.81167, 5.80434
2.20802, 3, 2.81006, 5.80375
2.20902, 3, 2.80846, 5.80315
2.21002, 3, 2.80685, 5.80256
2.21102, 3, 2.80525, 5.80196
2.21202, 3, 2.80364, 5.80136
2.21302, 3, 2.80204, 5.80076
2.21402, 3, 2.80044, 5.80017
2.21502, 3, 2.79884, 5.79957
2.21602, 3, 2.79724, 5.79896
2.21702, 3, 2.79565, 5.79836
2.21802, 3, 2.79405, 5.79776
2.21902, 3, 2.79245, 5.79716
2.22002, 3, 2.79086, 5.79655
2.22102, 3, 2.78927, 5.79595
2.22202, 3, 2.78768, 5.79534
2.22302, 3, 2.78609, 5.79474
2.22402, 3, 2.7845, 5.79413
2.22502, 3, 2.78291, 5.79352
2.22602, 3, 2.78133, 5.79291
2.22702, 3, 2.77974, 5.7923
2.22802, 3, 2.77816, 5.79169
2.22902, 3, 2.77657, 5.79108
2.23002, 3, 2.77499, 5.79047
2.23102, 3, 2.77341, 5.78985
2.23202, 3, 2.77183, 5.78924
2.23302, 3, 2.77026, 5.78863
2.23402, 3, 2.76868, 5.78801
2.23502, 3, 2.7671, 5.7874
2.23602, 3, 2.76553, 5.78678
2.23702, 3, 2.76396, 5.78616
2.23802, 3, 2.76238, 5.78554
2.23902, 3, 2.76081, 5.78492
2.24002, 3, 2.75925, 5.7843
2.24102, 3, 2.75768, 5.78368
2.24202, 3, 2.75611, 5.78306
2.24302, 3, 2.75455, 5.78244
2.24402, 3, 2.75298, 5.78182
2.24502, 3, 2.75142, 5.78119
2.24602, 3, 2.74986, 5.78057
2.24702, 3, 2.7483, 5.77994
2.24802, 3, 2.74674, 5.77932
2.24902, 3, 2.74518, 5.77869
2.25002, 3, 2.74362, 5.77806
2.25102, 3, 2.74207, 5.77743
2.25202, 3, 2.74051, 5.7768
2.25302, 3, 2.73896, 5.77617
2.25402, 3, 2.73741, 5.77554
2.25502, 3, 2.73586, 5.77491
2.25602, 3, 2.73431, 5.77428
2.25702, 3, 2.73276, 5.77364
2.25802, 3, 2.73122, 5.77301
2.25902, 3, 2.72967, 5.77238
2.26002, 3, 2.72813, 5.77174
2.26102, 3, 2.72658, 5.7711
2.26202, 3, 2.72504, 5.77047
2.26302, 3, 2.7235, 5.76983
2.26402, 3, 2.72196, 5.76919
2.26502, 3, 2.72042, 5.76855
2.26602, 3, 2.71889, 5.76791
2.26702, 3, 2.71735, 5.76727
2.26802, 3, 2.71582, 5.76663
2.26902, 3, 2.71429, 5.76599
2.27002, 3, 2.71276, 5.76534
2.27102, 3, 2.71123, 5.7647
2.27202, 3, 2.7097, 5.76405
2.27302, 3, 2.70817, 5.76341
2.27402, 3, 2.70664, 5.76276
2.27502, 3, 2.70512, 5.76212
2.27602, 3, 2.7036, 5.76147
2.27702, 3, 2.70207, 5.76082
2.27802, 3, 2.70055, 5.76017
2.27902, 3, 2.69903, 5.75952
2.28002, 3, 2.69751, 5.75887
2.28102, 3, 2.696, 5.75822
2.28202, 3, 2.69448, 5.75757
2.28302, 3, 2.69297, 5.75691
2.28402, 3, 2.69145, 5.75626
2.28502, 3, 2.68994, 5.7556
2.28602, 3, 2.68843, 5.75495
2.28702, 3, 2.68692, 5.75429
2.28802, 3, 2.68542, 5.75364
2.28902, 3, 2.68391, 5.75298
2.29002, 3, 2.6824, 5.75232
2.29102, 3, 2.6809, 5.75166
2.29202, 3, 2.6794, 5.751
2.29302, 3, 2.6779, 5.75034
2.29402, 3, 2.6764, 5.74968
2.29502, 3, 2.6749, 5.74902
2.29602, 3, 2.6734, 5.74835
2.29702, 3, 2.6719, 5.74769
2.29802, 3, 2.67041, 5.74703
2.29902, 3, 2.66892, 5.74636
2.30002, 3, 2.66742, 5.74569
2.30102, 3, 2.66593, 5.74503
2.30202, 3, 2.66444, 5.74436
2.30302, 3, 2.66296, 5.74369
2.30402, 3, 2.66147, 5.74302
2.30502, 3, 2.65998, 5.74235
2.30602, 3, 2.6585, 5.74168
2.30702, 3, 2.65702, 5.74101
2.30802, 3, 2.65554, 5.74034
2.30902, 3, 2.65406, 5.73967
2.31001, 3, 2.65258, 5.739
2.31101, 3, 2.6511, 5.73832
2.31201, 3, 2.64963, 5.73765
2.31301, 3, 2.64815, 5.73697
2.31401, 3, 2.64668, 5.73629
2.31501, 3, 2.64521, 5.73562
2.31601, 3, 2.64374, 5.73494
2.31701, 3, 2.64227, 5.73426
2.31801, 3, 2.6408, 5.73358
2.31901, 3, 2.63933, 5.7329
2.32001, 3, 2.63787, 5.73222
2.32101, 3, 2.6364, 5.73154
2.32201, 3, 2.63494, 5.73086
2.32301, 3, 2.63348, 5.73018
2.32401, 3, 2.63202, 5.72949
2.32501, 3, 2.63056, 5.72881
2.32601, 3, 2.62911, 5.72812
2.32701, 3, 2.62765, 5.72744
2.32801, 3, 2.6262, 5.72675
2.32901, 3, 2.62474, 5.72606
2.33001, 3, 2.62329, 5.72538
2.33101, 3, 2.62184, 5.72469
2.33201, 3, 2.62039, 5.724
2.33301, 3, 2.61895, 5.72331
2.33401, 3, 2.6175, 5.72262
2.33501, 3, 2.61606, 5.72192
2.33601, 3, 2.61461, 5.72123
2.33701, 3, 2.61317, 5.72054
2.33801, 3, 2.61173, 5.71985
2.33901, 3, 2.61029, 5.71915
2.34001, 3, 2.60886, 5.71846
2.34101, 3, 2.60742, 5.71776
2.34201, 3, 2.60598, 5.71706
2.34301, 3, 2.60455, 5.71637
2.34401, 3, 2.60312, 5.71567
2.34501, 3, 2.60169, 5.71497
2.34601, 3, 2.60026, 5.71427
2.34701, 3, 2.59883, 5.71357
2.34801, 3, 2.59741, 5.71287
2.34901, 3, 2.59598, 5.71217
2.35001, 3, 2.59456, 5.71146
2.35101, 3, 2.59313, 5.71076
2.35201, 3, 2.59171, 5.71006
2.35301, 3, 2.59029, 5.70935
2.35401, 3, 2.58888, 5.70865
2.35501, 3, 2.58746, 5.70794
2.35601, 3, 2.58605, 5.70724
2.35701, 3, 2.58463, 5.70653
2.35801, 3, 2.58322, 5.70582
2.35901, 3, 2.58181, 5.70511
2.36001, 3, 2.5804, 5.7044
2.36101, 3, 2.57899, 5.70369
2.36201, 3, 2.57758, 5.70298
2.36301, 3, 2.57618, 5.70227
2.36401, 3, 2.57478, 5.70156
2.36501, 3, 2.57337, 5.70085
2.36601, 3, 2.57197, 5.70013
2.36701, 3, 2.57057, 5.69942
2.36801, 3, 2.56917, 5.6987
2.36901, 3, 2.56778, 5.69799
2.37001, 3, 2.56638, 5.69727
2.37101, 3, 2.56499, 5.69655
2.37201, 3, 2.5636, 5.69584
2.37301, 3, 2.56221, 5.69512
2.37401, 3, 2.56082, 5.6944
2.37501, 3, 2.55943, 5.69368
2.37601, 3, 2.55804, 5.69296
2.37701, 3, 2.55666, 5.69224
2.37801, 3, 2.55527, 5.69151
2.37901, 3, 2.55389, 5.69079
2.38001, 3, 2.55251, 5.69007
2.38101, 3, 2.55113, 5.68934
2.38201, 3, 2.54975, 5.68862
2.38301, 3, 2.54838, 5.68789
2.38401, 3, 2.547, 5.68717
2.38501, 3, 2.54563, 5.68644
2.38601, 3, 2.54426, 5.68571
2.38701, 3, 2.54289, 5.68499
2.38801, 3, 2.54152, 5.68426
2.38901, 3, 2.54015, 5.68353
2.39001, 3, 2.53878, 5.6828
2.39101, 3, 2.53742, 5.68207
2.39201, 3, 2.53605, 5.68133
2.39301, 3, 2.53469, 5.6806
2.39401, 3, 2.53333, 5.67987
2.39501, 3, 2.53197, 5.67914
2.39601, 3, 2.53062, 5.6784
2.39701, 3, 2.52926, 5.67767
2.39801, 3, 2.52791, 5.67693
2.39901, 3, 2.52655, 5.67619
2.40001, 3, 2.5252, 5.67546
2.40101, 3, 2.52385, 5.67472
2.40201, 3, 2.5225, 5.67398
2.40301, 3, 2.52116, 5.67324
2.40401, 3, 2.51981, 5.6725
2.40501, 3, 2.51847, 5.67176
2.40601, 3, 2.51712, 5.67102
2.40701, 3, 2.51578, 5.67028
2.40801, 3, 2.51444, 5.66954
2.40901, 3, 2.5131, 5.66879
2.41001, 3, 2.51177, 5.66805
2.41101, 3, 2.51043, 5.66731
2.41201, 3, 2.5091, 5.66656
2.41301, 3, 2.50777, 5.66581
2.41401, 3, 2.50643, 5.66507
2.41501, 3, 2.50511, 5.66432
2.41601, 3, 2.50378, 5.66357
2.41701, 3, 2.50245, 5.66283
2.41801, 3, 2.50113, 5.66208
2.41901, 3, 2.4998, 5.66133
2.42001, 3, 2.49848, 5.66058
2.42101, 3, 2.49716, 5.65982
2.42201, 3, 2.49584, 5.65907
2.42301, 3, 2.49453, 5.65832
2.42401, 3, 2.49321, 5.65757
2.42501, 3, 2.4919, 5.65681
2.42601, 3, 2.49058, 5.65606
2.42701, 3, 2.48927, 5.6553
2.42801, 3, 2.48796, 5.65455
2.42901, 3, 2.48665, 5.65379
2.43001, 3, 2.48535, 5.65304
2.43101, 3, 2.48404, 5.65228
2.43201, 3, 2.48274, 5.65152
2.43301, 3, 2.48144, 5.65076
2.43401, 3, 2.48013, 5.65
2.43501, 3, 2.47884, 5.64924
2.43601, 3, 2.47754, 5.64848
2.43701, 3, 2.47624, 5.64772
2.43801, 3, 2.47495, 5.64696
2.43901, 3, 2.47365, 5.64619
2.44001, 3, 2.47236, 5.64543
2.44101, 3, 2.47107, 5.64467
2.44201, 3, 2.46978, 5.6439
2.44301, 3, 2.4685, 5.64314
2.44401, 3, 2.46721, 5.64237
2.44501, 3, 2.46593, 5.6416
2.44601, 3, 2.46465, 5.64084
2.44701, 3, 2.46336, 5.64007
2.448, 3, 2.46209, 5.6393
2.449, 3, 2.46081, 5.63853
2.45, 3, 2.45953, 5.63776
2.451, 3, 2.45826, 5.63699
2.452, 3, 2.45698, 5.63622
2.453, 3, 2.45571, 5.63545
2.454, 3, 2.45444, 5.63468
2.455, 3, 2.45317, 5.6339
2.456, 3, 2.45191, 5.63313
2.457, 3, 2.45064, 5.63235
2.458, 3, 2.44938, 5.63158
2.459, 3, 2.44811, 5.6308
2.46, 3, 2.44685, 5.63003
2.461, 3, 2.4456, 5.62925
2.462, 3, 2.44434, 5.62847
2.463, 3, 2.44308, 5.6277
2.464, 3, 2.44183, 5.62692
2.465, 3, 2.44057, 5.62614
2.466, 3, 2.43932, 5.62536
2.467, 3, 2.43807, 5.62458
2.468, 3, 2.43682, 5.6238
2.469, 3, 2.43558, 5.62301
2.47, 3, 2.43433, 5.62223
2.471, 3, 2.43309, 5.62145
2.472, 3, 2.43185, 5.62066
2.473, 3, 2.43061, 5.61988
2.474, 3, 2.42937, 5.61909
2.475, 3, 2.42813, 5.61831
2.476, 3, 2.42689, 5.61752
2.477, 3, 2.42566, 5.61674
2.478, 3, 2.42443, 5.61595
2.479, 3, 2.4232, 5.61516
2.48, 3, 2.42197, 5.61437
2.481, 3, 2.42074, 5.61358
2.482, 3, 2.41951, 5.61279
2.483, 3, 2.41829, 5.612
2.484, 3, 2.41707, 5.61121
2.485, 3, 2.41584, 5.61042
2.486, 3, 2.41462, 5.60963
2.487, 3, 2.41341, 5.60883
2.488, 3, 2.41219, 5.60804
2.489, 3, 2.41097, 5.60725
2.49, 3, 2.40976, 5.60645
2.491, 3, 2.40855, 5.60566
2.492, 3, 2.40734, 5.60486
2.493, 3, 2.40613, 5.60406
2.494, 3, 2.40492, 5.60327
2.495, 3, 2.40372, 5.60247
2.496, 3, 2.40251, 5.60167
2.497, 3, 2.40131, 5.60087
2.498, 3, 2.40011, 5.60007
2.499, 3, 2.39891, 5.59927
2.5, 3, 2.39771, 5.59847
2.501, 3, 2.39652, 5.59767
2.502, 3, 2.39532, 5.59687
2.503, 3, 2.39413, 5.59607
2.504, 3, 2.39294, 5.59526
2.505, 3, 2.39175, 5.59446
2.506, 3, 2.39056, 5.59365
2.507, 3, 2.38937, 5.59285
2.508, 3, 2.38819, 5.59204
2.509, 3, 2.387, 5.59124
2.51, 3, 2.38582, 5.59043
2.511, 3, 2.38464, 5.58962
2.512, 3, 2.38346, 5.58882
2.513, 3, 2.38229, 5.58801
2.514, 3, 2.38111, 5.5872
2.515, 3, 2.37994, 5.58639
2.516, 3, 2.37877, 5.58558
2.517, 3, 2.3776, 5.58477
2.518, 3, 2.37643, 5.58396
2.519, 3, 2.37526, 5.58314
2.52, 3, 2.3741, 5.58233
2.521, 3, 2.37293, 5.58152
2.522, 3, 2.37177, 5.5807
2.523, 3, 2.37061, 5.57989
2.524, 3, 2.36945, 5.57907
2.525, 3, 2.36829, 5.57826
2.526, 3, 2.36714, 5.57744
2.527, 3, 2.36598, 5.57663
2.528, 3, 2.36483, 5.57581
2.529, 3, 2.36368, 5.57499
2.53, 3, 2.36253, 5.57417
2.531, 3, 2.36138, 5.57335
2.532, 3, 2.36024, 5.57253
2.533, 3, 2.35909, 5.57171
2.534, 3, 2.35795, 5.57089
2.535, 3, 2.35681, 5.57007
2.536, 3, 2.35567, 5.56925
2.537, 3, 2.35453, 5.56843
2.538, 3, 2.3534, 5.56761
2.539, 3, 2.35226, 5.56678
2.54, 3, 2.35113, 5.56596
2.541, 3, 2.35, 5.56513
2.542, 3, 2.34887, 5.56431
2.543, 3, 2.34774, 5.56348
2.544, 3, 2.34662, 5.56266
2.545, 3, 2.34549, 5.56183
2.546, 3, 2.34437, 5.561
2.547, 3, 2.34325, 5.56017
2.548, 3, 2.34213, 5.55934
2.549, 3, 2.34101, 5.55852
2.55, 3, 2.3399, 5.55769
2.551, 3, 2.33878, 5.55686
2.552, 3, 2.33767, 5.55602
2.553, 3, 2.33656, 5.55519
2.554, 3, 2.33545, 5.55436
2.555, 3, 2.33434, 5.55353
2.556, 3, 2.33323, 5.5527
2.557, 3, 2.33213, 5.55186
2.558, 3, 2.33103, 5.55103
2.559, 3, 2.32993, 5.55019
2.56, 3, 2.32883, 5.54936
2.561, 3, 2.32773, 5.54852
2.562, 3, 2.32663, 5.54769
2.563, 3, 2.32554, 5.54685
2.564, 3, 2.32444, 5.54601
2.565, 3, 2.32335, 5.54517
2.566, 3, 2.32226, 5.54433
2.567, 3, 2.32118, 5.5435
2.568, 3, 2.32009, 5.54266
2.569, 3, 2.31901, 5.54182
2.57, 3, 2.31792, 5.54098
2.571, 3, 2.31684, 5.54013
2.572, 3, 2.31576, 5.53929
2.573, 3, 2.31469, 5.53845
2.574, 3, 2.31361, 5.53761
2.575, 3, 2.31253, 5.53676
2.576, 3, 2.31146, 5.53592
2.577, 3, 2.31039, 5.53508
2.578, 3, 2.30932, 5.53423
2.579, 3, 2.30825, 5.53338
2.58, 3, 2.30719, 5.53254
2.581, 3, 2.30612, 5.53169
2.582, 3, 2.30506, 5.53085
2.583, 3, 2.304, 5.53
2.584, 3, 2.30294, 5.52915
2.585, 3, 2.30189, 5.5283
2.58599, 3, 2.30083, 5.52745
2.58699, 3, 2.29978, 5.5266
2.58799, 3, 2.29872, 5.52575
2.58899, 3, 2.29767, 5.5249
2.58999, 3, 2.29662, 5.52405
2.59099, 3, 2.29558, 5.5232
2.59199, 3, 2.29453, 5.52234
2.59299, 3, 2.29349, 5.52149
2.59399, 3, 2.29245, 5.52064
2.59499, 3, 2.2914, 5.51978
2.59599, 3, 2.29037, 5.51893
2.59699, 3, 2.28933, 5.51807
2.59799, 3, 2.28829, 5.51722
2.59899, 3, 2.28726, 5.51636
2.59999, 3, 2.28623, 5.51551
2.60099, 3, 2.2852, 5.51465
2.60199, 3, 2.28417, 5.51379
2.60299, 3, 2.28314, 5.51293
2.60399, 3, 2.28212, 5.51207
2.60499, 3, 2.2811, 5.51122
2.60599, 3, 2.28007, 5.51036
2.60699, 3, 2.27905, 5.5095
2.60799, 3, 2.27804, 5.50864
2.60899, 3, 2.27702, 5.50777
2.60999, 3, 2.27601, 5.50691
2.61099, 3, 2.27499, 5.50605
2.61199, 3, 2.27398, 5.50519
2.61299, 3, 2.27297, 5.50432
2.61399, 3, 2.27196, 5.50346
2.61499, 3, 2.27096, 5.5026
2.61599, 3, 2.26995, 5.50173
2.61699, 3, 2.26895, 5.50087
2.61799, 3, 2.26795, 5.5
2.61899, 3, 2.26695, 5.49914
2.61999, 3, 2.26595, 5.49827
2.62099, 3, 2.26496, 5.4974
2.62199, 3, 2.26396, 5.49653
2.62299, 3, 2.26297, 5.49567
2.62399, 3, 2.26198, 5.4948
2.62499, 3, 2.26099, 5.49393
2.62599, 3, 2.26001, 5.49306
2.62699, 3, 2.25902, 5.49219
2.62799, 3, 2.25804, 5.49132
2.62899, 3, 2.25706, 5.49045
2.62999, 3, 2.25608, 5.48957
2.63099, 3, 2.2551, 5.4887
2.63199, 3, 2.25412, 5.48783
2.63299, 3, 2.25315, 5.48696
2.63399, 3, 2.25217, 5.48608
2.63499, 3, 2.2512, 5.48521
2.63599, 3, 2.25023, 5.48433
2.63699, 3, 2.24927, 5.48346
2.63799, 3, 2.2483, 5.48258
2.63899, 3, 2.24734, 5.48171
2.63999, 3, 2.24637, 5.48083
2.64099, 3, 2.24541, 5.47995
2.64199, 3, 2.24445, 5.47908
2.64299, 3, 2.2435, 5.4782
2.64399, 3, 2.24254, 5.47732
2.64499, 3, 2.24159, 5.47644
2.64599, 3, 2.24063, 5.47556
2.64699, 3, 2.23968, 5.47468
2.64799, 3, 2.23874, 5.4738
2.64899, 3, 2.23779, 5.47292
2.64999, 3, 2.23684, 5.47204
2.65099, 3, 2.2359, 5.47116
2.65199, 3, 2.23496, 5.47027
2.65299, 3, 2.23402, 5.46939
2.65399, 3, 2.23308, 5.46851
2.65499, 3, 2.23215, 5.46763
2.65599, 3, 2.23121, 5.46674
2.65699, 3, 2.23028, 5.46586
2.65799, 3, 2.22935, 5.46497
2.65899, 3, 2.22842, 5.46409
2.65999, 3, 2.22749, 5.4632
2.66099, 3, 2.22657, 5.46231
2.66199, 3, 2.22564, 5.46143
2.66299, 3, 2.22472, 5.46054
2.66399, 3, 2.2238, 5.45965
2.66499, 3, 2.22288, 5.45876
2.66599, 3, 2.22197, 5.45788
2.66699, 3, 2.22105, 5.45699
2.66799, 3, 2.22014, 5.4561
2.66899, 3, 2.21923, 5.45521
2.66999, 3, 2.21832, 5.45432
2.67099, 3, 2.21741, 5.45342
2.67199, 3, 2.2165, 5.45253
2.67299, 3, 2.2156, 5.45164
2.67399, 3, 2.2147, 5.45075
2.67499, 3, 2.2138, 5.44986
2.67599, 3, 2.2129, 5.44896
2.67699, 3, 2.212, 5.44807
2.67799, 3, 2.21111, 5.44718
2.67899, 3, 2.21021, 5.44628
2.67999, 3, 2.20932, 5.44539
2.68099, 3, 2.20843, 5.44449
2.68199, 3, 2.20754, 5.44359
2.68299, 3, 2.20666, 5.4427
2.68399, 3, 2.20577, 5.4418
2.68499, 3, 2.20489, 5.4409
2.68599, 3, 2.20401, 5.44001
2.68699, 3, 2.20313, 5.43911
2.68799, 3, 2.20225, 5.43821
2.68899, 3, 2.20138, 5.43731
2.68999, 3, 2.2005, 5.43641
2.69099, 3, 2.19963, 5.43551
2.69199, 3, 2.19876, 5.43461
2.69299, 3, 2.19789, 5.43371
2.69399, 3, 2.19703, 5.43281
2.69499, 3, 2.19616, 5.43191
2.69599, 3, 2.1953, 5.431
2.69699, 3, 2.19444, 5.4301
2.69799, 3, 2.19358, 5.4292
2.69899, 3, 2.19272, 5.4283
2.69999, 3, 2.19187, 5.42739
2.70099, 3, 2.19101, 5.42649
2.70199, 3, 2.19016, 5.42558
2.70299, 3, 2.18931, 5.42468
2.70399, 3, 2.18846, 5.42377
2.70499, 3, 2.18762, 5.42287
2.70599, 3, 2.18677, 5.42196
2.70699, 3, 2.18593, 5.42105
2.70799, 3, 2.18509, 5.42015
2.70899, 3, 2.18425, 5.41924
2.70999, 3, 2.18341, 5.41833
2.71099, 3, 2.18257, 5.41742
2.71199, 3, 2.18174, 5.41651
2.71299, 3, 2.18091, 5.4156
2.71399, 3, 2.18008, 5.41469
2.71499, 3, 2.17925, 5.41378
2.71599, 3, 2.17842, 5.41287
2.71699, 3, 2.1776, 5.41196
2.71799, 3, 2.17678, 5.41105
2.71899, 3, 2.17595, 5.41014
2.71999, 3, 2.17514, 5.40923
2.72099, 3, 2.17432, 5.40832
2.72199, 3, 2.1735, 5.4074
2.72299, 3, 2.17269, 5.40649
2.72398, 3, 2.17188, 5.40557
2.72498, 3, 2.17107, 5.40466
2.72598, 3, 2.17026, 5.40375
2.72698, 3, 2.16945, 5.40283
2.72798, 3, 2.16865, 5.40192
2.72898, 3, 2.16784, 5.401
2.72998, 3, 2.16704, 5.40008
2.73098, 3, 2.16624, 5.39917
2.73198, 3, 2.16545, 5.39825
2.73298, 3, 2.16465, 5.39733
2.73398, 3, 2.16386, 5.39641
2.73498, 3, 2.16307, 5.3955
2.73598, 3, 2.16228, 5.39458
2.73698, 3, 2.16149, 5.39366
2.73798, 3, 2.1607, 5.39274
2.73898, 3, 2.15992, 5.39182
2.73998, 3, 2.15913, 5.3909
2.74098, 3, 2.15835, 5.38998
2.74198, 3, 2.15757, 5.38906
2.74298, 3, 2.1568, 5.38814
2.74398, 3, 2.15602, 5.38722
2.74498, 3, 2.15525, 5.38629
2.74598, 3, 2.15448, 5.38537
2.74698, 3, 2.15371, 5.38445
2.74798, 3, 2.15294, 5.38352
2.74898, 3, 2.15217, 5.3826
2.74998, 3, 2.15141, 5.38168
2.75098, 3, 2.15065, 5.38075
2.75198, 3, 2.14989, 5.37983
2.75298, 3, 2.14913, 5.3789
2.75398, 3, 2.14837, 5.37798
2.75498, 3, 2.14761, 5.37705
2.75598, 3, 2.14686, 5.37612
2.75698, 3, 2.14611, 5.3752
2.75798, 3, 2.14536, 5.37427
2.75898, 3, 2.14461, 5.37334
2.75998, 3, 2.14387, 5.37242
2.76098, 3, 2.14312, 5.37149
2.76198, 3, 2.14238, 5.37056
2.76298, 3, 2.14164, 5.36963
2.76398, 3, 2.1409, 5.3687
2.76498, 3, 2.14017, 5.36777
2.76598, 3, 2.13943, 5.36684
2.76698, 3, 2.1387, 5.36591
2.76798, 3, 2.13797, 5.36498
2.76898, 3, 2.13724, 5.36405
2.76998, 3, 2.13651, 5.36312
2.77098, 3, 2.13579, 5.36219
2.77198, 3, 2.13506, 5.36125
2.77298, 3, 2.13434, 5.36032
2.77398, 3, 2.13362, 5.35939
2.77498, 3, 2.13291, 5.35845
2.77598, 3, 2.13219, 5.35752
2.77698, 3, 2.13148, 5.35659
2.77798, 3, 2.13076, 5.35565
2.77898, 3, 2.13005, 5.35472
2.77998, 3, 2.12934, 5.35378
2.78098, 3, 2.12864, 5.35285
2.78198, 3, 2.12793, 5.35191
2.78298, 3, 2.12723, 5.35098
2.78398, 3, 2.12653, 5.35004
2.78498, 3, 2.12583, 5.3491
2.78598, 3, 2.12513, 5.34816
2.78698, 3, 2.12444, 5.34723
2.78798, 3, 2.12374, 5.34629
2.78898, 3, 2.12305, 5.34535
2.78998, 3, 2.12236, 5.34441
2.79098, 3, 2.12168, 5.34347
2.79198, 3, 2.12099, 5.34253
2.79298, 3, 2.12031, 5.34159
2.79398, 3, 2.11962, 5.34065
2.79498, 3, 2.11894, 5.33971
2.79598, 3, 2.11826, 5.33877
2.79698, 3, 2.11759, 5.33783
2.79798, 3, 2.11691, 5.33689
2.79898, 3, 2.11624, 5.33595
2.79998, 3, 2.11557, 5.33501
2.80098, 3, 2.1149, 5.33407
2.80198, 3, 2.11423, 5.33312
2.80298, 3, 2.11357, 5.33218
2.80398, 3, 2.1129, 5.33124
2.80498, 3, 2.11224, 5.33029
2.80598, 3, 2.11158, 5.32935
2.80698, 3, 2.11093, 5.3284
2.80798, 3, 2.11027, 5.32746
2.80898, 3, 2.10962, 5.32651
2.80998, 3, 2.10896, 5.32557
2.81098, 3, 2.10831, 5.32462
2.81198, 3, 2.10767, 5.32368
2.81298, 3, 2.10702, 5.32273
2.81398, 3, 2.10637, 5.32178
2.81498, 3, 2.10573, 5.32084
2.81598, 3, 2.10509, 5.31989
2.81698, 3, 2.10445, 5.31894
2.81798, 3, 2.10382, 5.318
2.81898, 3, 2.10318, 5.31705
2.81998, 3, 2.10255, 5.3161
2.82098, 3, 2.10192, 5.31515
2.82198, 3, 2.10129, 5.3142
2.82298, 3, 2.10066, 5.31325
2.82398, 3, 2.10003, 5.3123
2.82498, 3, 2.09941, 5.31135
2.82598, 3, 2.09879, 5.3104
2.82698, 3, 2.09817, 5.30945
2.82798, 3, 2.09755, 5.3085
2.82898, 3, 2.09694, 5.30755
2.82998, 3, 2.09632, 5.3066
2.83098, 3, 2.09571, 5.30564
2.83198, 3, 2.0951, 5.30469
2.83298, 3, 2.09449, 5.30374
2.83398, 3, 2.09388, 5.30279
2.83498, 3, 2.09328, 5.30183
2.83598, 3, 2.09268, 5.30088
2.83698, 3, 2.09208, 5.29993
2.83798, 3, 2.09148, 5.29897
2.83898, 3, 2.09088, 5.29802
2.83998, 3, 2.09028, 5.29706
2.84098, 3, 2.08969, 5.29611
2.84198, 3, 2.0891, 5.29515
2.84298, 3, 2.08851, 5.2942
2.84398, 3, 2.08792, 5.29324
2.84498, 3, 2.08734, 5.29229
2.84598, 3, 2.08675, 5.29133
2.84698, 3, 2.08617, 5.29037
2.84798, 3, 2.08559, 5.28942
2.84898, 3, 2.08502, 5.28846
2.84998, 3, 2.08444, 5.2875
2.85098, 3, 2.08387, 5.28654
2.85198, 3, 2.08329, 5.28559
2.85298, 3, 2.08272, 5.28463
2.85398, 3, 2.08215, 5.28367
2.85498, 3, 2.08159, 5.28271
2.85598, 3, 2.08102, 5.28175
2.85698, 3, 2.08046, 5.28079
2.85798, 3, 2.0799, 5.27983
2.85898, 3, 2.07934, 5.27887
2.85998, 3, 2.07879, 5.27791
2.86098, 3, 2.07823, 5.27695
2.86197, 3, 2.07768, 5.27599
2.86297, 3, 2.07713, 5.27503
2.86397, 3, 2.07658, 5.27407
2.86497, 3, 2.07603, 5.2731
2.86597, 3, 2.07549, 5.27214
2.86697, 3, 2.07494, 5.27118
2.86797, 3, 2.0744, 5.27022
2.86897, 3, 2.07386, 5.26925
2.86997, 3, 2.07332, 5.26829
2.87097, 3, 2.07279, 5.26733
2.87197, 3, 2.07225, 5.26636
2.87297, 3, 2.07172, 5.2654
2.87397, 3, 2.07119, 5.26444
2.87497, 3, 2.07067, 5.26347
2.87597, 3, 2.07014, 5.26251
2.87697, 3, 2.06962, 5.26154
2.87797, 3, 2.06909, 5.26058
2.87897, 3, 2.06857, 5.25961
2.87997, 3, 2.06806, 5.25864
2.88097, 3, 2.06754, 5.25768
2.88197, 3, 2.06702, 5.25671
2.88297, 3, 2.06651, 5.25575
2.88397, 3, 2.066, 5.25478
2.88497, 3, 2.06549, 5.25381
2.88597, 3, 2.06499, 5.25284
2.88697, 3, 2.06448, 5.25188
2.88797, 3, 2.06398, 5.25091
2.88897, 3, 2.06348, 5.24994
2.88997, 3, 2.06298, 5.24897
2.89097, 3, 2.06248, 5.248
2.89197, 3, 2.06199, 5.24704
2.89297, 3, 2.06149, 5.24607
2.89397, 3, 2.061, 5.2451
2.89497, 3, 2.06051, 5.24413
2.89597, 3, 2.06003, 5.24316
2.89697, 3, 2.05954, 5.24219
2.89797, 3, 2.05906, 5.24122
2.89897, 3, 2.05858, 5.24025
2.89997, 3, 2.0581, 5.23928
2.90097, 3, 2.05762, 5.23831
2.90197, 3, 2.05714, 5.23733
2.90297, 3, 2.05667, 5.23636
2.90397, 3, 2.0562, 5.23539
2.90497, 3, 2.05573, 5.23442
2.90597, 3, 2.05526, 5.23345
2.90697, 3, 2.05479, 5.23247
2.90797, 3, 2.05433, 5.2315
2.90897, 3, 2.05387, 5.23053
2.90997, 3, 2.05341, 5.22956
2.91097, 3, 2.05295, 5.22858
2.91197, 3, 2.05249, 5.22761
2.91297, 3, 2.05204, 5.22663
2.91397, 3, 2.05159, 5.22566
2.91497, 3, 2.05114, 5.22469
2.91597, 3, 2.05069, 5.22371
2.91697, 3, 2.05024, 5.22274
2.91797, 3, 2.0498, 5.22176
2.91897, 3, 2.04936, 5.22079
2.91997, 3, 2.04892, 5.21981
2.92097, 3, 2.04848, 5.21884
2.92197, 3, 2.04804, 5.21786
2.92297, 3, 2.04761, 5.21688
2.92397, 3, 2.04717, 5.21591
2.92497, 3, 2.04674, 5.21493
2.92597, 3, 2.04631, 5.21396
2.92697, 3, 2.04589, 5.21298
2.92797, 3, 2.04546, 5.212
2.92897, 3, 2.04504, 5.21102
2.92997, 3, 2.04462, 5.21005
2.93097, 3, 2.0442, 5.20907
2.93197, 3, 2.04378, 5.20809
2.93297, 3, 2.04337, 5.20711
2.93397, 3, 2.04295, 5.20613
2.93497, 3, 2.04254, 5.20516
2.93597, 3, 2.04213, 5.20418
2.93697, 3, 2.04172, 5.2032
2.93797, 3, 2.04132, 5.20222
2.93897, 3, 2.04092, 5.20124
2.93997, 3, 2.04051, 5.20026
2.94097, 3, 2.04011, 5.19928
2.94197, 3, 2.03972, 5.1983
2.94297, 3, 2.03932, 5.19732
2.94397, 3, 2.03893, 5.19634
2.94497, 3, 2.03854, 5.19536
2.94597, 3, 2.03815, 5.19438
2.94697, 3, 2.03776, 5.1934
2.94797, 3, 2.03737, 5.19242
2.94897, 3, 2.03699, 5.19143
2.94997, 3, 2.03661, 5.19045
2.95097, 3, 2.03623, 5.18947
2.95197, 3, 2.03585, 5.18849
2.95297, 3, 2.03547, 5.18751
2.95397, 3, 2.0351, 5.18653
2.95497, 3, 2.03473, 5.18554
2.95597, 3, 2.03436, 5.18456
2.95697, 3, 2.03399, 5.18358
2.95797, 3, 2.03362, 5.18259
2.95897, 3, 2.03326, 5.18161
2.95997, 3, 2.0329, 5.18063
2.96097, 3, 2.03254, 5.17964
2.96197, 3, 2.03218, 5.17866
2.96297, 3, 2.03182, 5.17768
2.96397, 3, 2.03147, 5.17669
2.96497, 3, 2.03112, 5.17571
2.96597, 3, 2.03077, 5.17472
2.96697, 3, 2.03042, 5.17374
2.96797, 3, 2.03007, 5.17275
2.96897, 3, 2.02973, 5.17177
2.96997, 3, 2.02938, 5.17078
2.97097, 3, 2.02904, 5.1698
2.97197, 3, 2.0287, 5.16881
2.97297, 3, 2.02837, 5.16783
2.97397, 3, 2.02803, 5.16684
2.97497, 3, 2.0277, 5.16586
2.97597, 3, 2.02737, 5.16487
2.97697, 3, 2.02704, 5.16388
2.97797, 3, 2.02671, 5.1629
2.97897, 3, 2.02639, 5.16191
2.97997, 3, 2.02607, 5.16092
2.98097, 3, 2.02575, 5.15994
2.98197, 3, 2.02543, 5.15895
2.98297, 3, 2.02511, 5.15796
2.98397, 3, 2.02479, 5.15697
2.98497, 3, 2.02448, 5.15599
2.98597, 3, 2.02417, 5.155
2.98697, 3, 2.02386, 5.15401
2.98797, 3, 2.02355, 5.15302
2.98897, 3, 2.02325, 5.15204
2.98997, 3, 2.02295, 5.15105
2.99097, 3, 2.02265, 5.15006
2.99197, 3, 2.02235, 5.14907
2.99297, 3, 2.02205, 5.14808
2.99397, 3, 2.02175, 5.14709
2.99497, 3, 2.02146, 5.1461
2.99597, 3, 2.02117, 5.14511
2.99697, 3, 2.02088, 5.14412
2.99797, 3, 2.02059, 5.14313
2.99897, 3, 2.02031, 5.14214
2.99996, 3, 2.02002, 5.14115
