time x y z
0, 3, -2.32789e-07, 0
0.001, 3, 1.49329e-06, 0
0.002, 3, 6.30252e-07, 0
0.003, 3, 2.91041e-06, 0
0.004, 3, 8.64273e-06, 0
0.005, 3, 1.06139e-05, 0
0.006, 3, 1.77633e-05, 9.53674e-07
0.007, 3, 2.66389e-05, 0
0.008, 3, 3.11992e-05, 9.53674e-07
0.009, 3, 3.97657e-05, 0
0.01, 3, 4.91953e-05, 1.90735e-06
0.011, 3, 6.03509e-05, 0
0.012, 3, 7.29237e-05, -9.53674e-07
0.013, 3, 8.37704e-05, 1.90735e-06
0.014, 3, 9.86233e-05, 0
0.015, 3, 0.000112059, 9.53674e-07
0.016, 3, 0.000128329, 0
0.017, 3, 0.000146634, 9.53674e-07
0.018, 3, 0.000159452, 1.90735e-06
0.019, 3, 0.000179174, 9.53674e-07
0.02, 3, 0.000199759, 1.90735e-06
0.021, 3, 0.000219482, 1.90735e-06
0.022, 3, 0.000239758, 1.90735e-06
0.023, 3, 0.000266629, 2.86102e-06
0.024, 3, 0.000288323, 2.86102e-06
0.025, 3, 0.000310016, 3.8147e-06
0.026, 3, 0.000336887, 4.76837e-06
0.027, 3, 0.000366039, 4.76837e-06
0.028, 3, 0.000391738, 5.72205e-06
0.029, 3, 0.000422616, 5.72205e-06
0.03, 3, 0.000451768, 7.62939e-06
0.031, 3, 0.000480301, 8.58307e-06
0.032, 3, 0.000511733, 7.62939e-06
0.033, 3, 0.000545445, 9.53674e-06
0.034, 3, 0.000577431, 9.53674e-06
0.035, 3, 0.000612868, 9.53674e-06
0.036, 3, 0.00064886, 1.04904e-05
0.037, 3, 0.000684298, 1.23978e-05
0.038, 3, 0.000719118, 1.43051e-05
0.039, 3, 0.000762014, 1.43051e-05
0.04, 3, 0.000800286, 1.52588e-05
0.041, 3, 0.00084201, 1.62125e-05
0.042, 3, 0.000880836, 1.81198e-05
0.043, 3, 0.000925703, 2.00272e-05
0.044, 3, 0.000971124, 2.00272e-05
0.045, 3, 0.00101513, 2.28882e-05
0.046, 3, 0.00105913, 2.47955e-05
0.047, 3, 0.00110455, 2.47955e-05
0.048, 3, 0.00114936, 2.86102e-05
0.049, 3, 0.00119996, 2.95639e-05
0.05, 3, 0.00125111, 3.14713e-05
0.051, 3, 0.00129764, 3.43323e-05
0.052, 3, 0.00135107, 3.52859e-05
0.053, 3, 0.00140364, 3.71933e-05
0.054, 3, 0.00145966, 4.00543e-05
0.055, 3, 0.00151365, 4.1008e-05
0.056, 3, 0.00156905, 4.3869e-05
0.057, 3, 0.00162421, 4.76837e-05
0.058, 3, 0.00168134, 4.76837e-05
0.059, 3, 0.00174075, 5.14984e-05
0.06, 3, 0.00179961, 5.34058e-05
0.061, 3, 0.00186161, 5.62668e-05
0.062, 3, 0.00192015, 6.10352e-05
0.0629999, 3, 0.0019853, 6.19888e-05
0.064, 3, 0.00204643, 6.58035e-05
0.065, 3, 0.00210985, 6.96182e-05
0.066, 3, 0.00217585, 7.15256e-05
0.067, 3, 0.00224469, 7.43866e-05
0.068, 3, 0.00231156, 7.9155e-05
0.069, 3, 0.00237953, 8.2016e-05
0.07, 3, 0.00244924, 8.58307e-05
0.071, 3, 0.00252011, 8.86917e-05
0.072, 3, 0.00259209, 9.34601e-05
0.073, 3, 0.00266494, 9.72748e-05
0.074, 3, 0.00273864, 0.000101089
0.075, 3, 0.00281235, 0.000105858
0.076, 3, 0.00288606, 0.000109673
0.077, 3, 0.00296346, 0.000114441
0.078, 3, 0.0030429, 0.000118256
0.079, 3, 0.00312117, 0.000123024
0.08, 3, 0.00319888, 0.000127792
0.081, 3, 0.00328288, 0.000131607
0.082, 3, 0.00336256, 0.000139236
0.083, 3, 0.00344483, 0.000143051
0.084, 3, 0.00352711, 0.00014782
0.085, 3, 0.00361024, 0.000154495
0.086, 3, 0.00369911, 0.000159264
0.087, 3, 0.00378508, 0.000164032
0.088, 3, 0.00387308, 0.0001688
0.089, 3, 0.00395991, 0.000174522
0.09, 3, 0.00405161, 0.000181198
0.091, 3, 0.00413931, 0.000188828
0.092, 3, 0.00423015, 0.000195503
0.093, 3, 0.00432499, 0.000200272
0.094, 3, 0.00441983, 0.000207901
0.095, 3, 0.00451412, 0.000213623
0.096, 3, 0.00460896, 0.000220299
0.097, 3, 0.00470695, 0.000227928
0.098, 3, 0.00480148, 0.000234604
0.099, 3, 0.00490033, 0.000244141
0.1, 3, 0.0050009, 0.000250816
0.101, 3, 0.00509858, 0.000258446
0.102, 3, 0.00520371, 0.000265121
0.103, 3, 0.00530484, 0.000272751
0.104, 3, 0.00540825, 0.000281334
0.105, 3, 0.00551338, 0.000289917
0.106, 3, 0.00561734, 0.000296593
0.107, 3, 0.00572562, 0.000306129
0.108, 3, 0.00582989, 0.000314713
0.109, 3, 0.00593989, 0.000322342
0.11, 3, 0.006051, 0.000333786
0.111, 3, 0.00616155, 0.000340462
0.112, 3, 0.00627439, 0.000350952
0.113, 3, 0.00638753, 0.000358582
0.114, 3, 0.00649777, 0.000370979
0.115, 3, 0.00661548, 0.000377655
0.116, 3, 0.00672917, 0.000389099
0.117, 3, 0.0068457, 0.000400543
0.118, 3, 0.0069634, 0.000411034
0.119, 3, 0.00707993, 0.000421524
0.12, 3, 0.00719992, 0.000432014
0.121, 3, 0.0073199, 0.000442505
0.122, 3, 0.00744302, 0.000452995
0.123, 3, 0.00756442, 0.000464439
0.124, 3, 0.00768668, 0.000476837
0.125, 3, 0.00781436, 0.000488281
0.126, 3, 0.00793717, 0.000498772
0.127, 3, 0.00806603, 0.000511169
0.128, 3, 0.00818884, 0.000525475
0.129, 3, 0.00831966, 0.000535965
0.13, 3, 0.00844938, 0.00055027
0.131, 3, 0.0085802, 0.000562668
0.132, 3, 0.00871275, 0.000574112
0.133, 3, 0.00884327, 0.000588417
0.134, 3, 0.00897637, 0.000600815
0.135, 3, 0.00911378, 0.000614166
0.136, 3, 0.00924689, 0.000628471
0.137, 3, 0.00938313, 0.000644684
0.138, 3, 0.00952196, 0.000657082
0.139, 3, 0.0096608, 0.00067234
0.14, 3, 0.00980105, 0.000686646
0.141, 3, 0.00993988, 0.000700951
0.142, 3, 0.0100824, 0.000716209
0.143, 3, 0.0102209, 0.000732422
0.144, 3, 0.0103675, 0.000746727
0.145, 3, 0.0105117, 0.000761986
0.146, 3, 0.0106591, 0.000777245
0.147, 3, 0.0108048, 0.000793457
0.148, 3, 0.0109539, 0.000810623
0.149, 3, 0.0110993, 0.000827789
0.15, 3, 0.011251, 0.000842094
0.151, 3, 0.0114003, 0.000861168
0.152, 3, 0.0115526, 0.00087738
0.153, 3, 0.0117045, 0.000893593
0.154, 3, 0.0118588, 0.000912666
0.155, 3, 0.0120124, 0.000928879
0.156, 3, 0.0121684, 0.00094986
0.157, 3, 0.0123226, 0.000967026
0.158, 3, 0.0124826, 0.000985146
0.159, 3, 0.0126391, 0.00100517
0.16, 3, 0.0127996, 0.00102425
0.161, 3, 0.012959, 0.00104332
0.162, 3, 0.0131213, 0.00106239
0.163, 3, 0.0132858, 0.00108433
0.164, 3, 0.0134472, 0.00110149
0.165, 3, 0.0136125, 0.00112247
0.166, 3, 0.0137788, 0.00114346
0.167, 3, 0.013943, 0.00116539
0.168, 3, 0.0141106, 0.00118637
0.169, 3, 0.0142826, 0.00120735
0.17, 3, 0.0144503, 0.00122833
0.171, 3, 0.014619, 0.00124931
0.172, 3, 0.0147919, 0.00127316
0.173, 3, 0.0149641, 0.00129318
0.174, 3, 0.0151372, 0.00131702
0.175, 3, 0.0153111, 0.00134087
0.176, 3, 0.015489, 0.0013628
0.177, 3, 0.0156661, 0.00138569
0.178, 3, 0.0158432, 0.00140953
0.179, 3, 0.0160203, 0.00143433
0.18, 3, 0.0161996, 0.00145817
0.181, 3, 0.016379, 0.00148296
0.182, 3, 0.0165601, 0.00150776
0.183, 3, 0.0167452, 0.00153255
0.184, 3, 0.0169268, 0.00155735
0.185, 3, 0.0171124, 0.00158215
0.186, 3, 0.0172975, 0.0016098
0.187, 3, 0.0174837, 0.0016346
0.188, 3, 0.0176694, 0.00166225
0.189, 3, 0.017859, 0.001688
0.19, 3, 0.0180495, 0.00171566
0.191, 3, 0.0182423, 0.00174046
0.192, 3, 0.0184325, 0.00176811
0.193, 3, 0.0186239, 0.00179863
0.194, 3, 0.0188181, 0.00182533
0.195, 3, 0.0190123, 0.00185299
0.196, 3, 0.0192065, 0.00188255
0.197, 3, 0.0194015, 0.00191212
0.198, 3, 0.019604, 0.00193977
0.199, 3, 0.0198005, 0.00196934
0.2, 3, 0.0199993, 0.00199986
0.201, 3, 0.0201997, 0.00203037
0.202, 3, 0.0204048, 0.00205898
0.203, 3, 0.0206036, 0.00209045
0.204, 3, 0.0208104, 0.00212288
0.205, 3, 0.0210114, 0.00215435
0.206, 3, 0.0212181, 0.00218487
0.207, 3, 0.0214226, 0.00221825
0.208, 3, 0.0216328, 0.00224972
0.209, 3, 0.0218393, 0.00228119
0.21, 3, 0.0220486, 0.00231552
0.211, 3, 0.0222617, 0.0023489
0.212, 3, 0.0224742, 0.00238132
0.213, 3, 0.0226832, 0.00241566
0.214, 3, 0.0228988, 0.00244999
0.215, 3, 0.0231124, 0.00248623
0.216, 3, 0.0233269, 0.00251865
0.217, 3, 0.0235451, 0.00255394
0.218, 3, 0.0237609, 0.00259113
0.219, 3, 0.0239803, 0.00262547
0.22, 3, 0.024199, 0.00266266
0.221, 3, 0.0244206, 0.00269794
0.222, 3, 0.0246434, 0.00273323
0.223, 3, 0.0248647, 0.00277328
0.224, 3, 0.0250871, 0.00281048
0.225, 3, 0.0253127, 0.00284863
0.226, 3, 0.0255392, 0.00288582
0.227, 3, 0.0257656, 0.00292301
0.228, 3, 0.0259918, 0.00296307
0.229, 3, 0.0262205, 0.00300312
0.23, 3, 0.0264515, 0.00304222
0.231, 3, 0.0266803, 0.00308228
0.232, 3, 0.026913, 0.00312042
0.233, 3, 0.0271449, 0.00316238
0.234, 3, 0.027379, 0.00320244
0.235, 3, 0.0276123, 0.0032444
0.236, 3, 0.027849, 0.00328541
0.237, 3, 0.0280855, 0.00332737
0.238, 3, 0.0283219, 0.00337124
0.239, 3, 0.0285606, 0.0034132
0.24, 3, 0.0287993, 0.00345707
0.241, 3, 0.02904, 0.00349998
0.242, 3, 0.0292802, 0.00354385
0.243, 3, 0.0295258, 0.00358772
0.244, 3, 0.0297685, 0.00363064
0.245, 3, 0.0300112, 0.00367641
0.246, 3, 0.0302587, 0.00372219
0.247, 3, 0.0305046, 0.00376701
0.248, 3, 0.0307496, 0.00381374
0.249, 3, 0.0310003, 0.00385952
0.25, 3, 0.0312504, 0.0039053
0.251, 3, 0.0314988, 0.00395489
0.252, 3, 0.0317538, 0.00399876
0.253, 3, 0.0320059, 0.00404739
0.254, 3, 0.0322586, 0.00409698
0.255, 3, 0.0325133, 0.00414467
0.256, 3, 0.0327677, 0.00419331
0.257, 3, 0.033023, 0.0042448
0.258, 3, 0.0332814, 0.00429344
0.259, 3, 0.0335423, 0.00434208
0.26, 3, 0.0337973, 0.00439453
0.261, 3, 0.0340605, 0.00444508
0.262, 3, 0.0343204, 0.00449657
0.263, 3, 0.0345836, 0.00454903
0.264, 3, 0.0348474, 0.00459957
0.265, 3, 0.0351112, 0.00465202
0.266, 3, 0.0353773, 0.00470543
0.267, 3, 0.0356437, 0.00475883
0.268, 3, 0.0359107, 0.00481319
0.269, 3, 0.0361776, 0.0048666
0.27, 3, 0.0364503, 0.00492096
0.271, 3, 0.0367238, 0.00497532
0.272, 3, 0.0369939, 0.00502968
0.273, 3, 0.0372671, 0.00508499
0.274, 3, 0.0375389, 0.00514126
0.275, 3, 0.0378127, 0.00519943
0.276, 3, 0.0380873, 0.00525761
0.277, 3, 0.0383637, 0.00531387
0.278, 3, 0.0386418, 0.00537014
0.279, 3, 0.0389181, 0.00543118
0.28, 3, 0.0391994, 0.00548744
0.281, 3, 0.0394785, 0.00554752
0.282, 3, 0.0397612, 0.0056076
0.283, 3, 0.0400429, 0.00566673
0.284, 3, 0.0403273, 0.00572681
0.285, 3, 0.0406099, 0.0057869
0.286, 3, 0.0408988, 0.00584888
0.287, 3, 0.0411838, 0.00590897
0.288, 3, 0.0414727, 0.00597095
0.289, 3, 0.0417616, 0.0060339
0.29, 3, 0.0420505, 0.00609779
0.291, 3, 0.042342, 0.00616074
0.292, 3, 0.0426306, 0.00622368
0.293, 3, 0.0429232, 0.00628853
0.294, 3, 0.0432166, 0.00635242
0.295, 3, 0.0435121, 0.00641727
0.296, 3, 0.043807, 0.00648308
0.297, 3, 0.044103, 0.00654984
0.298, 3, 0.0444028, 0.00661564
0.299, 3, 0.0447002, 0.0066824
0.3, 3, 0.0450034, 0.00674915
0.301, 3, 0.0452991, 0.00681782
0.302, 3, 0.0456011, 0.00688553
0.303, 3, 0.0459031, 0.00695705
0.304, 3, 0.0462072, 0.00702286
0.305, 3, 0.0465129, 0.00709343
0.306, 3, 0.0468183, 0.00716114
0.307, 3, 0.0471243, 0.00723362
0.308, 3, 0.0474303, 0.00730419
0.309, 3, 0.0477406, 0.00737572
0.31, 3, 0.0480486, 0.00744915
0.311, 3, 0.0483629, 0.00751781
0.312, 3, 0.0486712, 0.0075922
0.313, 3, 0.0489857, 0.00766563
0.314, 3, 0.0492988, 0.00773907
0.314999, 3, 0.0496099, 0.00781536
0.315999, 3, 0.0499297, 0.00788784
0.316999, 3, 0.050243, 0.00796413
0.317999, 3, 0.050561, 0.00803947
0.318999, 3, 0.0508796, 0.00811481
0.319999, 3, 0.0511987, 0.00819206
0.320999, 3, 0.0515207, 0.00826931
0.321999, 3, 0.0518423, 0.0083456
0.322999, 3, 0.0521646, 0.00842285
0.323999, 3, 0.0524888, 0.00850105
0.324999, 3, 0.0528116, 0.00858116
0.325999, 3, 0.0531373, 0.00866127
0.326999, 3, 0.0534638, 0.00874138
0.327999, 3, 0.0537932, 0.00882149
0.328999, 3, 0.0541203, 0.00890255
0.329999, 3, 0.0544496, 0.00898457
0.330999, 3, 0.054779, 0.00906658
0.331999, 3, 0.0551141, 0.00914764
0.332999, 3, 0.0554457, 0.00923061
0.333999, 3, 0.0557794, 0.00931454
0.334999, 3, 0.0561124, 0.00939941
0.335999, 3, 0.0564449, 0.00948334
0.336999, 3, 0.0567848, 0.00956821
0.337999, 3, 0.0571193, 0.00965405
0.338999, 3, 0.0574589, 0.00973988
0.339999, 3, 0.0577994, 0.00982475
0.340999, 3, 0.0581408, 0.00991249
0.341999, 3, 0.0584801, 0.00999928
0.342999, 3, 0.0588237, 0.010088
0.343999, 3, 0.0591696, 0.0101757
0.344999, 3, 0.059512, 0.0102663
0.345999, 3, 0.0598574, 0.0103559
0.346999, 3, 0.0602056, 0.0104446
0.347999, 3, 0.0605503, 0.0105362
0.348999, 3, 0.0609002, 0.0106268
0.349999, 3, 0.0612506, 0.0107193
0.350999, 3, 0.0615976, 0.0108128
0.351999, 3, 0.0619515, 0.0109024
0.352999, 3, 0.0623042, 0.0109978
0.353999, 3, 0.0626581, 0.0110893
0.354999, 3, 0.0630091, 0.0111856
0.355999, 3, 0.0633675, 0.0112801
0.356999, 3, 0.0637233, 0.0113745
0.357999, 3, 0.0640809, 0.0114717
0.358999, 3, 0.0644385, 0.0115681
0.359999, 3, 0.0647966, 0.0116653
0.360999, 3, 0.0651581, 0.0117626
0.361999, 3, 0.0655202, 0.0118599
0.362999, 3, 0.0658841, 0.0119572
0.363999, 3, 0.0662462, 0.0120573
0.364999, 3, 0.0666132, 0.0121565
0.365999, 3, 0.0669758, 0.0122576
0.366999, 3, 0.0673436, 0.0123577
0.367999, 3, 0.0677123, 0.0124578
0.368999, 3, 0.0680781, 0.0125608
0.369999, 3, 0.0684496, 0.0126629
0.370999, 3, 0.0688177, 0.0127659
0.371999, 3, 0.0691904, 0.0128698
0.372999, 3, 0.0695659, 0.0129728
0.373999, 3, 0.0699348, 0.0130787
0.374999, 3, 0.0703112, 0.0131836
0.375999, 3, 0.0706867, 0.0132885
0.376999, 3, 0.0710627, 0.0133963
0.377999, 3, 0.0714405, 0.013504
0.378999, 3, 0.07182, 0.0136099
0.379999, 3, 0.0721983, 0.0137186
0.380999, 3, 0.0725792, 0.0138273
0.381999, 3, 0.0729618, 0.013937
0.382999, 3, 0.0733459, 0.0140448
0.383999, 3, 0.0737247, 0.0141573
0.384999, 3, 0.0741128, 0.014266
0.385999, 3, 0.0744965, 0.0143785
0.386999, 3, 0.0748848, 0.0144892
0.387999, 3, 0.0752726, 0.0146036
0.388999, 3, 0.0756586, 0.0147161
0.389999, 3, 0.0760483, 0.0148296
0.390999, 3, 0.0764383, 0.014945
0.391998, 3, 0.0768317, 0.0150595
0.392998, 3, 0.0772226, 0.0151739
0.393998, 3, 0.0776209, 0.0152903
0.394998, 3, 0.078012, 0.0154076
0.395998, 3, 0.0784091, 0.015523
0.396998, 3, 0.0788045, 0.0156422
0.397998, 3, 0.0792019, 0.0157604
0.398998, 3, 0.0796013, 0.0158787
0.399998, 3, 0.0799996, 0.0159979
0.400998, 3, 0.0803995, 0.01612
0.401998, 3, 0.0808015, 0.0162392
0.402998, 3, 0.0812034, 0.0163622
0.403998, 3, 0.0816068, 0.0164843
0.404998, 3, 0.0820107, 0.0166063
0.405998, 3, 0.0824175, 0.0167303
0.406998, 3, 0.0828249, 0.0168552
0.407998, 3, 0.0832331, 0.0169792
0.408998, 3, 0.0836393, 0.0171041
0.409998, 3, 0.0840493, 0.0172291
0.410998, 3, 0.0844595, 0.0173569
0.411998, 3, 0.0848691, 0.0174828
0.412998, 3, 0.0852853, 0.0176105
0.413998, 3, 0.0856963, 0.0177393
0.414998, 3, 0.0861088, 0.017869
0.415998, 3, 0.0865264, 0.0179977
0.416998, 3, 0.0869446, 0.0181274
0.417998, 3, 0.0873613, 0.018259
0.418998, 3, 0.0877795, 0.0183897
0.419998, 3, 0.088199, 0.0185223
0.420998, 3, 0.0886198, 0.0186539
0.421998, 3, 0.0890393, 0.0187874
0.422998, 3, 0.0894615, 0.0189209
0.423998, 3, 0.089885, 0.0190554
0.424998, 3, 0.0903155, 0.0191898
0.425998, 3, 0.090737, 0.0193272
0.426998, 3, 0.091164, 0.0194626
0.427998, 3, 0.0915916, 0.0196009
0.428998, 3, 0.0920205, 0.0197382
0.429998, 3, 0.0924478, 0.0198765
0.430998, 3, 0.0928802, 0.0200157
0.431998, 3, 0.0933108, 0.0201559
0.432998, 3, 0.0937455, 0.0202951
0.433998, 3, 0.0941762, 0.0204372
0.434998, 3, 0.0946114, 0.0205784
0.435998, 3, 0.0950475, 0.0207195
0.436998, 3, 0.0954818, 0.0208635
0.437998, 3, 0.0959227, 0.0210066
0.438998, 3, 0.0963597, 0.0211506
0.439998, 3, 0.0967986, 0.0212946
0.440998, 3, 0.0972395, 0.0214415
0.441998, 3, 0.0976818, 0.0215864
0.442998, 3, 0.0981247, 0.0217333
0.443998, 3, 0.098567, 0.0218821
0.444998, 3, 0.0990108, 0.022028
0.445998, 3, 0.0994588, 0.0221786
0.446998, 3, 0.0999034, 0.0223284
0.447998, 3, 0.100352, 0.0224771
0.448998, 3, 0.100798, 0.0226288
0.449998, 3, 0.101246, 0.0227823
0.450998, 3, 0.101699, 0.022933
0.451998, 3, 0.102151, 0.0230865
0.452998, 3, 0.102604, 0.0232391
0.453998, 3, 0.103057, 0.0233927
0.454998, 3, 0.10351, 0.0235481
0.455998, 3, 0.103968, 0.0237045
0.456998, 3, 0.104422, 0.0238619
0.457998, 3, 0.104882, 0.0240183
0.458998, 3, 0.10534, 0.0241747
0.459998, 3, 0.105799, 0.024333
0.460998, 3, 0.106258, 0.0244923
0.461998, 3, 0.106719, 0.0246534
0.462998, 3, 0.107183, 0.0248137
0.463998, 3, 0.107648, 0.0249729
0.464998, 3, 0.108112, 0.025136
0.465998, 3, 0.108578, 0.0252981
0.466998, 3, 0.109044, 0.0254602
0.467998, 3, 0.109512, 0.0256243
0.468998, 3, 0.109979, 0.0257902
0.469997, 3, 0.110449, 0.0259552
0.470997, 3, 0.110917, 0.0261211
0.471997, 3, 0.111391, 0.026288
0.472997, 3, 0.111863, 0.0264549
0.473997, 3, 0.112336, 0.0266247
0.474997, 3, 0.112813, 0.0267925
0.475997, 3, 0.113287, 0.0269623
0.476997, 3, 0.113763, 0.027132
0.477997, 3, 0.114242, 0.0273018
0.478997, 3, 0.11472, 0.0274744
0.479997, 3, 0.115198, 0.027647
0.480997, 3, 0.115681, 0.0278196
0.481997, 3, 0.116159, 0.0279961
0.482997, 3, 0.116644, 0.0281687
0.483997, 3, 0.117128, 0.0283432
0.484997, 3, 0.117611, 0.0285215
0.485997, 3, 0.118099, 0.028697
0.486997, 3, 0.118584, 0.0288734
0.487997, 3, 0.119071, 0.0290537
0.488997, 3, 0.11956, 0.029232
0.489997, 3, 0.12005, 0.0294123
0.490997, 3, 0.120541, 0.0295916
0.491997, 3, 0.121032, 0.0297728
0.492997, 3, 0.121524, 0.0299549
0.493997, 3, 0.122018, 0.0301371
0.494997, 3, 0.122509, 0.0303221
0.495997, 3, 0.123007, 0.0305061
0.496997, 3, 0.123502, 0.0306902
0.497997, 3, 0.123998, 0.0308762
0.498997, 3, 0.124502, 0.0310602
0.499997, 3, 0.125001, 0.031249
0.500997, 3, 0.1255, 0.031436
0.501997, 3, 0.126001, 0.0316257
0.502997, 3, 0.126504, 0.0318146
0.503997, 3, 0.127007, 0.0320044
0.504997, 3, 0.127512, 0.032197
0.505997, 3, 0.128019, 0.0323868
0.506997, 3, 0.128522, 0.0325813
0.507997, 3, 0.129032, 0.032773
0.508997, 3, 0.129539, 0.0329676
0.509997, 3, 0.130048, 0.0331602
0.510997, 3, 0.130558, 0.0333576
0.511997, 3, 0.131069, 0.033556
0.512997, 3, 0.131586, 0.0337505
0.513997, 3, 0.132097, 0.0339479
0.514997, 3, 0.132614, 0.0341463
0.515997, 3, 0.133127, 0.0343466
0.516997, 3, 0.133643, 0.0345459
0.517997, 3, 0.134158, 0.0347462
0.518997, 3, 0.134677, 0.0349493
0.519997, 3, 0.135197, 0.0351505
0.520997, 3, 0.135719, 0.0353556
0.521997, 3, 0.136239, 0.0355587
0.522997, 3, 0.136761, 0.0357647
0.523997, 3, 0.137283, 0.0359688
0.524997, 3, 0.13781, 0.0361757
0.525997, 3, 0.138336, 0.0363827
0.526997, 3, 0.138863, 0.0365896
0.527997, 3, 0.139389, 0.0367994
0.528997, 3, 0.139919, 0.0370073
0.529997, 3, 0.140445, 0.037219
0.530997, 3, 0.140977, 0.0374298
0.531997, 3, 0.141509, 0.0376425
0.532997, 3, 0.142045, 0.0378532
0.533997, 3, 0.142578, 0.0380678
0.534997, 3, 0.143111, 0.0382814
0.535997, 3, 0.143645, 0.038497
0.536997, 3, 0.144184, 0.0387115
0.537997, 3, 0.144719, 0.0389299
0.538997, 3, 0.145259, 0.0391464
0.539997, 3, 0.145797, 0.0393639
0.540997, 3, 0.146339, 0.0395823
0.541997, 3, 0.146883, 0.0398035
0.542997, 3, 0.147421, 0.0400257
0.543997, 3, 0.147966, 0.040247
0.544997, 3, 0.148512, 0.0404673
0.545997, 3, 0.149057, 0.0406933
0.546997, 3, 0.149603, 0.0409155
0.547997, 3, 0.150151, 0.0411406
0.548997, 3, 0.1507, 0.0413647
0.549996, 3, 0.15125, 0.0415916
0.550996, 3, 0.1518, 0.0418196
0.551996, 3, 0.152351, 0.0420485
0.552996, 3, 0.152902, 0.0422783
0.553996, 3, 0.153455, 0.0425081
0.554996, 3, 0.154009, 0.042737
0.555996, 3, 0.154566, 0.0429697
0.556996, 3, 0.155122, 0.0432014
0.557996, 3, 0.155678, 0.0434351
0.558996, 3, 0.156237, 0.0436678
0.559996, 3, 0.156798, 0.0439024
0.560996, 3, 0.157357, 0.0441389
0.561996, 3, 0.157921, 0.0443754
0.562996, 3, 0.158481, 0.044611
0.563996, 3, 0.159048, 0.0448503
0.564996, 3, 0.159611, 0.0450897
0.565996, 3, 0.160176, 0.045331
0.566996, 3, 0.160744, 0.0455704
0.567996, 3, 0.161309, 0.0458126
0.568996, 3, 0.161879, 0.0460529
0.569996, 3, 0.162447, 0.0462971
0.570996, 3, 0.163019, 0.0465393
0.571996, 3, 0.163592, 0.0467854
0.572996, 3, 0.164162, 0.0470333
0.573996, 3, 0.164734, 0.0472784
0.574996, 3, 0.165311, 0.0475254
0.575996, 3, 0.165884, 0.0477753
0.576996, 3, 0.166461, 0.0480251
0.577996, 3, 0.167039, 0.048275
0.578996, 3, 0.167616, 0.0485258
0.579996, 3, 0.168197, 0.0487776
0.580996, 3, 0.168777, 0.0490322
0.581996, 3, 0.16936, 0.049284
0.582996, 3, 0.169942, 0.0495386
0.583996, 3, 0.170526, 0.0497913
0.584996, 3, 0.171111, 0.0500488
0.585996, 3, 0.171695, 0.0503073
0.586996, 3, 0.172283, 0.0505648
0.587996, 3, 0.172872, 0.0508213
0.588996, 3, 0.173455, 0.0510845
0.589996, 3, 0.174048, 0.0513439
0.590996, 3, 0.174638, 0.0516043
0.591996, 3, 0.175231, 0.0518675
0.592996, 3, 0.175822, 0.0521307
0.593996, 3, 0.176417, 0.0523939
0.594996, 3, 0.17701, 0.05266
0.595996, 3, 0.177607, 0.052927
0.596996, 3, 0.178203, 0.0531931
0.597996, 3, 0.178798, 0.0534611
0.598996, 3, 0.179398, 0.0537291
0.599996, 3, 0.179997, 0.053998
0.600996, 3, 0.180599, 0.0542679
0.601996, 3, 0.181199, 0.0545406
0.602996, 3, 0.181805, 0.0548115
0.603996, 3, 0.182407, 0.0550861
0.604996, 3, 0.183011, 0.0553608
0.605996, 3, 0.183615, 0.0556345
0.606996, 3, 0.184222, 0.0559111
0.607996, 3, 0.184829, 0.0561867
0.608996, 3, 0.185436, 0.0564661
0.609996, 3, 0.186047, 0.0567436
0.610996, 3, 0.186659, 0.057024
0.611996, 3, 0.187269, 0.0573044
0.612996, 3, 0.187883, 0.0575838
0.613996, 3, 0.188496, 0.0578661
0.614996, 3, 0.18911, 0.0581493
0.615996, 3, 0.189724, 0.0584335
0.616996, 3, 0.19034, 0.0587206
0.617996, 3, 0.190957, 0.0590067
0.618996, 3, 0.191576, 0.0592937
0.619996, 3, 0.192196, 0.0595818
0.620996, 3, 0.192815, 0.0598707
0.621996, 3, 0.193439, 0.0601587
0.622996, 3, 0.19406, 0.0604496
0.623996, 3, 0.194687, 0.0607405
0.624996, 3, 0.195308, 0.0610332
0.625996, 3, 0.195933, 0.061327
0.626996, 3, 0.19656, 0.0616226
0.627995, 3, 0.19719, 0.0619164
0.628995, 3, 0.19782, 0.0622129
0.629995, 3, 0.198447, 0.0625114
0.630995, 3, 0.199077, 0.062808
0.631995, 3, 0.19971, 0.0631075
0.632995, 3, 0.200343, 0.0634079
0.633995, 3, 0.200976, 0.0637083
0.634995, 3, 0.201609, 0.0640106
0.635995, 3, 0.202246, 0.0643129
0.636995, 3, 0.202881, 0.0646181
0.637995, 3, 0.20352, 0.0649223
0.638995, 3, 0.204156, 0.0652294
0.639995, 3, 0.204799, 0.0655336
0.640995, 3, 0.205438, 0.0658426
0.641995, 3, 0.206078, 0.0661516
0.642995, 3, 0.206721, 0.0664606
0.643995, 3, 0.207366, 0.0667706
0.644995, 3, 0.208006, 0.0670824
0.645995, 3, 0.208652, 0.0673962
0.646995, 3, 0.209299, 0.067709
0.647995, 3, 0.209947, 0.0680227
0.648995, 3, 0.210597, 0.0683384
0.649995, 3, 0.211248, 0.068655
0.650995, 3, 0.211897, 0.0689716
0.651995, 3, 0.212551, 0.0692902
0.652995, 3, 0.213199, 0.0696096
0.653995, 3, 0.213856, 0.0699301
0.654995, 3, 0.21451, 0.0702515
0.655995, 3, 0.215167, 0.0705719
0.656995, 3, 0.215822, 0.0708952
0.657995, 3, 0.216477, 0.0712223
0.658995, 3, 0.217137, 0.0715456
0.659995, 3, 0.217799, 0.0718718
0.660995, 3, 0.218455, 0.0721998
0.661995, 3, 0.219121, 0.0725279
0.662995, 3, 0.219779, 0.0728579
0.663995, 3, 0.220445, 0.0731859
0.664995, 3, 0.22111, 0.0735178
0.665995, 3, 0.221776, 0.0738506
0.666995, 3, 0.222443, 0.0741825
0.667995, 3, 0.223109, 0.0745182
0.668995, 3, 0.223776, 0.0748529
0.669995, 3, 0.224447, 0.0751896
0.670995, 3, 0.225118, 0.0755253
0.671995, 3, 0.225789, 0.0758648
0.672995, 3, 0.22646, 0.0762043
0.673995, 3, 0.227135, 0.0765429
0.674995, 3, 0.227809, 0.0768843
0.675995, 3, 0.228484, 0.0772285
0.676995, 3, 0.229161, 0.07757
0.677995, 3, 0.229839, 0.0779142
0.678995, 3, 0.230516, 0.0782595
0.679995, 3, 0.231194, 0.0786047
0.680995, 3, 0.231874, 0.0789537
0.681995, 3, 0.232558, 0.0793018
0.682995, 3, 0.23324, 0.0796518
0.683995, 3, 0.233924, 0.0800009
0.684995, 3, 0.234609, 0.0803528
0.685995, 3, 0.235296, 0.0807037
0.686995, 3, 0.235982, 0.0810575
0.687995, 3, 0.236666, 0.0814142
0.688995, 3, 0.237358, 0.081769
0.689995, 3, 0.238043, 0.0821276
0.690995, 3, 0.238737, 0.0824823
0.691995, 3, 0.239429, 0.08284
0.692995, 3, 0.240119, 0.0832014
0.693995, 3, 0.240816, 0.08356
0.694995, 3, 0.241506, 0.0839252
0.695995, 3, 0.242205, 0.0842867
0.696995, 3, 0.2429, 0.08465
0.697995, 3, 0.243597, 0.0850172
0.698995, 3, 0.244294, 0.0853806
0.699995, 3, 0.244997, 0.0857487
0.700995, 3, 0.245696, 0.0861149
0.701995, 3, 0.246396, 0.0864868
0.702995, 3, 0.247101, 0.0868549
0.703995, 3, 0.247805, 0.087225
0.704994, 3, 0.248508, 0.0875988
0.705994, 3, 0.249215, 0.0879717
0.706994, 3, 0.249923, 0.0883446
0.707994, 3, 0.250627, 0.0887222
0.708994, 3, 0.251339, 0.089097
0.709994, 3, 0.252044, 0.0894756
0.710994, 3, 0.252758, 0.0898542
0.711994, 3, 0.253468, 0.0902328
0.712994, 3, 0.254181, 0.0906134
0.713994, 3, 0.254896, 0.0909948
0.714994, 3, 0.255607, 0.0913792
0.715994, 3, 0.256325, 0.0917625
0.716994, 3, 0.257041, 0.0921497
0.717994, 3, 0.257759, 0.092535
0.718994, 3, 0.258478, 0.0929203
0.719994, 3, 0.259195, 0.0933104
0.720994, 3, 0.259917, 0.0936975
0.721994, 3, 0.260638, 0.0940895
0.722994, 3, 0.261359, 0.0944815
0.723994, 3, 0.262083, 0.0948734
0.724994, 3, 0.262806, 0.0952682
0.725994, 3, 0.263533, 0.0956612
0.726994, 3, 0.264263, 0.096056
0.727994, 3, 0.264989, 0.0964537
0.728994, 3, 0.265716, 0.0968523
0.729994, 3, 0.266445, 0.0972519
0.730994, 3, 0.267173, 0.0976524
0.731994, 3, 0.267909, 0.098053
0.732994, 3, 0.26864, 0.0984564
0.733994, 3, 0.269374, 0.0988598
0.734994, 3, 0.27011, 0.0992651
0.735994, 3, 0.270844, 0.0996704
0.736994, 3, 0.271579, 0.100077
0.737994, 3, 0.272317, 0.100484
0.738994, 3, 0.273056, 0.100893
0.739994, 3, 0.273796, 0.101304
0.740994, 3, 0.274535, 0.101715
0.741994, 3, 0.275278, 0.102126
0.742994, 3, 0.27602, 0.102543
0.743994, 3, 0.276765, 0.102956
0.744994, 3, 0.27751, 0.103371
0.745994, 3, 0.278253, 0.103787
0.746994, 3, 0.279, 0.104206
0.747994, 3, 0.279747, 0.104623
0.748994, 3, 0.280496, 0.105043
0.749994, 3, 0.281246, 0.105466
0.750994, 3, 0.281994, 0.105889
0.751994, 3, 0.282746, 0.106312
0.752994, 3, 0.283499, 0.106736
0.753994, 3, 0.284254, 0.107164
0.754994, 3, 0.285007, 0.107591
0.755994, 3, 0.285761, 0.108019
0.756994, 3, 0.28652, 0.108447
0.757994, 3, 0.287279, 0.108877
0.758994, 3, 0.288036, 0.109308
0.759994, 3, 0.288793, 0.109742
0.760994, 3, 0.289556, 0.110177
0.761994, 3, 0.290315, 0.110611
0.762994, 3, 0.29108, 0.111047
0.763994, 3, 0.291845, 0.111483
0.764994, 3, 0.292609, 0.111923
0.765994, 3, 0.293374, 0.11236
0.766994, 3, 0.29414, 0.112803
0.767994, 3, 0.294907, 0.113243
0.768994, 3, 0.295675, 0.113686
0.769994, 3, 0.296448, 0.114129
0.770994, 3, 0.297218, 0.114575
0.771994, 3, 0.297988, 0.115023
0.772994, 3, 0.29876, 0.11547
0.773994, 3, 0.299531, 0.115917
0.774994, 3, 0.300308, 0.116368
0.775994, 3, 0.301081, 0.116819
0.776994, 3, 0.301859, 0.117272
0.777994, 3, 0.302639, 0.117723
0.778994, 3, 0.303416, 0.118178
0.779994, 3, 0.304195, 0.118635
0.780994, 3, 0.304974, 0.119092
0.781994, 3, 0.305758, 0.119549
0.782993, 3, 0.306538, 0.120009
0.783993, 3, 0.307322, 0.120471
0.784993, 3, 0.308106, 0.120931
0.785993, 3, 0.308891, 0.121395
0.786993, 3, 0.309679, 0.121858
0.787993, 3, 0.310466, 0.122323
0.788993, 3, 0.311256, 0.122788
0.789993, 3, 0.312048, 0.123257
0.790993, 3, 0.312834, 0.123725
0.791993, 3, 0.313627, 0.124195
0.792993, 3, 0.314417, 0.124665
0.793993, 3, 0.315215, 0.125136
0.794993, 3, 0.316008, 0.125612
0.795993, 3, 0.316803, 0.126086
0.796993, 3, 0.317601, 0.126561
0.797993, 3, 0.318397, 0.127038
0.798993, 3, 0.319195, 0.127517
0.799993, 3, 0.319992, 0.127997
0.800993, 3, 0.320795, 0.128477
0.801993, 3, 0.321598, 0.128959
0.802993, 3, 0.322401, 0.129441
0.803993, 3, 0.323202, 0.129926
0.804993, 3, 0.324009, 0.130411
0.805993, 3, 0.324814, 0.130898
0.806993, 3, 0.325618, 0.131386
0.807993, 3, 0.326425, 0.131873
0.808993, 3, 0.327235, 0.132364
0.809993, 3, 0.328046, 0.132856
0.810993, 3, 0.328854, 0.13335
0.811993, 3, 0.329668, 0.133843
0.812993, 3, 0.330479, 0.134338
0.813993, 3, 0.331294, 0.134835
0.814993, 3, 0.332107, 0.135334
0.815993, 3, 0.33292, 0.135831
0.816993, 3, 0.333739, 0.136333
0.817993, 3, 0.334554, 0.136831
0.818993, 3, 0.335374, 0.137335
0.819993, 3, 0.336193, 0.137837
0.820993, 3, 0.337015, 0.138344
0.821993, 3, 0.337835, 0.138851
0.822993, 3, 0.338658, 0.139356
0.823993, 3, 0.33948, 0.139864
0.824993, 3, 0.340307, 0.140375
0.825993, 3, 0.341131, 0.140886
0.826993, 3, 0.341957, 0.141398
0.827993, 3, 0.342789, 0.141912
0.828993, 3, 0.343617, 0.142426
0.829993, 3, 0.344442, 0.142942
0.830993, 3, 0.345274, 0.143461
0.831993, 3, 0.346106, 0.14398
0.832993, 3, 0.346939, 0.144498
0.833993, 3, 0.347771, 0.14502
0.834993, 3, 0.348606, 0.145543
0.835993, 3, 0.349442, 0.146065
0.836993, 3, 0.350277, 0.146591
0.837993, 3, 0.351118, 0.147117
0.838993, 3, 0.351953, 0.147645
0.839993, 3, 0.352796, 0.148171
0.840993, 3, 0.353632, 0.148703
0.841993, 3, 0.354479, 0.149232
0.842993, 3, 0.355317, 0.149766
0.843993, 3, 0.35616, 0.150298
0.844993, 3, 0.357005, 0.150834
0.845993, 3, 0.357851, 0.151369
0.846993, 3, 0.358698, 0.151908
0.847993, 3, 0.359545, 0.152447
0.848993, 3, 0.360395, 0.152986
0.849993, 3, 0.361245, 0.153527
0.850993, 3, 0.362094, 0.15407
0.851993, 3, 0.362943, 0.154616
0.852993, 3, 0.3638, 0.15516
0.853993, 3, 0.364654, 0.155704
0.854993, 3, 0.365506, 0.156252
0.855993, 3, 0.366361, 0.1568
0.856993, 3, 0.367217, 0.157352
0.857993, 3, 0.368074, 0.157906
0.858993, 3, 0.368936, 0.158454
0.859993, 3, 0.369792, 0.15901
0.860992, 3, 0.370655, 0.159564
0.861992, 3, 0.371515, 0.160122
0.862992, 3, 0.372379, 0.16068
0.863992, 3, 0.373241, 0.16124
0.864992, 3, 0.374106, 0.161798
0.865992, 3, 0.374973, 0.162362
0.866992, 3, 0.375836, 0.162923
0.867992, 3, 0.376707, 0.163489
0.868992, 3, 0.377574, 0.164053
0.869992, 3, 0.378444, 0.16462
0.870992, 3, 0.379316, 0.16519
0.871992, 3, 0.380182, 0.165762
0.872992, 3, 0.381057, 0.166329
0.873992, 3, 0.381932, 0.166903
0.874992, 3, 0.382806, 0.167478
0.875992, 3, 0.383682, 0.168052
0.876992, 3, 0.384557, 0.168627
0.877992, 3, 0.385433, 0.169205
0.878992, 3, 0.386313, 0.169784
0.879992, 3, 0.387193, 0.170363
0.880992, 3, 0.388075, 0.170945
0.881992, 3, 0.388955, 0.171527
0.882992, 3, 0.389841, 0.172111
0.883992, 3, 0.390719, 0.172697
0.884992, 3, 0.391606, 0.173285
0.885992, 3, 0.39249, 0.173874
0.886992, 3, 0.393378, 0.174459
0.887992, 3, 0.394263, 0.175053
0.888992, 3, 0.395153, 0.175643
0.889992, 3, 0.396042, 0.176238
0.890992, 3, 0.396931, 0.176833
0.891992, 3, 0.397825, 0.17743
0.892992, 3, 0.398717, 0.178026
0.893992, 3, 0.399611, 0.178622
0.894992, 3, 0.400501, 0.179227
0.895992, 3, 0.4014, 0.179826
0.896992, 3, 0.402299, 0.180429
0.897992, 3, 0.403192, 0.181034
0.898992, 3, 0.404095, 0.181638
0.899992, 3, 0.404993, 0.182246
0.900992, 3, 0.405893, 0.182854
0.901992, 3, 0.406792, 0.183463
0.902992, 3, 0.407697, 0.184072
0.903992, 3, 0.408602, 0.184686
0.904992, 3, 0.409505, 0.185299
0.905992, 3, 0.410411, 0.185914
0.906992, 3, 0.411316, 0.18653
0.907992, 3, 0.412226, 0.187148
0.908992, 3, 0.413131, 0.187768
0.909992, 3, 0.414043, 0.188389
0.910992, 3, 0.414953, 0.189009
0.911992, 3, 0.415863, 0.189633
0.912992, 3, 0.416777, 0.190258
0.913992, 3, 0.417692, 0.190882
0.914992, 3, 0.418603, 0.19151
0.915992, 3, 0.419518, 0.19214
0.916992, 3, 0.420437, 0.192768
0.917992, 3, 0.421355, 0.193399
0.918992, 3, 0.422271, 0.194033
0.919992, 3, 0.423189, 0.194668
0.920992, 3, 0.424111, 0.195303
0.921992, 3, 0.425032, 0.195939
0.922992, 3, 0.425956, 0.196577
0.923992, 3, 0.426882, 0.197216
0.924992, 3, 0.427808, 0.197856
0.925992, 3, 0.42873, 0.198499
0.926992, 3, 0.429657, 0.199143
0.927992, 3, 0.430583, 0.199788
0.928992, 3, 0.431514, 0.200436
0.929992, 3, 0.432443, 0.201082
0.930992, 3, 0.433375, 0.201733
0.931992, 3, 0.434305, 0.202384
0.932992, 3, 0.435237, 0.203036
0.933992, 3, 0.43617, 0.203691
0.934992, 3, 0.437105, 0.204347
0.935992, 3, 0.438042, 0.205
0.936992, 3, 0.438976, 0.205659
0.937991, 3, 0.439916, 0.206317
0.938991, 3, 0.440851, 0.206978
0.939991, 3, 0.44179, 0.20764
0.940991, 3, 0.442732, 0.208302
0.941991, 3, 0.443677, 0.208969
0.942991, 3, 0.444615, 0.209636
0.943991, 3, 0.44556, 0.210301
0.944991, 3, 0.446502, 0.210972
0.945991, 3, 0.44745, 0.21164
0.946991, 3, 0.448395, 0.212316
0.947991, 3, 0.449344, 0.212987
0.948991, 3, 0.450292, 0.213662
0.949991, 3, 0.451243, 0.214338
0.950991, 3, 0.452193, 0.215014
0.951991, 3, 0.453144, 0.215695
0.952991, 3, 0.454096, 0.216373
0.953991, 3, 0.45505, 0.217055
0.954991, 3, 0.456002, 0.21774
0.955991, 3, 0.456959, 0.218425
0.956991, 3, 0.457917, 0.21911
0.957991, 3, 0.458874, 0.219798
0.958991, 3, 0.459833, 0.220488
0.959991, 3, 0.460791, 0.221178
0.960991, 3, 0.461752, 0.221869
0.961991, 3, 0.462714, 0.222563
0.962991, 3, 0.463676, 0.223259
0.963991, 3, 0.464637, 0.223954
0.964991, 3, 0.465605, 0.224651
0.965991, 3, 0.466568, 0.225351
0.966991, 3, 0.467538, 0.226051
0.967991, 3, 0.468503, 0.226754
0.968991, 3, 0.469472, 0.227458
0.969991, 3, 0.47044, 0.228162
0.970991, 3, 0.471411, 0.228869
0.971991, 3, 0.472382, 0.229575
0.972991, 3, 0.473357, 0.230286
0.973991, 3, 0.47433, 0.230996
0.974991, 3, 0.475305, 0.231709
0.975991, 3, 0.476281, 0.232421
0.976991, 3, 0.477257, 0.233136
0.977991, 3, 0.478232, 0.233854
0.978991, 3, 0.479214, 0.234571
0.979991, 3, 0.480194, 0.235291
0.980991, 3, 0.481172, 0.236013
0.981991, 3, 0.482152, 0.236736
0.982991, 3, 0.483134, 0.23746
0.983991, 3, 0.484118, 0.238183
0.984991, 3, 0.485103, 0.238911
0.985991, 3, 0.486089, 0.239639
0.986991, 3, 0.487074, 0.240371
0.987991, 3, 0.488064, 0.241099
0.988991, 3, 0.48905, 0.241835
0.989991, 3, 0.490039, 0.24257
0.990991, 3, 0.491028, 0.243304
0.991991, 3, 0.492023, 0.24404
0.992991, 3, 0.493014, 0.244781
0.993991, 3, 0.494008, 0.245521
0.994991, 3, 0.495002, 0.246262
0.995991, 3, 0.496001, 0.247005
0.996991, 3, 0.496996, 0.247749
0.997991, 3, 0.497992, 0.248496
0.998991, 3, 0.498992, 0.249245
0.999991, 3, 0.49999, 0.249992
1.00099, 3, 0.500994, 0.250743
1.00199, 3, 0.501993, 0.251496
1.00299, 3, 0.502993, 0.252251
1.00399, 3, 0.503999, 0.253004
1.00499, 3, 0.505002, 0.253762
1.00599, 3, 0.506009, 0.254519
1.00699, 3, 0.507014, 0.25528
1.00799, 3, 0.508025, 0.25604
1.00899, 3, 0.509034, 0.256803
1.00999, 3, 0.510041, 0.257568
1.01099, 3, 0.511054, 0.258333
1.01199, 3, 0.512063, 0.259102
1.01299, 3, 0.513076, 0.25987
1.01399, 3, 0.514089, 0.26064
1.01499, 3, 0.515107, 0.261413
1.01599, 3, 0.516119, 0.262185
1.01699, 3, 0.517135, 0.26296
1.01799, 3, 0.518151, 0.263739
1.01899, 3, 0.519173, 0.264515
1.01999, 3, 0.520193, 0.265294
1.02099, 3, 0.521213, 0.266077
1.02199, 3, 0.522234, 0.266859
1.02299, 3, 0.523255, 0.267644
1.02399, 3, 0.524279, 0.268429
1.02499, 3, 0.525302, 0.269217
1.02599, 3, 0.52633, 0.270005
1.02699, 3, 0.527356, 0.270795
1.02799, 3, 0.528384, 0.271586
1.02899, 3, 0.529411, 0.272382
1.02999, 3, 0.530442, 0.273176
1.03099, 3, 0.531472, 0.273972
1.03199, 3, 0.532504, 0.274769
1.03299, 3, 0.533535, 0.27557
1.03399, 3, 0.534569, 0.276371
1.03499, 3, 0.535605, 0.277172
1.03599, 3, 0.536641, 0.277978
1.03699, 3, 0.537678, 0.278782
1.03799, 3, 0.538715, 0.279592
1.03899, 3, 0.539755, 0.2804
1.03999, 3, 0.540794, 0.281209
1.04099, 3, 0.541832, 0.282022
1.04199, 3, 0.542873, 0.282835
1.04299, 3, 0.543916, 0.283651
1.04399, 3, 0.544961, 0.284466
1.04499, 3, 0.546004, 0.285287
1.04599, 3, 0.547052, 0.286106
1.04699, 3, 0.548094, 0.286927
1.04799, 3, 0.549144, 0.287749
1.04899, 3, 0.550194, 0.288573
1.04999, 3, 0.551245, 0.289398
1.05099, 3, 0.552294, 0.290228
1.05199, 3, 0.553345, 0.291058
1.05299, 3, 0.554397, 0.291887
1.05399, 3, 0.555452, 0.292721
1.05499, 3, 0.556507, 0.293553
1.05599, 3, 0.557561, 0.29439
1.05699, 3, 0.558617, 0.295226
1.05799, 3, 0.559674, 0.296065
1.05899, 3, 0.560734, 0.296907
1.05999, 3, 0.561791, 0.29775
1.06099, 3, 0.562855, 0.298593
1.06199, 3, 0.563912, 0.299438
1.06299, 3, 0.564977, 0.300284
1.06399, 3, 0.566042, 0.301131
1.06499, 3, 0.567107, 0.301982
1.06599, 3, 0.568168, 0.302835
1.06699, 3, 0.569239, 0.303686
1.06799, 3, 0.570303, 0.304542
1.06899, 3, 0.571372, 0.305398
1.06999, 3, 0.572447, 0.306255
1.07099, 3, 0.573513, 0.307116
1.07199, 3, 0.574587, 0.307975
1.07299, 3, 0.575657, 0.30884
1.07399, 3, 0.576732, 0.309703
1.07499, 3, 0.577806, 0.310569
1.07599, 3, 0.578882, 0.311437
1.07699, 3, 0.579958, 0.312306
1.07799, 3, 0.581035, 0.313177
1.07899, 3, 0.582113, 0.31405
1.07999, 3, 0.583194, 0.314921
1.08099, 3, 0.584276, 0.315799
1.08199, 3, 0.585357, 0.316677
1.08299, 3, 0.58644, 0.317554
1.08399, 3, 0.58752, 0.318435
1.08499, 3, 0.588605, 0.319319
1.08599, 3, 0.589693, 0.320201
1.08699, 3, 0.590779, 0.321088
1.08799, 3, 0.591862, 0.321974
1.08899, 3, 0.592955, 0.322862
1.08999, 3, 0.594041, 0.323753
1.09099, 3, 0.595136, 0.324645
1.092, 3, 0.596227, 0.325538
1.093, 3, 0.597319, 0.326433
1.094, 3, 0.598415, 0.327331
1.095, 3, 0.599507, 0.328229
1.096, 3, 0.600603, 0.329128
1.097, 3, 0.601703, 0.330029
1.098, 3, 0.602793, 0.330935
1.099, 3, 0.603893, 0.331839
1.1, 3, 0.604994, 0.332747
1.101, 3, 0.606096, 0.333655
1.102, 3, 0.607198, 0.334563
1.103, 3, 0.608301, 0.335475
1.104, 3, 0.609403, 0.336389
1.105, 3, 0.610506, 0.337304
1.106, 3, 0.611612, 0.338222
1.107, 3, 0.612721, 0.339139
1.108, 3, 0.613828, 0.340058
1.109, 3, 0.614936, 0.340981
1.11, 3, 0.616044, 0.341905
1.111, 3, 0.617154, 0.342829
1.112, 3, 0.618268, 0.343755
1.113, 3, 0.61938, 0.344684
1.114, 3, 0.620494, 0.345614
1.115, 3, 0.621611, 0.346544
1.116, 3, 0.622726, 0.347477
1.117, 3, 0.623841, 0.348413
1.118, 3, 0.624958, 0.34935
1.119, 3, 0.626077, 0.350288
1.12, 3, 0.627195, 0.351228
1.121, 3, 0.628317, 0.35217
1.122, 3, 0.629438, 0.353114
1.123, 3, 0.630561, 0.354058
1.124, 3, 0.631685, 0.355003
1.125, 3, 0.632808, 0.355955
1.126, 3, 0.633931, 0.356903
1.127, 3, 0.635061, 0.357856
1.128, 3, 0.636188, 0.358809
1.129, 3, 0.637317, 0.359765
1.13, 3, 0.638448, 0.360721
1.131, 3, 0.639577, 0.361678
1.132, 3, 0.640707, 0.362641
1.133, 3, 0.641842, 0.363601
1.134, 3, 0.642972, 0.364567
1.135, 3, 0.644111, 0.365529
1.136, 3, 0.645245, 0.366499
1.137, 3, 0.646384, 0.367466
1.138, 3, 0.647518, 0.368436
1.139, 3, 0.648658, 0.369409
1.14, 3, 0.649798, 0.370382
1.141, 3, 0.650936, 0.371358
1.142, 3, 0.652079, 0.372336
1.143, 3, 0.653222, 0.373315
1.144, 3, 0.654363, 0.374297
1.145, 3, 0.655509, 0.375278
1.146, 3, 0.656655, 0.376264
1.147, 3, 0.6578, 0.377248
1.148, 3, 0.658949, 0.378237
1.149, 3, 0.660097, 0.379225
1.15, 3, 0.661248, 0.380216
1.151, 3, 0.662398, 0.381209
1.152, 3, 0.663549, 0.382205
1.153, 3, 0.664704, 0.383201
1.154, 3, 0.665857, 0.384197
1.155, 3, 0.667011, 0.385197
1.156, 3, 0.668166, 0.386199
1.157, 3, 0.669321, 0.387202
1.158, 3, 0.670481, 0.388206
1.159, 3, 0.67164, 0.389215
1.16, 3, 0.672801, 0.390221
1.161, 3, 0.673958, 0.391232
1.162, 3, 0.675121, 0.392244
1.163, 3, 0.676282, 0.393258
1.164, 3, 0.677447, 0.394274
1.165, 3, 0.678612, 0.39529
1.166, 3, 0.679777, 0.396309
1.167, 3, 0.680943, 0.39733
1.168, 3, 0.682111, 0.398353
1.169, 3, 0.68328, 0.399376
1.17, 3, 0.684448, 0.400403
1.171, 3, 0.685619, 0.40143
1.172, 3, 0.686792, 0.402459
1.173, 3, 0.687963, 0.40349
1.174, 3, 0.689135, 0.404524
1.175, 3, 0.690311, 0.405559
1.176, 3, 0.691488, 0.406593
1.177, 3, 0.692662, 0.407632
1.178, 3, 0.69384, 0.408672
1.179, 3, 0.69502, 0.409715
1.18, 3, 0.6962, 0.410756
1.181, 3, 0.697378, 0.411802
1.182, 3, 0.698561, 0.41285
1.183, 3, 0.699744, 0.413898
1.184, 3, 0.700924, 0.41495
1.185, 3, 0.70211, 0.416
1.186, 3, 0.703295, 0.417056
1.187, 3, 0.704486, 0.41811
1.188, 3, 0.705674, 0.419168
1.189, 3, 0.706859, 0.420228
1.19, 3, 0.708048, 0.421289
1.191, 3, 0.70924, 0.422351
1.192, 3, 0.710431, 0.423418
1.193, 3, 0.711624, 0.424484
1.194, 3, 0.712816, 0.425553
1.195, 3, 0.714011, 0.426623
1.196, 3, 0.71521, 0.427691
1.197, 3, 0.716402, 0.428769
1.198, 3, 0.717602, 0.429845
1.199, 3, 0.718802, 0.430921
1.2, 3, 0.720001, 0.432
1.201, 3, 0.721202, 0.433081
1.202, 3, 0.722402, 0.434165
1.203, 3, 0.723604, 0.435249
1.204, 3, 0.724807, 0.436336
1.205, 3, 0.726014, 0.437422
1.206, 3, 0.727216, 0.438513
1.207, 3, 0.728423, 0.439606
1.208, 3, 0.729631, 0.440699
1.209, 3, 0.730842, 0.441793
1.21, 3, 0.732053, 0.442891
1.211, 3, 0.733262, 0.44399
1.212, 3, 0.734474, 0.445091
1.213, 3, 0.735684, 0.446194
1.214, 3, 0.736896, 0.447298
1.215, 3, 0.738112, 0.448404
1.216, 3, 0.739331, 0.449512
1.217, 3, 0.740548, 0.450622
1.218, 3, 0.741762, 0.451734
1.219, 3, 0.742981, 0.452849
1.22, 3, 0.744203, 0.453963
1.221, 3, 0.74542, 0.455081
1.222, 3, 0.746642, 0.4562
1.223, 3, 0.747866, 0.45732
1.224, 3, 0.749088, 0.458443
1.225, 3, 0.750314, 0.459567
1.226, 3, 0.751539, 0.460695
1.227, 3, 0.752764, 0.461823
1.228, 3, 0.753992, 0.462954
1.229, 3, 0.755221, 0.464084
1.23, 3, 0.756452, 0.465217
1.231, 3, 0.757683, 0.466353
1.232, 3, 0.758914, 0.467493
1.233, 3, 0.760147, 0.468632
1.234, 3, 0.761381, 0.469772
1.235, 3, 0.762616, 0.470914
1.236, 3, 0.763851, 0.47206
1.237, 3, 0.765087, 0.473207
1.238, 3, 0.766323, 0.474356
1.239, 3, 0.767564, 0.475505
1.24, 3, 0.768803, 0.476657
1.241, 3, 0.770045, 0.477811
1.242, 3, 0.771285, 0.478968
1.243, 3, 0.772525, 0.480126
1.244, 3, 0.773773, 0.481286
1.245, 3, 0.775015, 0.482449
1.246, 3, 0.776261, 0.483612
1.247, 3, 0.777506, 0.484777
1.248, 3, 0.778755, 0.485943
1.249, 3, 0.780002, 0.487114
1.25, 3, 0.781254, 0.488284
1.251, 3, 0.782505, 0.489456
1.252, 3, 0.783756, 0.490632
1.253, 3, 0.78501, 0.491808
1.254, 3, 0.786262, 0.492987
1.255, 3, 0.787517, 0.494166
1.256, 3, 0.788771, 0.49535
1.257, 3, 0.790028, 0.496532
1.258, 3, 0.791283, 0.497721
1.259, 3, 0.792542, 0.498908
1.26, 3, 0.793804, 0.500096
1.261, 3, 0.795063, 0.50129
1.262, 3, 0.796324, 0.502483
1.263, 3, 0.797589, 0.503678
1.264, 3, 0.798851, 0.504876
1.265, 3, 0.800113, 0.506075
1.266, 3, 0.801381, 0.507276
1.267, 3, 0.80265, 0.508478
1.268, 3, 0.803918, 0.509684
1.269, 3, 0.805186, 0.510889
1.27, 3, 0.806454, 0.512099
1.271, 3, 0.807726, 0.513309
1.272, 3, 0.808997, 0.514523
1.273, 3, 0.810271, 0.515737
1.274, 3, 0.811543, 0.516954
1.275, 3, 0.812819, 0.518171
1.276, 3, 0.814094, 0.519392
1.277, 3, 0.815368, 0.520616
1.278, 3, 0.816646, 0.521839
1.279, 3, 0.817922, 0.523066
1.28, 3, 0.819206, 0.524292
1.281, 3, 0.820486, 0.525521
1.282, 3, 0.821765, 0.526753
1.283, 3, 0.82305, 0.527987
1.284, 3, 0.824333, 0.529223
1.285, 3, 0.825617, 0.530462
1.286, 3, 0.826904, 0.5317
1.287, 3, 0.828189, 0.532943
1.288, 3, 0.82948, 0.534184
1.289, 3, 0.830768, 0.53543
1.29, 3, 0.832057, 0.536678
1.291, 3, 0.833348, 0.537926
1.292, 3, 0.834638, 0.539177
1.293, 3, 0.835929, 0.540432
1.294, 3, 0.837223, 0.541687
1.295, 3, 0.838517, 0.542941
1.296, 3, 0.839813, 0.544201
1.297, 3, 0.841109, 0.545463
1.298, 3, 0.842409, 0.546724
1.299, 3, 0.843707, 0.547989
1.3, 3, 0.845005, 0.549257
1.301, 3, 0.846305, 0.550526
1.302, 3, 0.847608, 0.551794
1.303, 3, 0.84891, 0.553066
1.304, 3, 0.850213, 0.554342
1.305, 3, 0.85152, 0.555618
1.30601, 3, 0.852823, 0.556897
1.30701, 3, 0.85413, 0.558177
1.30801, 3, 0.855442, 0.559457
1.30901, 3, 0.856749, 0.560742
1.31001, 3, 0.858057, 0.562029
1.31101, 3, 0.859365, 0.563318
1.31201, 3, 0.860678, 0.564609
1.31301, 3, 0.86199, 0.565902
1.31401, 3, 0.863305, 0.567194
1.31501, 3, 0.864618, 0.568491
1.31601, 3, 0.865936, 0.569786
1.31701, 3, 0.867252, 0.571088
1.31801, 3, 0.868568, 0.572391
1.31901, 3, 0.869889, 0.573694
1.32001, 3, 0.871209, 0.574998
1.32101, 3, 0.872527, 0.576307
1.32201, 3, 0.873848, 0.577619
1.32301, 3, 0.875171, 0.578929
1.32401, 3, 0.876496, 0.580243
1.32501, 3, 0.877819, 0.581559
1.32601, 3, 0.879147, 0.582875
1.32701, 3, 0.880474, 0.584195
1.32801, 3, 0.881799, 0.585517
1.32901, 3, 0.883128, 0.586843
1.33001, 3, 0.884456, 0.588166
1.33101, 3, 0.885789, 0.589496
1.33201, 3, 0.887121, 0.590825
1.33301, 3, 0.888454, 0.592156
1.33401, 3, 0.889786, 0.59349
1.33501, 3, 0.891121, 0.594826
1.33601, 3, 0.892457, 0.596163
1.33701, 3, 0.893793, 0.597505
1.33801, 3, 0.895131, 0.598845
1.33901, 3, 0.896468, 0.600189
1.34001, 3, 0.897809, 0.601535
1.34101, 3, 0.899147, 0.602882
1.34201, 3, 0.900492, 0.604232
1.34301, 3, 0.901834, 0.605582
1.34401, 3, 0.903179, 0.606936
1.34501, 3, 0.904521, 0.608296
1.34601, 3, 0.905867, 0.609653
1.34701, 3, 0.907214, 0.611012
1.34801, 3, 0.908561, 0.612373
1.34901, 3, 0.90991, 0.613737
1.35001, 3, 0.91126, 0.615102
1.35101, 3, 0.912609, 0.616471
1.35201, 3, 0.913961, 0.617842
1.35301, 3, 0.915314, 0.619213
1.35401, 3, 0.916667, 0.620587
1.35501, 3, 0.918021, 0.621964
1.35601, 3, 0.919378, 0.623342
1.35701, 3, 0.920735, 0.624722
1.35801, 3, 0.922091, 0.626103
1.35901, 3, 0.923451, 0.627488
1.36001, 3, 0.924807, 0.628875
1.36101, 3, 0.926171, 0.630262
1.36201, 3, 0.927532, 0.631653
1.36301, 3, 0.928895, 0.633044
1.36401, 3, 0.930259, 0.634439
1.36501, 3, 0.931623, 0.635836
1.36601, 3, 0.932991, 0.637234
1.36701, 3, 0.934353, 0.638635
1.36801, 3, 0.935724, 0.640038
1.36901, 3, 0.937092, 0.641442
1.37001, 3, 0.938461, 0.64285
1.37101, 3, 0.939831, 0.644258
1.37201, 3, 0.941204, 0.645668
1.37301, 3, 0.942576, 0.647081
1.37401, 3, 0.943946, 0.648498
1.37501, 3, 0.945324, 0.649913
1.37601, 3, 0.9467, 0.651333
1.37701, 3, 0.948075, 0.652754
1.37801, 3, 0.949451, 0.654179
1.37901, 3, 0.95083, 0.655603
1.38001, 3, 0.952212, 0.65703
1.38101, 3, 0.953592, 0.658458
1.38201, 3, 0.954973, 0.659892
1.38301, 3, 0.956356, 0.661325
1.38401, 3, 0.95774, 0.66276
1.38501, 3, 0.959126, 0.664197
1.38601, 3, 0.960509, 0.665637
1.38701, 3, 0.961897, 0.667079
1.38801, 3, 0.963283, 0.668523
1.38901, 3, 0.964672, 0.669971
1.39001, 3, 0.966062, 0.671418
1.39101, 3, 0.967452, 0.672869
1.39201, 3, 0.968846, 0.674319
1.39301, 3, 0.970235, 0.675776
1.39401, 3, 0.97163, 0.677231
1.39501, 3, 0.973022, 0.678692
1.39601, 3, 0.97442, 0.68015
1.39701, 3, 0.975816, 0.681612
1.39801, 3, 0.977214, 0.683076
1.39901, 3, 0.978616, 0.684546
1.40001, 3, 0.980012, 0.686014
1.40101, 3, 0.981414, 0.687484
1.40201, 3, 0.982815, 0.688957
1.40301, 3, 0.984219, 0.690434
1.40401, 3, 0.985624, 0.69191
1.40501, 3, 0.987027, 0.693391
1.40601, 3, 0.98843, 0.694873
1.40701, 3, 0.989839, 0.696356
1.40801, 3, 0.991248, 0.697841
1.40901, 3, 0.992652, 0.69933
1.41001, 3, 0.994066, 0.70082
1.41101, 3, 0.995474, 0.702312
1.41201, 3, 0.996888, 0.703807
1.41301, 3, 0.998298, 0.705304
1.41401, 3, 0.999712, 0.706802
1.41501, 3, 1.00113, 0.708302
1.41601, 3, 1.00254, 0.709805
1.41701, 3, 1.00396, 0.711311
1.41801, 3, 1.00538, 0.712816
1.41901, 3, 1.0068, 0.714325
1.42001, 3, 1.00821, 0.715838
1.42101, 3, 1.00964, 0.717352
1.42201, 3, 1.01106, 0.718867
1.42301, 3, 1.01248, 0.720385
1.42401, 3, 1.0139, 0.721902
1.42501, 3, 1.01533, 0.723426
1.42601, 3, 1.01675, 0.72495
1.42701, 3, 1.01818, 0.726477
1.42801, 3, 1.01961, 0.728004
1.42901, 3, 1.02104, 0.729537
1.43001, 3, 1.02247, 0.731067
1.43101, 3, 1.0239, 0.732602
1.43201, 3, 1.02533, 0.73414
1.43301, 3, 1.02676, 0.735681
1.43401, 3, 1.02819, 0.737221
1.43501, 3, 1.02963, 0.738765
1.43601, 3, 1.03106, 0.740311
1.43701, 3, 1.0325, 0.741857
1.43801, 3, 1.03394, 0.743408
1.43901, 3, 1.03538, 0.744959
1.44001, 3, 1.03682, 0.746514
1.44101, 3, 1.03826, 0.74807
1.44201, 3, 1.0397, 0.749628
1.44301, 3, 1.04114, 0.75119
1.44401, 3, 1.04258, 0.752752
1.44501, 3, 1.04403, 0.754316
1.44601, 3, 1.04547, 0.755884
1.44701, 3, 1.04692, 0.757455
1.44801, 3, 1.04837, 0.759027
1.44901, 3, 1.04982, 0.760599
1.45001, 3, 1.05127, 0.762177
1.45101, 3, 1.05272, 0.763753
1.45201, 3, 1.05417, 0.765332
1.45301, 3, 1.05562, 0.766913
1.45401, 3, 1.05708, 0.768499
1.45501, 3, 1.05853, 0.770088
1.45601, 3, 1.05999, 0.771676
1.45701, 3, 1.06144, 0.773268
1.45801, 3, 1.0629, 0.77486
1.45901, 3, 1.06436, 0.776456
1.46001, 3, 1.06582, 0.778054
1.46101, 3, 1.06728, 0.779654
1.46201, 3, 1.06874, 0.781256
1.46301, 3, 1.0702, 0.782859
1.46401, 3, 1.07167, 0.784466
1.46501, 3, 1.07313, 0.786075
1.46601, 3, 1.0746, 0.787687
1.46701, 3, 1.07606, 0.789298
1.46801, 3, 1.07753, 0.790915
1.46901, 3, 1.079, 0.792531
1.47001, 3, 1.08047, 0.79415
1.47101, 3, 1.08194, 0.795774
1.47201, 3, 1.08341, 0.797397
1.47301, 3, 1.08488, 0.799024
1.47401, 3, 1.08636, 0.800652
1.47501, 3, 1.08783, 0.802282
1.47601, 3, 1.08931, 0.803915
1.47701, 3, 1.09078, 0.805551
1.47801, 3, 1.09226, 0.807188
1.47901, 3, 1.09374, 0.808827
1.48001, 3, 1.09522, 0.810472
1.48101, 3, 1.0967, 0.812114
1.48201, 3, 1.09818, 0.813762
1.48301, 3, 1.09966, 0.815407
1.48401, 3, 1.10115, 0.817059
1.48501, 3, 1.10263, 0.818711
1.48601, 3, 1.10412, 0.820367
1.48701, 3, 1.1056, 0.822022
1.48801, 3, 1.10709, 0.823684
1.48901, 3, 1.10858, 0.825346
1.49001, 3, 1.11007, 0.82701
1.49101, 3, 1.11156, 0.828675
1.49201, 3, 1.11305, 0.830346
1.49301, 3, 1.11454, 0.832016
1.49401, 3, 1.11604, 0.833687
1.49501, 3, 1.11753, 0.835363
1.49601, 3, 1.11903, 0.837042
1.49701, 3, 1.12053, 0.83872
1.49801, 3, 1.12202, 0.840403
1.49901, 3, 1.12352, 0.842086
1.50001, 3, 1.12502, 0.843774
1.50101, 3, 1.12652, 0.845464
1.50201, 3, 1.12802, 0.847154
1.50301, 3, 1.12953, 0.848846
1.50401, 3, 1.13103, 0.850542
1.50501, 3, 1.13253, 0.852241
1.50601, 3, 1.13404, 0.853941
1.50701, 3, 1.13555, 0.855642
1.50801, 3, 1.13705, 0.857347
1.50901, 3, 1.13856, 0.859054
1.51001, 3, 1.14007, 0.860764
1.51101, 3, 1.14158, 0.862474
1.51201, 3, 1.14309, 0.864189
1.51301, 3, 1.14461, 0.865904
1.51401, 3, 1.14612, 0.867621
1.51501, 3, 1.14763, 0.869341
1.51601, 3, 1.14915, 0.871065
1.51701, 3, 1.15067, 0.872789
1.51801, 3, 1.15218, 0.874517
1.51901, 3, 1.1537, 0.876245
1.52002, 3, 1.15522, 0.877978
1.52102, 3, 1.15674, 0.879712
1.52202, 3, 1.15826, 0.881448
1.52302, 3, 1.15979, 0.883186
1.52402, 3, 1.16131, 0.884929
1.52502, 3, 1.16284, 0.886671
1.52602, 3, 1.16436, 0.888417
1.52702, 3, 1.16589, 0.890164
1.52802, 3, 1.16742, 0.891912
1.52902, 3, 1.16894, 0.893666
1.53002, 3, 1.17047, 0.895421
1.53102, 3, 1.172, 0.897178
1.53202, 3, 1.17354, 0.898938
1.53302, 3, 1.17507, 0.900699
1.53402, 3, 1.1766, 0.902464
1.53502, 3, 1.17814, 0.90423
1.53602, 3, 1.17967, 0.905998
1.53702, 3, 1.18121, 0.907768
1.53802, 3, 1.18275, 0.909541
1.53902, 3, 1.18428, 0.911317
1.54002, 3, 1.18582, 0.913094
1.54102, 3, 1.18737, 0.914874
1.54202, 3, 1.18891, 0.916657
1.54302, 3, 1.19045, 0.91844
1.54402, 3, 1.19199, 0.920227
1.54502, 3, 1.19354, 0.922017
1.54602, 3, 1.19508, 0.923809
1.54702, 3, 1.19663, 0.925603
1.54802, 3, 1.19818, 0.927399
1.54902, 3, 1.19973, 0.929197
1.55002, 3, 1.20128, 0.930997
1.55102, 3, 1.20283, 0.932801
1.55202, 3, 1.20438, 0.934607
1.55302, 3, 1.20593, 0.936416
1.55402, 3, 1.20748, 0.938225
1.55502, 3, 1.20904, 0.940037
1.55602, 3, 1.21059, 0.941852
1.55702, 3, 1.21215, 0.943669
1.55802, 3, 1.21371, 0.945488
1.55902, 3, 1.21527, 0.947311
1.56002, 3, 1.21683, 0.949134
1.56102, 3, 1.21839, 0.950962
1.56202, 3, 1.21995, 0.95279
1.56302, 3, 1.22151, 0.954621
1.56402, 3, 1.22307, 0.956455
1.56502, 3, 1.22464, 0.958292
1.56602, 3, 1.2262, 0.960129
1.56702, 3, 1.22777, 0.961969
1.56802, 3, 1.22934, 0.963812
1.56902, 3, 1.23091, 0.965658
1.57002, 3, 1.23248, 0.967505
1.57102, 3, 1.23405, 0.969355
1.57202, 3, 1.23562, 0.971209
1.57302, 3, 1.23719, 0.973062
1.57402, 3, 1.23877, 0.974919
1.57502, 3, 1.24034, 0.976779
1.57602, 3, 1.24192, 0.978641
1.57702, 3, 1.24349, 0.980504
1.57802, 3, 1.24507, 0.98237
1.57902, 3, 1.24665, 0.98424
1.58002, 3, 1.24823, 0.986112
1.58102, 3, 1.24981, 0.987984
1.58202, 3, 1.25139, 0.989861
1.58302, 3, 1.25297, 0.991738
1.58402, 3, 1.25456, 0.993619
1.58502, 3, 1.25614, 0.995503
1.58602, 3, 1.25773, 0.99739
1.58702, 3, 1.25931, 0.999277
1.58802, 3, 1.2609, 1.00117
1.58902, 3, 1.26249, 1.00306
1.59002, 3, 1.26408, 1.00495
1.59102, 3, 1.26567, 1.00685
1.59202, 3, 1.26726, 1.00875
1.59302, 3, 1.26885, 1.01065
1.59402, 3, 1.27045, 1.01256
1.59502, 3, 1.27204, 1.01447
1.59602, 3, 1.27364, 1.01637
1.59702, 3, 1.27523, 1.01829
1.59802, 3, 1.27683, 1.0202
1.59902, 3, 1.27843, 1.02212
1.60002, 3, 1.28003, 1.02404
1.60102, 3, 1.28163, 1.02596
1.60202, 3, 1.28323, 1.02788
1.60302, 3, 1.28483, 1.02981
1.60402, 3, 1.28644, 1.03174
1.60502, 3, 1.28804, 1.03367
1.60602, 3, 1.28965, 1.0356
1.60702, 3, 1.29126, 1.03754
1.60802, 3, 1.29286, 1.03947
1.60902, 3, 1.29447, 1.04141
1.61002, 3, 1.29608, 1.04336
1.61102, 3, 1.29769, 1.0453
1.61202, 3, 1.2993, 1.04725
1.61302, 3, 1.30092, 1.0492
1.61402, 3, 1.30253, 1.05115
1.61502, 3, 1.30414, 1.05311
1.61602, 3, 1.30576, 1.05507
1.61702, 3, 1.30738, 1.05703
1.61802, 3, 1.30899, 1.05899
1.61902, 3, 1.31061, 1.06095
1.62002, 3, 1.31223, 1.06292
1.62102, 3, 1.31385, 1.06489
1.62202, 3, 1.31547, 1.06686
1.62302, 3, 1.3171, 1.06884
1.62402, 3, 1.31872, 1.07081
1.62502, 3, 1.32034, 1.07279
1.62602, 3, 1.32197, 1.07478
1.62702, 3, 1.3236, 1.07676
1.62802, 3, 1.32522, 1.07875
1.62902, 3, 1.32685, 1.08074
1.63002, 3, 1.32848, 1.08273
1.63102, 3, 1.33011, 1.08472
1.63202, 3, 1.33175, 1.08672
1.63302, 3, 1.33338, 1.08872
1.63402, 3, 1.33501, 1.09072
1.63502, 3, 1.33665, 1.09272
1.63602, 3, 1.33828, 1.09473
1.63702, 3, 1.33992, 1.09674
1.63802, 3, 1.34156, 1.09875
1.63902, 3, 1.34319, 1.10076
1.64002, 3, 1.34483, 1.10278
1.64102, 3, 1.34647, 1.1048
1.64202, 3, 1.34812, 1.10682
1.64302, 3, 1.34976, 1.10884
1.64402, 3, 1.3514, 1.11087
1.64502, 3, 1.35305, 1.1129
1.64602, 3, 1.35469, 1.11493
1.64702, 3, 1.35634, 1.11696
1.64802, 3, 1.35799, 1.119
1.64902, 3, 1.35964, 1.12103
1.65002, 3, 1.36128, 1.12307
1.65102, 3, 1.36294, 1.12512
1.65202, 3, 1.36459, 1.12716
1.65302, 3, 1.36624, 1.12921
1.65402, 3, 1.36789, 1.13126
1.65502, 3, 1.36955, 1.13332
1.65602, 3, 1.3712, 1.13537
1.65702, 3, 1.37286, 1.13743
1.65802, 3, 1.37452, 1.13949
1.65902, 3, 1.37618, 1.14155
1.66002, 3, 1.37784, 1.14362
1.66102, 3, 1.3795, 1.14569
1.66202, 3, 1.38116, 1.14776
1.66302, 3, 1.38282, 1.14983
1.66402, 3, 1.38448, 1.15191
1.66502, 3, 1.38615, 1.15398
1.66602, 3, 1.38781, 1.15606
1.66702, 3, 1.38948, 1.15815
1.66802, 3, 1.39115, 1.16023
1.66902, 3, 1.39282, 1.16232
1.67002, 3, 1.39449, 1.16441
1.67102, 3, 1.39616, 1.1665
1.67202, 3, 1.39783, 1.1686
1.67302, 3, 1.3995, 1.1707
1.67402, 3, 1.40118, 1.1728
1.67502, 3, 1.40285, 1.1749
1.67602, 3, 1.40453, 1.17701
1.67702, 3, 1.4062, 1.17912
1.67802, 3, 1.40788, 1.18123
1.67902, 3, 1.40956, 1.18334
1.68002, 3, 1.41124, 1.18546
1.68102, 3, 1.41292, 1.18757
1.68202, 3, 1.4146, 1.18969
1.68302, 3, 1.41628, 1.19182
1.68402, 3, 1.41797, 1.19394
1.68502, 3, 1.41965, 1.19607
1.68602, 3, 1.42134, 1.1982
1.68702, 3, 1.42302, 1.20034
1.68802, 3, 1.42471, 1.20247
1.68902, 3, 1.4264, 1.20461
1.69002, 3, 1.42809, 1.20675
1.69102, 3, 1.42978, 1.20889
1.69202, 3, 1.43147, 1.21104
1.69302, 3, 1.43316, 1.21319
1.69402, 3, 1.43486, 1.21534
1.69502, 3, 1.43655, 1.21749
1.69602, 3, 1.43825, 1.21965
1.69702, 3, 1.43994, 1.22181
1.69802, 3, 1.44164, 1.22397
1.69902, 3, 1.44334, 1.22613
1.70002, 3, 1.44504, 1.2283
1.70102, 3, 1.44674, 1.23047
1.70202, 3, 1.44844, 1.23264
1.70302, 3, 1.45014, 1.23482
1.70402, 3, 1.45185, 1.23699
1.70502, 3, 1.45355, 1.23917
1.70602, 3, 1.45526, 1.24135
1.70702, 3, 1.45696, 1.24354
1.70802, 3, 1.45867, 1.24572
1.70902, 3, 1.46038, 1.24791
1.71002, 3, 1.46209, 1.25011
1.71102, 3, 1.4638, 1.2523
1.71202, 3, 1.46551, 1.2545
1.71302, 3, 1.46723, 1.2567
1.71402, 3, 1.46894, 1.2589
1.71502, 3, 1.47065, 1.2611
1.71602, 3, 1.47237, 1.26331
1.71702, 3, 1.47409, 1.26552
1.71802, 3, 1.4758, 1.26773
1.71902, 3, 1.47752, 1.26995
1.72002, 3, 1.47924, 1.27217
1.72102, 3, 1.48096, 1.27439
1.72202, 3, 1.48268, 1.27661
1.72302, 3, 1.48441, 1.27883
1.72402, 3, 1.48613, 1.28106
1.72502, 3, 1.48785, 1.28329
1.72602, 3, 1.48958, 1.28553
1.72702, 3, 1.49131, 1.28776
1.72802, 3, 1.49303, 1.29
1.72902, 3, 1.49476, 1.29224
1.73002, 3, 1.49649, 1.29448
1.73102, 3, 1.49822, 1.29673
1.73202, 3, 1.49996, 1.29898
1.73302, 3, 1.50169, 1.30123
1.73403, 3, 1.50342, 1.30349
1.73503, 3, 1.50516, 1.30574
1.73603, 3, 1.50689, 1.308
1.73703, 3, 1.50863, 1.31026
1.73803, 3, 1.51037, 1.31253
1.73903, 3, 1.5121, 1.31479
1.74003, 3, 1.51384, 1.31706
1.74103, 3, 1.51558, 1.31934
1.74203, 3, 1.51733, 1.32161
1.74303, 3, 1.51907, 1.32389
1.74403, 3, 1.52081, 1.32617
1.74503, 3, 1.52256, 1.32845
1.74603, 3, 1.5243, 1.33074
1.74703, 3, 1.52605, 1.33302
1.74803, 3, 1.5278, 1.33531
1.74903, 3, 1.52955, 1.33761
1.75003, 3, 1.5313, 1.3399
1.75103, 3, 1.53305, 1.3422
1.75203, 3, 1.5348, 1.3445
1.75303, 3, 1.53655, 1.34681
1.75403, 3, 1.5383, 1.34911
1.75503, 3, 1.54006, 1.35142
1.75603, 3, 1.54181, 1.35373
1.75703, 3, 1.54357, 1.35605
1.75803, 3, 1.54533, 1.35836
1.75903, 3, 1.54709, 1.36068
1.76003, 3, 1.54885, 1.363
1.76103, 3, 1.55061, 1.36533
1.76203, 3, 1.55237, 1.36766
1.76303, 3, 1.55413, 1.36999
1.76403, 3, 1.55589, 1.37232
1.76503, 3, 1.55766, 1.37465
1.76603, 3, 1.55942, 1.37699
1.76703, 3, 1.56119, 1.37933
1.76803, 3, 1.56296, 1.38168
1.76903, 3, 1.56473, 1.38402
1.77003, 3, 1.5665, 1.38637
1.77103, 3, 1.56827, 1.38872
1.77203, 3, 1.57004, 1.39108
1.77303, 3, 1.57181, 1.39343
1.77403, 3, 1.57359, 1.39579
1.77503, 3, 1.57536, 1.39815
1.77603, 3, 1.57714, 1.40052
1.77703, 3, 1.57891, 1.40289
1.77803, 3, 1.58069, 1.40525
1.77903, 3, 1.58247, 1.40763
1.78003, 3, 1.58425, 1.41
1.78103, 3, 1.58603, 1.41238
1.78203, 3, 1.58781, 1.41476
1.78303, 3, 1.58959, 1.41714
1.78403, 3, 1.59138, 1.41953
1.78503, 3, 1.59316, 1.42192
1.78603, 3, 1.59495, 1.42431
1.78703, 3, 1.59673, 1.4267
1.78803, 3, 1.59852, 1.4291
1.78903, 3, 1.60031, 1.4315
1.79003, 3, 1.6021, 1.4339
1.79103, 3, 1.60389, 1.43631
1.79203, 3, 1.60568, 1.43871
1.79303, 3, 1.60747, 1.44112
1.79403, 3, 1.60927, 1.44354
1.79503, 3, 1.61106, 1.44595
1.79603, 3, 1.61286, 1.44837
1.79703, 3, 1.61465, 1.45079
1.79803, 3, 1.61645, 1.45321
1.79903, 3, 1.61825, 1.45564
1.80003, 3, 1.62005, 1.45807
1.80103, 3, 1.62185, 1.4605
1.80203, 3, 1.62365, 1.46293
1.80303, 3, 1.62546, 1.46537
1.80403, 3, 1.62726, 1.46781
1.80503, 3, 1.62906, 1.47025
1.80603, 3, 1.63087, 1.4727
1.80703, 3, 1.63268, 1.47515
1.80803, 3, 1.63448, 1.4776
1.80903, 3, 1.63629, 1.48005
1.81003, 3, 1.6381, 1.48251
1.81103, 3, 1.63991, 1.48496
1.81203, 3, 1.64172, 1.48743
1.81303, 3, 1.64354, 1.48989
1.81403, 3, 1.64535, 1.49236
1.81503, 3, 1.64716, 1.49483
1.81603, 3, 1.64898, 1.4973
1.81703, 3, 1.6508, 1.49977
1.81803, 3, 1.65261, 1.50225
1.81903, 3, 1.65443, 1.50473
1.82003, 3, 1.65625, 1.50721
1.82103, 3, 1.65807, 1.5097
1.82203, 3, 1.6599, 1.51219
1.82303, 3, 1.66172, 1.51468
1.82403, 3, 1.66354, 1.51717
1.82503, 3, 1.66537, 1.51967
1.82603, 3, 1.66719, 1.52217
1.82703, 3, 1.66902, 1.52467
1.82803, 3, 1.67085, 1.52718
1.82903, 3, 1.67267, 1.52969
1.83003, 3, 1.6745, 1.5322
1.83103, 3, 1.67633, 1.53471
1.83203, 3, 1.67817, 1.53723
1.83303, 3, 1.68, 1.53974
1.83403, 3, 1.68183, 1.54227
1.83503, 3, 1.68367, 1.54479
1.83603, 3, 1.6855, 1.54732
1.83703, 3, 1.68734, 1.54985
1.83803, 3, 1.68918, 1.55238
1.83903, 3, 1.69102, 1.55491
1.84003, 3, 1.69286, 1.55745
1.84103, 3, 1.6947, 1.55999
1.84203, 3, 1.69654, 1.56254
1.84303, 3, 1.69838, 1.56508
1.84403, 3, 1.70022, 1.56763
1.84503, 3, 1.70207, 1.57018
1.84603, 3, 1.70391, 1.57274
1.84703, 3, 1.70576, 1.5753
1.84803, 3, 1.70761, 1.57786
1.84903, 3, 1.70946, 1.58042
1.85003, 3, 1.71131, 1.58298
1.85103, 3, 1.71316, 1.58555
1.85203, 3, 1.71501, 1.58812
1.85303, 3, 1.71686, 1.5907
1.85403, 3, 1.71871, 1.59327
1.85503, 3, 1.72057, 1.59585
1.85603, 3, 1.72242, 1.59844
1.85703, 3, 1.72428, 1.60102
1.85803, 3, 1.72614, 1.60361
1.85903, 3, 1.728, 1.6062
1.86003, 3, 1.72986, 1.60879
1.86103, 3, 1.73172, 1.61139
1.86203, 3, 1.73358, 1.61399
1.86303, 3, 1.73544, 1.61659
1.86403, 3, 1.73731, 1.6192
1.86503, 3, 1.73917, 1.6218
1.86603, 3, 1.74104, 1.62441
1.86703, 3, 1.7429, 1.62703
1.86803, 3, 1.74477, 1.62964
1.86903, 3, 1.74664, 1.63226
1.87003, 3, 1.74851, 1.63488
1.87103, 3, 1.75038, 1.63751
1.87203, 3, 1.75225, 1.64013
1.87303, 3, 1.75412, 1.64276
1.87403, 3, 1.756, 1.6454
1.87503, 3, 1.75787, 1.64803
1.87603, 3, 1.75975, 1.65067
1.87703, 3, 1.76162, 1.65331
1.87803, 3, 1.7635, 1.65596
1.87903, 3, 1.76538, 1.6586
1.88003, 3, 1.76726, 1.66125
1.88103, 3, 1.76914, 1.6639
1.88203, 3, 1.77102, 1.66656
1.88303, 3, 1.7729, 1.66922
1.88403, 3, 1.77479, 1.67188
1.88503, 3, 1.77667, 1.67454
1.88603, 3, 1.77856, 1.67721
1.88703, 3, 1.78045, 1.67988
1.88803, 3, 1.78233, 1.68255
1.88903, 3, 1.78422, 1.68523
1.89003, 3, 1.78611, 1.6879
1.89103, 3, 1.788, 1.69058
1.89203, 3, 1.78989, 1.69327
1.89303, 3, 1.79179, 1.69595
1.89403, 3, 1.79368, 1.69864
1.89503, 3, 1.79557, 1.70134
1.89603, 3, 1.79747, 1.70403
1.89703, 3, 1.79937, 1.70673
1.89803, 3, 1.80126, 1.70943
1.89903, 3, 1.80316, 1.71213
1.90003, 3, 1.80506, 1.71484
1.90103, 3, 1.80696, 1.71755
1.90203, 3, 1.80886, 1.72026
1.90303, 3, 1.81077, 1.72297
1.90403, 3, 1.81267, 1.72569
1.90503, 3, 1.81458, 1.72841
1.90603, 3, 1.81648, 1.73114
1.90703, 3, 1.81839, 1.73386
1.90803, 3, 1.8203, 1.73659
1.90903, 3, 1.8222, 1.73932
1.91003, 3, 1.82411, 1.74206
1.91103, 3, 1.82602, 1.7448
1.91203, 3, 1.82794, 1.74754
1.91303, 3, 1.82985, 1.75028
1.91403, 3, 1.83176, 1.75303
1.91503, 3, 1.83368, 1.75578
1.91603, 3, 1.83559, 1.75853
1.91703, 3, 1.83751, 1.76128
1.91803, 3, 1.83943, 1.76404
1.91903, 3, 1.84135, 1.7668
1.92003, 3, 1.84326, 1.76957
1.92103, 3, 1.84519, 1.77233
1.92203, 3, 1.84711, 1.7751
1.92303, 3, 1.84903, 1.77787
1.92403, 3, 1.85095, 1.78065
1.92503, 3, 1.85288, 1.78343
1.92603, 3, 1.8548, 1.78621
1.92703, 3, 1.85673, 1.78899
1.92803, 3, 1.85866, 1.79178
1.92903, 3, 1.86059, 1.79457
1.93003, 3, 1.86252, 1.79736
1.93103, 3, 1.86445, 1.80016
1.93203, 3, 1.86638, 1.80295
1.93303, 3, 1.86831, 1.80575
1.93403, 3, 1.87024, 1.80856
1.93503, 3, 1.87218, 1.81137
1.93603, 3, 1.87411, 1.81418
1.93703, 3, 1.87605, 1.81699
1.93803, 3, 1.87799, 1.8198
1.93903, 3, 1.87993, 1.82262
1.94003, 3, 1.88187, 1.82544
1.94103, 3, 1.88381, 1.82827
1.94203, 3, 1.88575, 1.8311
1.94303, 3, 1.88769, 1.83393
1.94403, 3, 1.88964, 1.83676
1.94503, 3, 1.89158, 1.83959
1.94603, 3, 1.89353, 1.84243
1.94703, 3, 1.89547, 1.84528
1.94804, 3, 1.89742, 1.84812
1.94904, 3, 1.89937, 1.85097
1.95004, 3, 1.90132, 1.85382
1.95104, 3, 1.90327, 1.85667
1.95204, 3, 1.90522, 1.85953
1.95304, 3, 1.90717, 1.86239
1.95404, 3, 1.90913, 1.86525
1.95504, 3, 1.91108, 1.86812
1.95604, 3, 1.91304, 1.87098
1.95704, 3, 1.91499, 1.87386
1.95804, 3, 1.91695, 1.87673
1.95904, 3, 1.91891, 1.87961
1.96004, 3, 1.92087, 1.88249
1.96104, 3, 1.92283, 1.88537
1.96204, 3, 1.92479, 1.88826
1.96304, 3, 1.92675, 1.89114
1.96404, 3, 1.92872, 1.89404
1.96504, 3, 1.93068, 1.89693
1.96604, 3, 1.93265, 1.89983
1.96704, 3, 1.93462, 1.90273
1.96804, 3, 1.93658, 1.90563
1.96904, 3, 1.93855, 1.90854
1.97004, 3, 1.94052, 1.91145
1.97104, 3, 1.94249, 1.91436
1.97204, 3, 1.94446, 1.91728
1.97304, 3, 1.94644, 1.92019
1.97404, 3, 1.94841, 1.92312
1.97504, 3, 1.95038, 1.92604
1.97604, 3, 1.95236, 1.92897
1.97704, 3, 1.95434, 1.9319
1.97804, 3, 1.95631, 1.93483
1.97904, 3, 1.95829, 1.93777
1.98004, 3, 1.96027, 1.94071
1.98104, 3, 1.96225, 1.94365
1.98204, 3, 1.96423, 1.94659
1.98304, 3, 1.96622, 1.94954
1.98404, 3, 1.9682, 1.95249
1.98504, 3, 1.97019, 1.95545
1.98604, 3, 1.97217, 1.9584
1.98704, 3, 1.97416, 1.96136
1.98804, 3, 1.97615, 1.96432
1.98904, 3, 1.97813, 1.96729
1.99004, 3, 1.98012, 1.97026
1.99104, 3, 1.98211, 1.97323
1.99204, 3, 1.98411, 1.97621
1.99304, 3, 1.9861, 1.97918
1.99404, 3, 1.98809, 1.98216
1.99504, 3, 1.99009, 1.98515
1.99604, 3, 1.99208, 1.98814
1.99704, 3, 1.99408, 1.99112
1.99804, 3, 1.99608, 1.99412
1.99904, 3, 1.99808, 1.99711
2.00004, 3, 2.00007, 2.00011
2.00104, 3, 2.00208, 2.00311
2.00204, 3, 2.00408, 2.00612
2.00304, 3, 2.00608, 2.00913
2.00404, 3, 2.00808, 2.01214
2.00504, 3, 2.01009, 2.01515
2.00604, 3, 2.01209, 2.01817
2.00704, 3, 2.0141, 2.02119
2.00804, 3, 2.01611, 2.02421
2.00904, 3, 2.01811, 2.02723
2.01004, 3, 2.02012, 2.03026
2.01104, 3, 2.02213, 2.03329
2.01204, 3, 2.02415, 2.03633
2.01304, 3, 2.02616, 2.03937
2.01404, 3, 2.02817, 2.04241
2.01504, 3, 2.03019, 2.04545
2.01604, 3, 2.0322, 2.0485
2.01704, 3, 2.03422, 2.05155
2.01804, 3, 2.03623, 2.0546
2.01904, 3, 2.03825, 2.05765
2.02004, 3, 2.04027, 2.06071
2.02104, 3, 2.04229, 2.06377
2.02204, 3, 2.04431, 2.06684
2.02304, 3, 2.04634, 2.06991
2.02404, 3, 2.04836, 2.07298
2.02504, 3, 2.05038, 2.07605
2.02604, 3, 2.05241, 2.07913
2.02704, 3, 2.05444, 2.08221
2.02804, 3, 2.05646, 2.08529
2.02904, 3, 2.05849, 2.08838
2.03004, 3, 2.06052, 2.09147
2.03104, 3, 2.06255, 2.09456
2.03204, 3, 2.06458, 2.09765
2.03304, 3, 2.06662, 2.10075
2.03403, 3, 2.06865, 2.10385
2.03503, 3, 2.07068, 2.10696
2.03603, 3, 2.07272, 2.11006
2.03703, 3, 2.07476, 2.11317
2.03803, 3, 2.07679, 2.11629
2.03903, 3, 2.07883, 2.1194
2.04003, 3, 2.08087, 2.12252
2.04103, 3, 2.08291, 2.12565
2.04203, 3, 2.08495, 2.12877
2.04303, 3, 2.08699, 2.1319
2.04403, 3, 2.08904, 2.13503
2.04503, 3, 2.09108, 2.13817
2.04603, 3, 2.09313, 2.14131
2.04703, 3, 2.09517, 2.14445
2.04803, 3, 2.09722, 2.14759
2.04903, 3, 2.09927, 2.15074
2.05003, 3, 2.10132, 2.15389
2.05103, 3, 2.10337, 2.15704
2.05203, 3, 2.10542, 2.1602
2.05303, 3, 2.10747, 2.16336
2.05403, 3, 2.10953, 2.16652
2.05503, 3, 2.11158, 2.16969
2.05603, 3, 2.11364, 2.17285
2.05703, 3, 2.11569, 2.17603
2.05803, 3, 2.11775, 2.1792
2.05903, 3, 2.11981, 2.18238
2.06003, 3, 2.12187, 2.18556
2.06103, 3, 2.12393, 2.18874
2.06203, 3, 2.12599, 2.19193
2.06303, 3, 2.12805, 2.19512
2.06403, 3, 2.13012, 2.19831
2.06503, 3, 2.13218, 2.20151
2.06603, 3, 2.13425, 2.20471
2.06703, 3, 2.13631, 2.20791
2.06803, 3, 2.13838, 2.21112
2.06903, 3, 2.14045, 2.21433
2.07003, 3, 2.14252, 2.21754
2.07103, 3, 2.14459, 2.22075
2.07203, 3, 2.14666, 2.22397
2.07303, 3, 2.14873, 2.22719
2.07403, 3, 2.1508, 2.23042
2.07503, 3, 2.15288, 2.23365
2.07603, 3, 2.15495, 2.23688
2.07703, 3, 2.15703, 2.24011
2.07803, 3, 2.15911, 2.24335
2.07903, 3, 2.16119, 2.24659
2.08003, 3, 2.16327, 2.24983
2.08103, 3, 2.16535, 2.25308
2.08203, 3, 2.16743, 2.25633
2.08303, 3, 2.16951, 2.25958
2.08403, 3, 2.17159, 2.26283
2.08503, 3, 2.17368, 2.26609
2.08603, 3, 2.17576, 2.26935
2.08703, 3, 2.17785, 2.27262
2.08803, 3, 2.17994, 2.27589
2.08903, 3, 2.18203, 2.27916
2.09003, 3, 2.18411, 2.28243
2.09103, 3, 2.1862, 2.28571
2.09203, 3, 2.1883, 2.28899
2.09303, 3, 2.19039, 2.29228
2.09403, 3, 2.19248, 2.29556
2.09503, 3, 2.19458, 2.29885
2.09603, 3, 2.19667, 2.30215
2.09703, 3, 2.19877, 2.30544
2.09803, 3, 2.20087, 2.30874
2.09903, 3, 2.20296, 2.31204
2.10003, 3, 2.20506, 2.31535
2.10103, 3, 2.20716, 2.31866
2.10203, 3, 2.20927, 2.32197
2.10303, 3, 2.21137, 2.32529
2.10403, 3, 2.21347, 2.3286
2.10503, 3, 2.21558, 2.33193
2.10603, 3, 2.21768, 2.33525
2.10703, 3, 2.21979, 2.33858
2.10803, 3, 2.22189, 2.34191
2.10903, 3, 2.224, 2.34524
2.11003, 3, 2.22611, 2.34858
2.11103, 3, 2.22822, 2.35192
2.11203, 3, 2.23033, 2.35527
2.11303, 3, 2.23245, 2.35861
2.11403, 3, 2.23456, 2.36196
2.11503, 3, 2.23667, 2.36532
2.11603, 3, 2.23879, 2.36867
2.11703, 3, 2.24091, 2.37203
2.11803, 3, 2.24302, 2.37539
2.11903, 3, 2.24514, 2.37876
2.12003, 3, 2.24726, 2.38213
2.12103, 3, 2.24938, 2.3855
2.12203, 3, 2.2515, 2.38888
2.12303, 3, 2.25363, 2.39226
2.12403, 3, 2.25575, 2.39564
2.12503, 3, 2.25787, 2.39902
2.12603, 3, 2.26, 2.40241
2.12703, 3, 2.26212, 2.4058
2.12803, 3, 2.26425, 2.4092
2.12903, 3, 2.26638, 2.41259
2.13003, 3, 2.26851, 2.41599
2.13103, 3, 2.27064, 2.4194
2.13203, 3, 2.27277, 2.42281
2.13303, 3, 2.2749, 2.42622
2.13403, 3, 2.27704, 2.42963
2.13503, 3, 2.27917, 2.43305
2.13603, 3, 2.28131, 2.43647
2.13703, 3, 2.28344, 2.43989
2.13803, 3, 2.28558, 2.44332
2.13903, 3, 2.28772, 2.44675
2.14003, 3, 2.28986, 2.45018
2.14103, 3, 2.292, 2.45362
2.14203, 3, 2.29414, 2.45706
2.14303, 3, 2.29628, 2.4605
2.14403, 3, 2.29843, 2.46394
2.14503, 3, 2.30057, 2.46739
2.14603, 3, 2.30272, 2.47084
2.14703, 3, 2.30486, 2.4743
2.14803, 3, 2.30701, 2.47776
2.14903, 3, 2.30916, 2.48122
2.15003, 3, 2.31131, 2.48469
2.15103, 3, 2.31346, 2.48815
2.15203, 3, 2.31561, 2.49163
2.15303, 3, 2.31776, 2.4951
2.15403, 3, 2.31991, 2.49858
2.15503, 3, 2.32207, 2.50206
2.15603, 3, 2.32422, 2.50554
2.15703, 3, 2.32638, 2.50903
2.15803, 3, 2.32854, 2.51252
2.15903, 3, 2.3307, 2.51602
2.16003, 3, 2.33286, 2.51951
2.16103, 3, 2.33502, 2.52302
2.16203, 3, 2.33718, 2.52652
2.16303, 3, 2.33934, 2.53003
2.16403, 3, 2.3415, 2.53354
2.16503, 3, 2.34367, 2.53705
2.16603, 3, 2.34583, 2.54057
2.16703, 3, 2.348, 2.54409
2.16803, 3, 2.35017, 2.54761
2.16903, 3, 2.35234, 2.55114
2.17003, 3, 2.3545, 2.55467
2.17103, 3, 2.35667, 2.5582
2.17202, 3, 2.35885, 2.56174
2.17302, 3, 2.36102, 2.56528
2.17402, 3, 2.36319, 2.56882
2.17502, 3, 2.36537, 2.57237
2.17602, 3, 2.36754, 2.57591
2.17702, 3, 2.36972, 2.57947
2.17802, 3, 2.3719, 2.58302
2.17902, 3, 2.37407, 2.58658
2.18002, 3, 2.37625, 2.59014
2.18102, 3, 2.37843, 2.59371
2.18202, 3, 2.38061, 2.59728
2.18302, 3, 2.3828, 2.60085
2.18402, 3, 2.38498, 2.60443
2.18502, 3, 2.38717, 2.60801
2.18602, 3, 2.38935, 2.61159
2.18702, 3, 2.39154, 2.61517
2.18802, 3, 2.39372, 2.61876
2.18902, 3, 2.39591, 2.62235
2.19002, 3, 2.3981, 2.62595
2.19102, 3, 2.40029, 2.62955
2.19202, 3, 2.40248, 2.63315
2.19302, 3, 2.40468, 2.63676
2.19402, 3, 2.40687, 2.64036
2.19502, 3, 2.40906, 2.64398
2.19602, 3, 2.41126, 2.64759
2.19702, 3, 2.41346, 2.65121
2.19802, 3, 2.41565, 2.65483
2.19902, 3, 2.41785, 2.65846
2.20002, 3, 2.42005, 2.66208
2.20102, 3, 2.42225, 2.66571
2.20202, 3, 2.42445, 2.66935
2.20302, 3, 2.42665, 2.67299
2.20402, 3, 2.42886, 2.67663
2.20502, 3, 2.43106, 2.68027
2.20602, 3, 2.43327, 2.68392
2.20702, 3, 2.43547, 2.68757
2.20802, 3, 2.43768, 2.69123
2.20902, 3, 2.43989, 2.69489
2.21002, 3, 2.4421, 2.69855
2.21102, 3, 2.44431, 2.70221
2.21202, 3, 2.44652, 2.70588
2.21302, 3, 2.44873, 2.70955
2.21402, 3, 2.45095, 2.71322
2.21502, 3, 2.45316, 2.7169
2.21602, 3, 2.45538, 2.72058
2.21702, 3, 2.45759, 2.72427
2.21802, 3, 2.45981, 2.72796
2.21902, 3, 2.46203, 2.73165
2.22002, 3, 2.46425, 2.73534
2.22102, 3, 2.46647, 2.73904
2.22202, 3, 2.46869, 2.74274
2.22302, 3, 2.47091, 2.74644
2.22402, 3, 2.47314, 2.75015
2.22502, 3, 2.47536, 2.75386
2.22602, 3, 2.47758, 2.75758
2.22702, 3, 2.47981, 2.7613
2.22802, 3, 2.48204, 2.76502
2.22902, 3, 2.48427, 2.76874
2.23002, 3, 2.4865, 2.77247
2.23102, 3, 2.48873, 2.7762
2.23202, 3, 2.49096, 2.77993
2.23302, 3, 2.49319, 2.78367
2.23402, 3, 2.49542, 2.78741
2.23502, 3, 2.49766, 2.79116
2.23602, 3, 2.49989, 2.79491
2.23702, 3, 2.50213, 2.79866
2.23802, 3, 2.50437, 2.80241
2.23902, 3, 2.50661, 2.80617
2.24002, 3, 2.50884, 2.80993
2.24102, 3, 2.51109, 2.8137
2.24202, 3, 2.51333, 2.81746
2.24302, 3, 2.51557, 2.82124
2.24402, 3, 2.51781, 2.82501
2.24502, 3, 2.52006, 2.82879
2.24602, 3, 2.5223, 2.83257
2.24702, 3, 2.52455, 2.83635
2.24802, 3, 2.5268, 2.84014
2.24902, 3, 2.52904, 2.84393
2.25002, 3, 2.53129, 2.84773
2.25102, 3, 2.53354, 2.85153
2.25202, 3, 2.5358, 2.85533
2.25302, 3, 2.53805, 2.85913
2.25402, 3, 2.5403, 2.86294
2.25502, 3, 2.54256, 2.86676
2.25602, 3, 2.54481, 2.87057
2.25702, 3, 2.54707, 2.87439
2.25802, 3, 2.54932, 2.87821
2.25902, 3, 2.55158, 2.88204
2.26002, 3, 2.55384, 2.88587
2.26102, 3, 2.5561, 2.8897
2.26202, 3, 2.55836, 2.89353
2.26302, 3, 2.56063, 2.89737
2.26402, 3, 2.56289, 2.90121
2.26502, 3, 2.56515, 2.90506
2.26602, 3, 2.56742, 2.90891
2.26702, 3, 2.56969, 2.91276
2.26802, 3, 2.57195, 2.91662
2.26902, 3, 2.57422, 2.92048
2.27002, 3, 2.57649, 2.92434
2.27102, 3, 2.57876, 2.92821
2.27202, 3, 2.58103, 2.93208
2.27302, 3, 2.5833, 2.93595
2.27402, 3, 2.58558, 2.93982
2.27502, 3, 2.58785, 2.9437
2.27602, 3, 2.59013, 2.94759
2.27702, 3, 2.5924, 2.95147
2.27802, 3, 2.59468, 2.95536
2.27902, 3, 2.59696, 2.95926
2.28002, 3, 2.59924, 2.96315
2.28102, 3, 2.60152, 2.96706
2.28202, 3, 2.6038, 2.97096
2.28302, 3, 2.60608, 2.97487
2.28402, 3, 2.60837, 2.97878
2.28502, 3, 2.61065, 2.98269
2.28602, 3, 2.61294, 2.98661
2.28702, 3, 2.61522, 2.99053
2.28802, 3, 2.61751, 2.99445
2.28902, 3, 2.6198, 2.99838
2.29002, 3, 2.62209, 3.00231
2.29102, 3, 2.62438, 3.00625
2.29202, 3, 2.62667, 3.01018
2.29302, 3, 2.62896, 3.01413
2.29402, 3, 2.63125, 3.01807
2.29502, 3, 2.63355, 3.02202
2.29602, 3, 2.63584, 3.02597
2.29702, 3, 2.63814, 3.02993
2.29802, 3, 2.64044, 3.03388
2.29902, 3, 2.64274, 3.03785
2.30002, 3, 2.64504, 3.04181
2.30102, 3, 2.64734, 3.04578
2.30202, 3, 2.64964, 3.04975
2.30302, 3, 2.65194, 3.05373
2.30402, 3, 2.65424, 3.05771
2.30502, 3, 2.65655, 3.06169
2.30602, 3, 2.65885, 3.06568
2.30702, 3, 2.66116, 3.06967
2.30802, 3, 2.66347, 3.07366
2.30902, 3, 2.66578, 3.07766
2.31001, 3, 2.66808, 3.08166
2.31101, 3, 2.67039, 3.08566
2.31201, 3, 2.67271, 3.08967
2.31301, 3, 2.67502, 3.09368
2.31401, 3, 2.67733, 3.09769
2.31501, 3, 2.67965, 3.10171
2.31601, 3, 2.68196, 3.10573
2.31701, 3, 2.68428, 3.10976
2.31801, 3, 2.6866, 3.11378
2.31901, 3, 2.68891, 3.11781
2.32001, 3, 2.69123, 3.12185
2.32101, 3, 2.69355, 3.12589
2.32201, 3, 2.69587, 3.12993
2.32301, 3, 2.6982, 3.13397
2.32401, 3, 2.70052, 3.13802
2.32501, 3, 2.70284, 3.14208
2.32601, 3, 2.70517, 3.14613
2.32701, 3, 2.7075, 3.15019
2.32801, 3, 2.70982, 3.15425
2.32901, 3, 2.71215, 3.15832
2.33001, 3, 2.71448, 3.16239
2.33101, 3, 2.71681, 3.16646
2.33201, 3, 2.71914, 3.17054
2.33301, 3, 2.72148, 3.17462
2.33401, 3, 2.72381, 3.1787
2.33501, 3, 2.72614, 3.18279
2.33601, 3, 2.72848, 3.18688
2.33701, 3, 2.73081, 3.19097
2.33801, 3, 2.73315, 3.19507
2.33901, 3, 2.73549, 3.19917
2.34001, 3, 2.73783, 3.20328
2.34101, 3, 2.74017, 3.20739
2.34201, 3, 2.74251, 3.2115
2.34301, 3, 2.74485, 3.21561
2.34401, 3, 2.7472, 3.21973
2.34501, 3, 2.74954, 3.22385
2.34601, 3, 2.75189, 3.22798
2.34701, 3, 2.75423, 3.23211
2.34801, 3, 2.75658, 3.23624
2.34901, 3, 2.75893, 3.24038
2.35001, 3, 2.76128, 3.24452
2.35101, 3, 2.76363, 3.24866
2.35201, 3, 2.76598, 3.25281
2.35301, 3, 2.76833, 3.25696
2.35401, 3, 2.77069, 3.26111
2.35501, 3, 2.77304, 3.26527
2.35601, 3, 2.7754, 3.26943
2.35701, 3, 2.77775, 3.2736
2.35801, 3, 2.78011, 3.27776
2.35901, 3, 2.78247, 3.28194
2.36001, 3, 2.78483, 3.28611
2.36101, 3, 2.78719, 3.29029
2.36201, 3, 2.78955, 3.29447
2.36301, 3, 2.79191, 3.29866
2.36401, 3, 2.79427, 3.30285
2.36501, 3, 2.79664, 3.30704
2.36601, 3, 2.799, 3.31124
2.36701, 3, 2.80137, 3.31544
2.36801, 3, 2.80374, 3.31964
2.36901, 3, 2.80611, 3.32385
2.37001, 3, 2.80848, 3.32806
2.37101, 3, 2.81085, 3.33227
2.37201, 3, 2.81322, 3.33649
2.37301, 3, 2.81559, 3.34071
2.37401, 3, 2.81796, 3.34494
2.37501, 3, 2.82034, 3.34916
2.37601, 3, 2.82271, 3.3534
2.37701, 3, 2.82509, 3.35763
2.37801, 3, 2.82747, 3.36187
2.37901, 3, 2.82984, 3.36611
2.38001, 3, 2.83222, 3.37036
2.38101, 3, 2.8346, 3.37461
2.38201, 3, 2.83699, 3.37886
2.38301, 3, 2.83937, 3.38312
2.38401, 3, 2.84175, 3.38738
2.38501, 3, 2.84414, 3.39164
2.38601, 3, 2.84652, 3.39591
2.38701, 3, 2.84891, 3.40018
2.38801, 3, 2.85129, 3.40446
2.38901, 3, 2.85368, 3.40874
2.39001, 3, 2.85607, 3.41302
2.39101, 3, 2.85846, 3.4173
2.39201, 3, 2.86085, 3.42159
2.39301, 3, 2.86325, 3.42589
2.39401, 3, 2.86564, 3.43018
2.39501, 3, 2.86803, 3.43448
2.39601, 3, 2.87043, 3.43879
2.39701, 3, 2.87283, 3.44309
2.39801, 3, 2.87522, 3.4474
2.39901, 3, 2.87762, 3.45172
2.40001, 3, 2.88002, 3.45604
2.40101, 3, 2.88242, 3.46036
2.40201, 3, 2.88482, 3.46468
2.40301, 3, 2.88722, 3.46901
2.40401, 3, 2.88963, 3.47334
2.40501, 3, 2.89203, 3.47768
2.40601, 3, 2.89444, 3.48202
2.40701, 3, 2.89684, 3.48636
2.40801, 3, 2.89925, 3.49071
2.40901, 3, 2.90166, 3.49506
2.41001, 3, 2.90407, 3.49941
2.41101, 3, 2.90648, 3.50377
2.41201, 3, 2.90889, 3.50813
2.41301, 3, 2.9113, 3.5125
2.41401, 3, 2.91372, 3.51687
2.41501, 3, 2.91613, 3.52124
2.41601, 3, 2.91855, 3.52561
2.41701, 3, 2.92096, 3.52999
2.41801, 3, 2.92338, 3.53438
2.41901, 3, 2.9258, 3.53876
2.42001, 3, 2.92822, 3.54315
2.42101, 3, 2.93064, 3.54755
2.42201, 3, 2.93306, 3.55194
2.42301, 3, 2.93548, 3.55634
2.42401, 3, 2.9379, 3.56075
2.42501, 3, 2.94033, 3.56516
2.42601, 3, 2.94275, 3.56957
2.42701, 3, 2.94518, 3.57399
2.42801, 3, 2.94761, 3.57841
2.42901, 3, 2.95004, 3.58283
2.43001, 3, 2.95247, 3.58725
2.43101, 3, 2.9549, 3.59168
2.43201, 3, 2.95733, 3.59612
2.43301, 3, 2.95976, 3.60056
2.43401, 3, 2.96219, 3.605
2.43501, 3, 2.96463, 3.60944
2.43601, 3, 2.96706, 3.61389
2.43701, 3, 2.9695, 3.61834
2.43801, 3, 2.97194, 3.6228
2.43901, 3, 2.97437, 3.62726
2.44001, 3, 2.97681, 3.63172
2.44101, 3, 2.97925, 3.63619
2.44201, 3, 2.9817, 3.64066
2.44301, 3, 2.98414, 3.64513
2.44401, 3, 2.98658, 3.64961
2.44501, 3, 2.98903, 3.65409
2.44601, 3, 2.99147, 3.65858
2.44701, 3, 2.99392, 3.66306
2.448, 3, 2.99636, 3.66756
2.449, 3, 2.99881, 3.67205
2.45, 3, 3.00126, 3.67655
2.451, 3, 3.00371, 3.68106
2.452, 3, 3.00616, 3.68556
2.453, 3, 3.00862, 3.69007
2.454, 3, 3.01107, 3.69459
2.455, 3, 3.01352, 3.69911
2.456, 3, 3.01598, 3.70363
2.457, 3, 3.01844, 3.70815
2.458, 3, 3.02089, 3.71268
2.459, 3, 3.02335, 3.71722
2.46, 3, 3.02581, 3.72175
2.461, 3, 3.02827, 3.72629
2.462, 3, 3.03073, 3.73084
2.463, 3, 3.03319, 3.73538
2.464, 3, 3.03566, 3.73994
2.465, 3, 3.03812, 3.74449
2.466, 3, 3.04059, 3.74905
2.467, 3, 3.04305, 3.75361
2.468, 3, 3.04552, 3.75818
2.469, 3, 3.04799, 3.76275
2.47, 3, 3.05046, 3.76732
2.471, 3, 3.05293, 3.7719
2.472, 3, 3.0554, 3.77648
2.473, 3, 3.05787, 3.78106
2.474, 3, 3.06035, 3.78565
2.475, 3, 3.06282, 3.79024
2.476, 3, 3.0653, 3.79484
2.477, 3, 3.06777, 3.79944
2.478, 3, 3.07025, 3.80404
2.479, 3, 3.07273, 3.80865
2.48, 3, 3.07521, 3.81326
2.481, 3, 3.07769, 3.81787
2.482, 3, 3.08017, 3.82249
2.483, 3, 3.08265, 3.82711
2.484, 3, 3.08513, 3.83174
2.485, 3, 3.08762, 3.83637
2.486, 3, 3.0901, 3.841
2.487, 3, 3.09259, 3.84564
2.488, 3, 3.09508, 3.85028
2.489, 3, 3.09757, 3.85492
2.49, 3, 3.10005, 3.85957
2.491, 3, 3.10255, 3.86422
2.492, 3, 3.10504, 3.86888
2.493, 3, 3.10753, 3.87354
2.494, 3, 3.11002, 3.8782
2.495, 3, 3.11252, 3.88287
2.496, 3, 3.11501, 3.88754
2.497, 3, 3.11751, 3.89221
2.498, 3, 3.12001, 3.89689
2.499, 3, 3.1225, 3.90157
2.5, 3, 3.125, 3.90626
2.501, 3, 3.1275, 3.91094
2.502, 3, 3.13, 3.91564
2.503, 3, 3.13251, 3.92033
2.504, 3, 3.13501, 3.92503
2.505, 3, 3.13751, 3.92974
2.506, 3, 3.14002, 3.93445
2.507, 3, 3.14253, 3.93916
2.508, 3, 3.14503, 3.94387
2.509, 3, 3.14754, 3.94859
2.51, 3, 3.15005, 3.95332
2.511, 3, 3.15256, 3.95804
2.512, 3, 3.15507, 3.96277
2.513, 3, 3.15759, 3.96751
2.514, 3, 3.1601, 3.97224
2.515, 3, 3.16261, 3.97699
2.516, 3, 3.16513, 3.98173
2.517, 3, 3.16764, 3.98648
2.518, 3, 3.17016, 3.99123
2.519, 3, 3.17268, 3.99599
2.52, 3, 3.1752, 4.00075
2.521, 3, 3.17772, 4.00552
2.522, 3, 3.18024, 4.01028
2.523, 3, 3.18276, 4.01506
2.524, 3, 3.18529, 4.01983
2.525, 3, 3.18781, 4.02461
2.526, 3, 3.19034, 4.02939
2.527, 3, 3.19286, 4.03418
2.528, 3, 3.19539, 4.03897
2.529, 3, 3.19792, 4.04377
2.53, 3, 3.20045, 4.04856
2.531, 3, 3.20298, 4.05337
2.532, 3, 3.20551, 4.05817
2.533, 3, 3.20804, 4.06298
2.534, 3, 3.21057, 4.0678
2.535, 3, 3.21311, 4.07261
2.536, 3, 3.21564, 4.07744
2.537, 3, 3.21818, 4.08226
2.538, 3, 3.22072, 4.08709
2.539, 3, 3.22326, 4.09192
2.54, 3, 3.2258, 4.09676
2.541, 3, 3.22834, 4.1016
2.542, 3, 3.23088, 4.10644
2.543, 3, 3.23342, 4.11129
2.544, 3, 3.23596, 4.11614
2.545, 3, 3.23851, 4.121
2.546, 3, 3.24105, 4.12586
2.547, 3, 3.2436, 4.13072
2.548, 3, 3.24615, 4.13559
2.549, 3, 3.24869, 4.14046
2.55, 3, 3.25124, 4.14533
2.551, 3, 3.25379, 4.15021
2.552, 3, 3.25635, 4.15509
2.553, 3, 3.2589, 4.15998
2.554, 3, 3.26145, 4.16487
2.555, 3, 3.26401, 4.16976
2.556, 3, 3.26656, 4.17466
2.557, 3, 3.26912, 4.17956
2.558, 3, 3.27167, 4.18447
2.559, 3, 3.27423, 4.18938
2.56, 3, 3.27679, 4.19429
2.561, 3, 3.27935, 4.19921
2.562, 3, 3.28191, 4.20413
2.563, 3, 3.28448, 4.20905
2.564, 3, 3.28704, 4.21398
2.565, 3, 3.2896, 4.21891
2.566, 3, 3.29217, 4.22385
2.567, 3, 3.29474, 4.22879
2.568, 3, 3.2973, 4.23373
2.569, 3, 3.29987, 4.23868
2.57, 3, 3.30244, 4.24363
2.571, 3, 3.30501, 4.24858
2.572, 3, 3.30758, 4.25354
2.573, 3, 3.31015, 4.25851
2.574, 3, 3.31273, 4.26347
2.575, 3, 3.3153, 4.26844
2.576, 3, 3.31788, 4.27342
2.577, 3, 3.32045, 4.2784
2.578, 3, 3.32303, 4.28338
2.579, 3, 3.32561, 4.28836
2.58, 3, 3.32819, 4.29335
2.581, 3, 3.33077, 4.29835
2.582, 3, 3.33335, 4.30335
2.583, 3, 3.33593, 4.30835
2.584, 3, 3.33852, 4.31335
2.585, 3, 3.3411, 4.31836
2.58599, 3, 3.34368, 4.32338
2.58699, 3, 3.34627, 4.32839
2.58799, 3, 3.34886, 4.33341
2.58899, 3, 3.35145, 4.33844
2.58999, 3, 3.35404, 4.34347
2.59099, 3, 3.35663, 4.3485
2.59199, 3, 3.35922, 4.35354
2.59299, 3, 3.36181, 4.35858
2.59399, 3, 3.3644, 4.36362
2.59499, 3, 3.367, 4.36867
2.59599, 3, 3.36959, 4.37372
2.59699, 3, 3.37219, 4.37878
2.59799, 3, 3.37479, 4.38384
2.59899, 3, 3.37738, 4.3889
2.59999, 3, 3.37998, 4.39397
2.60099, 3, 3.38258, 4.39904
2.60199, 3, 3.38519, 4.40412
2.60299, 3, 3.38779, 4.4092
2.60399, 3, 3.39039, 4.41428
2.60499, 3, 3.393, 4.41937
2.60599, 3, 3.3956, 4.42446
2.60699, 3, 3.39821, 4.42955
2.60799, 3, 3.40081, 4.43465
2.60899, 3, 3.40342, 4.43975
2.60999, 3, 3.40603, 4.44486
2.61099, 3, 3.40864, 4.44997
2.61199, 3, 3.41125, 4.45509
2.61299, 3, 3.41387, 4.4602
2.61399, 3, 3.41648, 4.46533
2.61499, 3, 3.41909, 4.47045
2.61599, 3, 3.42171, 4.47558
2.61699, 3, 3.42433, 4.48072
2.61799, 3, 3.42694, 4.48586
2.61899, 3, 3.42956, 4.491
2.61999, 3, 3.43218, 4.49614
2.62099, 3, 3.4348, 4.50129
2.62199, 3, 3.43742, 4.50645
2.62299, 3, 3.44004, 4.5116
2.62399, 3, 3.44267, 4.51677
2.62499, 3, 3.44529, 4.52193
2.62599, 3, 3.44792, 4.5271
2.62699, 3, 3.45054, 4.53228
2.62799, 3, 3.45317, 4.53745
2.62899, 3, 3.4558, 4.54263
2.62999, 3, 3.45843, 4.54782
2.63099, 3, 3.46106, 4.55301
2.63199, 3, 3.46369, 4.5582
2.63299, 3, 3.46632, 4.5634
2.63399, 3, 3.46896, 4.5686
2.63499, 3, 3.47159, 4.5738
2.63599, 3, 3.47423, 4.57901
2.63699, 3, 3.47686, 4.58423
2.63799, 3, 3.4795, 4.58944
2.63899, 3, 3.48214, 4.59466
2.63999, 3, 3.48478, 4.59989
2.64099, 3, 3.48742, 4.60512
2.64199, 3, 3.49006, 4.61035
2.64299, 3, 3.4927, 4.61559
2.64399, 3, 3.49534, 4.62083
2.64499, 3, 3.49799, 4.62607
2.64599, 3, 3.50063, 4.63132
2.64699, 3, 3.50328, 4.63657
2.64799, 3, 3.50593, 4.64183
2.64899, 3, 3.50857, 4.64709
2.64999, 3, 3.51122, 4.65236
2.65099, 3, 3.51387, 4.65762
2.65199, 3, 3.51653, 4.6629
2.65299, 3, 3.51918, 4.66817
2.65399, 3, 3.52183, 4.67345
2.65499, 3, 3.52449, 4.67874
2.65599, 3, 3.52714, 4.68403
2.65699, 3, 3.5298, 4.68932
2.65799, 3, 3.53245, 4.69461
2.65899, 3, 3.53511, 4.69991
2.65999, 3, 3.53777, 4.70522
2.66099, 3, 3.54043, 4.71053
2.66199, 3, 3.54309, 4.71584
2.66299, 3, 3.54576, 4.72116
2.66399, 3, 3.54842, 4.72648
2.66499, 3, 3.55108, 4.7318
2.66599, 3, 3.55375, 4.73713
2.66699, 3, 3.55642, 4.74246
2.66799, 3, 3.55908, 4.7478
2.66899, 3, 3.56175, 4.75314
2.66999, 3, 3.56442, 4.75848
2.67099, 3, 3.56709, 4.76383
2.67199, 3, 3.56976, 4.76918
2.67299, 3, 3.57243, 4.77454
2.67399, 3, 3.57511, 4.7799
2.67499, 3, 3.57778, 4.78526
2.67599, 3, 3.58046, 4.79063
2.67699, 3, 3.58313, 4.796
2.67799, 3, 3.58581, 4.80138
2.67899, 3, 3.58849, 4.80676
2.67999, 3, 3.59117, 4.81214
2.68099, 3, 3.59385, 4.81753
2.68199, 3, 3.59653, 4.82293
2.68299, 3, 3.59921, 4.82832
2.68399, 3, 3.6019, 4.83372
2.68499, 3, 3.60458, 4.83913
2.68599, 3, 3.60726, 4.84453
2.68699, 3, 3.60995, 4.84995
2.68799, 3, 3.61264, 4.85536
2.68899, 3, 3.61533, 4.86078
2.68999, 3, 3.61802, 4.86621
2.69099, 3, 3.62071, 4.87164
2.69199, 3, 3.6234, 4.87707
2.69299, 3, 3.62609, 4.88251
2.69399, 3, 3.62878, 4.88795
2.69499, 3, 3.63148, 4.89339
2.69599, 3, 3.63417, 4.89884
2.69699, 3, 3.63687, 4.90429
2.69799, 3, 3.63957, 4.90975
2.69899, 3, 3.64226, 4.91521
2.69999, 3, 3.64496, 4.92068
2.70099, 3, 3.64766, 4.92615
2.70199, 3, 3.65037, 4.93162
2.70299, 3, 3.65307, 4.9371
2.70399, 3, 3.65577, 4.94258
2.70499, 3, 3.65848, 4.94806
2.70599, 3, 3.66118, 4.95355
2.70699, 3, 3.66389, 4.95905
2.70799, 3, 3.66659, 4.96454
2.70899, 3, 3.6693, 4.97005
2.70999, 3, 3.67201, 4.97555
2.71099, 3, 3.67472, 4.98106
2.71199, 3, 3.67743, 4.98657
2.71299, 3, 3.68015, 4.99209
2.71399, 3, 3.68286, 4.99761
2.71499, 3, 3.68557, 5.00314
2.71599, 3, 3.68829, 5.00867
2.71699, 3, 3.691, 5.0142
2.71799, 3, 3.69372, 5.01974
2.71899, 3, 3.69644, 5.02528
2.71999, 3, 3.69916, 5.03083
2.72099, 3, 3.70188, 5.03638
2.72199, 3, 3.7046, 5.04193
2.72299, 3, 3.70732, 5.04749
2.72398, 3, 3.71005, 5.05306
2.72498, 3, 3.71277, 5.05862
2.72598, 3, 3.7155, 5.06419
2.72698, 3, 3.71822, 5.06977
2.72798, 3, 3.72095, 5.07535
2.72898, 3, 3.72368, 5.08093
2.72998, 3, 3.72641, 5.08652
2.73098, 3, 3.72914, 5.09211
2.73198, 3, 3.73187, 5.0977
2.73298, 3, 3.7346, 5.1033
2.73398, 3, 3.73733, 5.10891
2.73498, 3, 3.74007, 5.11451
2.73598, 3, 3.7428, 5.12013
2.73698, 3, 3.74554, 5.12574
2.73798, 3, 3.74828, 5.13136
2.73898, 3, 3.75102, 5.13699
2.73998, 3, 3.75376, 5.14261
2.74098, 3, 3.7565, 5.14825
2.74198, 3, 3.75924, 5.15388
2.74298, 3, 3.76198, 5.15952
2.74398, 3, 3.76472, 5.16517
2.74498, 3, 3.76747, 5.17082
2.74598, 3, 3.77021, 5.17647
2.74698, 3, 3.77296, 5.18213
2.74798, 3, 3.77571, 5.18779
2.74898, 3, 3.77845, 5.19345
2.74998, 3, 3.7812, 5.19912
2.75098, 3, 3.78395, 5.2048
2.75198, 3, 3.78671, 5.21047
2.75298, 3, 3.78946, 5.21616
2.75398, 3, 3.79221, 5.22184
2.75498, 3, 3.79496, 5.22753
2.75598, 3, 3.79772, 5.23323
2.75698, 3, 3.80048, 5.23892
2.75798, 3, 3.80323, 5.24463
2.75898, 3, 3.80599, 5.25033
2.75998, 3, 3.80875, 5.25604
2.76098, 3, 3.81151, 5.26176
2.76198, 3, 3.81427, 5.26748
2.76298, 3, 3.81704, 5.2732
2.76398, 3, 3.8198, 5.27893
2.76498, 3, 3.82256, 5.28466
2.76598, 3, 3.82533, 5.29039
2.76698, 3, 3.82809, 5.29613
2.76798, 3, 3.83086, 5.30188
2.76898, 3, 3.83363, 5.30763
2.76998, 3, 3.8364, 5.31338
2.77098, 3, 3.83917, 5.31913
2.77198, 3, 3.84194, 5.32489
2.77298, 3, 3.84471, 5.33066
2.77398, 3, 3.84749, 5.33643
2.77498, 3, 3.85026, 5.3422
2.77598, 3, 3.85304, 5.34798
2.77698, 3, 3.85581, 5.35376
2.77798, 3, 3.85859, 5.35954
2.77898, 3, 3.86137, 5.36533
2.77998, 3, 3.86415, 5.37113
2.78098, 3, 3.86693, 5.37692
2.78198, 3, 3.86971, 5.38273
2.78298, 3, 3.87249, 5.38853
2.78398, 3, 3.87527, 5.39434
2.78498, 3, 3.87806, 5.40016
2.78598, 3, 3.88084, 5.40598
2.78698, 3, 3.88363, 5.4118
2.78798, 3, 3.88642, 5.41763
2.78898, 3, 3.88921, 5.42346
2.78998, 3, 3.89199, 5.42929
2.79098, 3, 3.89478, 5.43513
2.79198, 3, 3.89758, 5.44098
2.79298, 3, 3.90037, 5.44683
2.79398, 3, 3.90316, 5.45268
2.79498, 3, 3.90596, 5.45853
2.79598, 3, 3.90875, 5.46439
2.79698, 3, 3.91155, 5.47026
2.79798, 3, 3.91434, 5.47613
2.79898, 3, 3.91714, 5.482
2.79998, 3, 3.91994, 5.48788
2.80098, 3, 3.92274, 5.49376
2.80198, 3, 3.92554, 5.49965
2.80298, 3, 3.92835, 5.50554
2.80398, 3, 3.93115, 5.51143
2.80498, 3, 3.93395, 5.51733
2.80598, 3, 3.93676, 5.52323
2.80698, 3, 3.93957, 5.52914
2.80798, 3, 3.94237, 5.53505
2.80898, 3, 3.94518, 5.54096
2.80998, 3, 3.94799, 5.54688
2.81098, 3, 3.9508, 5.55281
2.81198, 3, 3.95361, 5.55874
2.81298, 3, 3.95642, 5.56467
2.81398, 3, 3.95924, 5.5706
2.81498, 3, 3.96205, 5.57654
2.81598, 3, 3.96487, 5.58249
2.81698, 3, 3.96768, 5.58844
2.81798, 3, 3.9705, 5.59439
2.81898, 3, 3.97332, 5.60035
2.81998, 3, 3.97614, 5.60631
2.82098, 3, 3.97896, 5.61228
2.82198, 3, 3.98178, 5.61825
2.82298, 3, 3.9846, 5.62422
2.82398, 3, 3.98743, 5.63021
2.82498, 3, 3.99025, 5.63618
2.82598, 3, 3.99307, 5.64217
2.82698, 3, 3.9959, 5.64816
2.82798, 3, 3.99873, 5.65416
2.82898, 3, 4.00156, 5.66016
2.82998, 3, 4.00439, 5.66616
2.83098, 3, 4.00722, 5.67217
2.83198, 3, 4.01005, 5.67818
2.83298, 3, 4.01288, 5.6842
2.83398, 3, 4.01571, 5.69022
2.83498, 3, 4.01855, 5.69624
2.83598, 3, 4.02138, 5.70227
2.83698, 3, 4.02422, 5.70831
2.83798, 3, 4.02706, 5.71435
2.83898, 3, 4.02989, 5.72039
2.83998, 3, 4.03273, 5.72643
2.84098, 3, 4.03557, 5.73248
2.84198, 3, 4.03841, 5.73854
2.84298, 3, 4.04126, 5.7446
2.84398, 3, 4.0441, 5.75066
2.84498, 3, 4.04694, 5.75673
2.84598, 3, 4.04979, 5.7628
2.84698, 3, 4.05264, 5.76888
2.84798, 3, 4.05548, 5.77496
2.84898, 3, 4.05833, 5.78104
2.84998, 3, 4.06118, 5.78713
2.85098, 3, 4.06403, 5.79323
2.85198, 3, 4.06688, 5.79932
2.85298, 3, 4.06974, 5.80543
2.85398, 3, 4.07259, 5.81153
2.85498, 3, 4.07544, 5.81764
2.85598, 3, 4.0783, 5.82376
2.85698, 3, 4.08115, 5.82988
2.85798, 3, 4.08401, 5.836
2.85898, 3, 4.08687, 5.84213
2.85998, 3, 4.08973, 5.84826
2.86098, 3, 4.09259, 5.8544
2.86197, 3, 4.09545, 5.86054
2.86297, 3, 4.09831, 5.86668
2.86397, 3, 4.10118, 5.87283
2.86497, 3, 4.10404, 5.87899
2.86597, 3, 4.10691, 5.88514
2.86697, 3, 4.10977, 5.89131
2.86797, 3, 4.11264, 5.89747
2.86897, 3, 4.11551, 5.90364
2.86997, 3, 4.11838, 5.90982
2.87097, 3, 4.12125, 5.916
2.87197, 3, 4.12412, 5.92218
2.87297, 3, 4.12699, 5.92837
2.87397, 3, 4.12986, 5.93456
2.87497, 3, 4.13274, 5.94076
2.87597, 3, 4.13561, 5.94696
2.87697, 3, 4.13849, 5.95316
2.87797, 3, 4.14137, 5.95937
2.87897, 3, 4.14424, 5.96559
2.87997, 3, 4.14712, 5.9718
2.88097, 3, 4.15, 5.97803
2.88197, 3, 4.15289, 5.98425
2.88297, 3, 4.15577, 5.99048
2.88397, 3, 4.15865, 5.99672
2.88497, 3, 4.16154, 6.00296
2.88597, 3, 4.16442, 6.0092
2.88697, 3, 4.16731, 6.01545
2.88797, 3, 4.17019, 6.0217
2.88897, 3, 4.17308, 6.02797
2.88997, 3, 4.17597, 6.03422
2.89097, 3, 4.17886, 6.04049
2.89197, 3, 4.18175, 6.04676
2.89297, 3, 4.18465, 6.05303
2.89397, 3, 4.18754, 6.05931
2.89497, 3, 4.19043, 6.06559
2.89597, 3, 4.19333, 6.07188
2.89697, 3, 4.19622, 6.07817
2.89797, 3, 4.19912, 6.08447
2.89897, 3, 4.20202, 6.09077
2.89997, 3, 4.20492, 6.09707
2.90097, 3, 4.20782, 6.10338
2.90197, 3, 4.21072, 6.10971
2.90297, 3, 4.21362, 6.11601
2.90397, 3, 4.21653, 6.12234
2.90497, 3, 4.21943, 6.12866
2.90597, 3, 4.22234, 6.13499
2.90697, 3, 4.22524, 6.14133
2.90797, 3, 4.22815, 6.14767
2.90897, 3, 4.23106, 6.15401
2.90997, 3, 4.23397, 6.16036
2.91097, 3, 4.23688, 6.16671
2.91197, 3, 4.23979, 6.17307
2.91297, 3, 4.2427, 6.17943
2.91397, 3, 4.24561, 6.1858
2.91497, 3, 4.24853, 6.19217
2.91597, 3, 4.25144, 6.19854
2.91697, 3, 4.25436, 6.20492
2.91797, 3, 4.25728, 6.21131
2.91897, 3, 4.2602, 6.21769
2.91997, 3, 4.26311, 6.22408
2.92097, 3, 4.26604, 6.23048
2.92197, 3, 4.26896, 6.23688
2.92297, 3, 4.27188, 6.24329
2.92397, 3, 4.2748, 6.2497
2.92497, 3, 4.27773, 6.25611
2.92597, 3, 4.28065, 6.26253
2.92697, 3, 4.28358, 6.26895
2.92797, 3, 4.2865, 6.27538
2.92897, 3, 4.28943, 6.28181
2.92997, 3, 4.29236, 6.28825
2.93097, 3, 4.29529, 6.29469
2.93197, 3, 4.29822, 6.30113
2.93297, 3, 4.30116, 6.30758
2.93397, 3, 4.30409, 6.31403
2.93497, 3, 4.30702, 6.32049
2.93597, 3, 4.30996, 6.32695
2.93697, 3, 4.31289, 6.33342
2.93797, 3, 4.31583, 6.33989
2.93897, 3, 4.31877, 6.34637
2.93997, 3, 4.32171, 6.35285
2.94097, 3, 4.32465, 6.35933
2.94197, 3, 4.32759, 6.36582
2.94297, 3, 4.33053, 6.37231
2.94397, 3, 4.33348, 6.37881
2.94497, 3, 4.33642, 6.38531
2.94597, 3, 4.33937, 6.39182
2.94697, 3, 4.34231, 6.39833
2.94797, 3, 4.34526, 6.40484
2.94897, 3, 4.34821, 6.41136
2.94997, 3, 4.35116, 6.41789
2.95097, 3, 4.35411, 6.42442
2.95197, 3, 4.35706, 6.43095
2.95297, 3, 4.36001, 6.43749
2.95397, 3, 4.36296, 6.44403
2.95497, 3, 4.36592, 6.45058
2.95597, 3, 4.36887, 6.45713
2.95697, 3, 4.37183, 6.46368
2.95797, 3, 4.37479, 6.47024
2.95897, 3, 4.37775, 6.4768
2.95997, 3, 4.3807, 6.48337
2.96097, 3, 4.38367, 6.48995
2.96197, 3, 4.38663, 6.49652
2.96297, 3, 4.38959, 6.5031
2.96397, 3, 4.39255, 6.50969
2.96497, 3, 4.39552, 6.51628
2.96597, 3, 4.39848, 6.52288
2.96697, 3, 4.40145, 6.52948
2.96797, 3, 4.40441, 6.53608
2.96897, 3, 4.40738, 6.54269
2.96997, 3, 4.41035, 6.5493
2.97097, 3, 4.41332, 6.55592
2.97197, 3, 4.41629, 6.56254
2.97297, 3, 4.41927, 6.56917
2.97397, 3, 4.42224, 6.5758
2.97497, 3, 4.42521, 6.58243
2.97597, 3, 4.42819, 6.58907
2.97697, 3, 4.43117, 6.59572
2.97797, 3, 4.43414, 6.60236
2.97897, 3, 4.43712, 6.60903
2.97997, 3, 4.4401, 6.61567
2.98097, 3, 4.44308, 6.62234
2.98197, 3, 4.44606, 6.629
2.98297, 3, 4.44904, 6.63568
2.98397, 3, 4.45203, 6.64235
2.98497, 3, 4.45501, 6.64903
2.98597, 3, 4.458, 6.65571
2.98697, 3, 4.46098, 6.6624
2.98797, 3, 4.46397, 6.66909
2.98897, 3, 4.46696, 6.6758
2.98997, 3, 4.46995, 6.68249
2.99097, 3, 4.47294, 6.6892
2.99197, 3, 4.47593, 6.69591
2.99297, 3, 4.47892, 6.70263
2.99397, 3, 4.48191, 6.70935
2.99497, 3, 4.48491, 6.71607
2.99597, 3, 4.4879, 6.7228
2.99697, 3, 4.4909, 6.72954
2.99797, 3, 4.4939, 6.73627
2.99897, 3, 4.4969, 6.74302
2.99996, 3, 4.4999, 6.74976
