time x y z
0, -nan, -nan, -nan
0.001, nan, nan, nan
0.002, nan, nan, nan
0.003, nan, nan, nan
0.004, nan, nan, nan
0.005, nan, nan, nan
0.006, nan, nan, nan
0.007, nan, nan, nan
0.008, nan, nan, nan
0.009, nan, nan, nan
0.01, nan, nan, nan
0.011, nan, nan, nan
0.012, nan, nan, nan
0.013, nan, nan, nan
0.014, nan, nan, nan
0.015, nan, nan, nan
0.016, nan, nan, nan
0.017, nan, nan, nan
0.018, nan, nan, nan
0.019, nan, nan, nan
0.02, nan, nan, nan
0.021, nan, nan, nan
0.022, nan, nan, nan
0.023, nan, nan, nan
0.024, nan, nan, nan
0.025, nan, nan, nan
0.026, nan, nan, nan
0.027, nan, nan, nan
0.028, nan, nan, nan
0.029, nan, nan, nan
0.03, nan, nan, nan
0.031, nan, nan, nan
0.032, nan, nan, nan
0.033, nan, nan, nan
0.034, nan, nan, nan
0.035, nan, nan, nan
0.036, nan, nan, nan
0.037, nan, nan, nan
0.038, nan, nan, nan
0.039, nan, nan, nan
0.04, nan, nan, nan
0.041, nan, nan, nan
0.042, nan, nan, nan
0.043, nan, nan, nan
0.044, nan, nan, nan
0.045, nan, nan, nan
0.046, nan, nan, nan
0.047, nan, nan, nan
0.048, nan, nan, nan
0.049, nan, nan, nan
0.05, nan, nan, nan
0.051, nan, nan, nan
0.052, nan, nan, nan
0.053, nan, nan, nan
0.054, nan, nan, nan
0.055, nan, nan, nan
0.056, nan, nan, nan
0.057, nan, nan, nan
0.058, nan, nan, nan
0.059, nan, nan, nan
0.06, nan, nan, nan
0.061, nan, nan, nan
0.062, nan, nan, nan
0.0629999, nan, nan, nan
0.064, 3, 31.186, 1.99863
0.065, 3, 30.7043, 1.99859
0.066, 3, 30.2371, 1.99855
0.067, 3, 29.7838, 1.9985
0.068, 3, 29.3438, 1.99846
0.069, 3, 28.9166, 1.99841
0.07, 3, 28.5015, 1.99837
0.071, 3, 28.0981, 1.99832
0.072, 3, 27.7058, 1.99827
0.073, 3, 27.3243, 1.99822
0.074, 3, 26.9531, 1.99818
0.075, 3, 26.5917, 1.99813
0.076, 3, 26.2398, 1.99808
0.077, 3, 25.8971, 1.99802
0.078, 3, 25.5631, 1.99797
0.079, 3, 25.2375, 1.99792
0.08, 3, 24.92, 1.99787
0.081, 3, 24.6104, 1.99781
0.082, 3, 24.3083, 1.99776
0.083, 3, 24.0134, 1.9977
0.084, 3, 23.7256, 1.99765
0.085, 3, 23.4445, 1.99759
0.086, 3, 23.1699, 1.99754
0.087, 3, 22.9016, 1.99748
0.088, 3, 22.6393, 1.99742
0.089, 3, 22.383, 1.99736
0.09, 3, 22.1323, 1.9973
0.091, 3, 21.8871, 1.99724
0.092, 3, 21.6472, 1.99718
0.093, 3, 21.4124, 1.99712
0.094, 3, 21.1827, 1.99706
0.095, 3, 20.9577, 1.99699
0.096, 3, 20.7374, 1.99693
0.097, 3, 20.5216, 1.99687
0.098, 3, 20.3102, 1.9968
0.099, 3, 20.1031, 1.99673
0.1, 3, 19.9001, 1.99667
0.101, 3, 19.7011, 1.9966
0.102, 3, 19.5059, 1.99653
0.103, 3, 19.3146, 1.99647
0.104, 3, 19.1269, 1.9964
0.105, 3, 18.9427, 1.99633
0.106, 3, 18.762, 1.99626
0.107, 3, 18.5847, 1.99619
0.108, 3, 18.4106, 1.99611
0.109, 3, 18.2397, 1.99604
0.11, 3, 18.0719, 1.99597
0.111, 3, 17.9071, 1.9959
0.112, 3, 17.7453, 1.99582
0.113, 3, 17.5862, 1.99575
0.114, 3, 17.43, 1.99567
0.115, 3, 17.2764, 1.99559
0.116, 3, 17.1255, 1.99552
0.117, 3, 16.9771, 1.99544
0.118, 3, 16.8313, 1.99536
0.119, 3, 16.6879, 1.99528
0.12, 3, 16.5468, 1.9952
0.121, 3, 16.4081, 1.99512
0.122, 3, 16.2716, 1.99504
0.123, 3, 16.1373, 1.99496
0.124, 3, 16.0052, 1.99488
0.125, 3, 15.8752, 1.9948
0.126, 3, 15.7472, 1.99471
0.127, 3, 15.6212, 1.99463
0.128, 3, 15.4972, 1.99454
0.129, 3, 15.375, 1.99446
0.13, 3, 15.2548, 1.99437
0.131, 3, 15.1364, 1.99428
0.132, 3, 15.0197, 1.9942
0.133, 3, 14.9048, 1.99411
0.134, 3, 14.7916, 1.99402
0.135, 3, 14.68, 1.99393
0.136, 3, 14.5701, 1.99384
0.137, 3, 14.4617, 1.99375
0.138, 3, 14.355, 1.99366
0.139, 3, 14.2497, 1.99357
0.14, 3, 14.1459, 1.99347
0.141, 3, 14.0436, 1.99338
0.142, 3, 13.9427, 1.99329
0.143, 3, 13.8432, 1.99319
0.144, 3, 13.7451, 1.9931
0.145, 3, 13.6483, 1.993
0.146, 3, 13.5529, 1.9929
0.147, 3, 13.4587, 1.9928
0.148, 3, 13.3658, 1.99271
0.149, 3, 13.2741, 1.99261
0.15, 3, 13.1836, 1.99251
0.151, 3, 13.0943, 1.99241
0.152, 3, 13.0062, 1.99231
0.153, 3, 12.9192, 1.99221
0.154, 3, 12.8333, 1.9921
0.155, 3, 12.7485, 1.992
0.156, 3, 12.6648, 1.9919
0.157, 3, 12.5822, 1.99179
0.158, 3, 12.5005, 1.99169
0.159, 3, 12.4199, 1.99158
0.16, 3, 12.3403, 1.99148
0.161, 3, 12.2617, 1.99137
0.162, 3, 12.184, 1.99126
0.163, 3, 12.1073, 1.99116
0.164, 3, 12.0315, 1.99105
0.165, 3, 11.9566, 1.99094
0.166, 3, 11.8826, 1.99083
0.167, 3, 11.8094, 1.99072
0.168, 3, 11.7371, 1.99061
0.169, 3, 11.6657, 1.99049
0.17, 3, 11.5951, 1.99038
0.171, 3, 11.5253, 1.99027
0.172, 3, 11.4563, 1.99015
0.173, 3, 11.3881, 1.99004
0.174, 3, 11.3207, 1.98992
0.175, 3, 11.254, 1.98981
0.176, 3, 11.1881, 1.98969
0.177, 3, 11.1229, 1.98957
0.178, 3, 11.0584, 1.98946
0.179, 3.00001, 10.9946, 1.98934
0.18, 3, 10.9316, 1.98922
0.181, 3, 10.8692, 1.9891
0.182, 3, 10.8075, 1.98898
0.183, 3, 10.7465, 1.98886
0.184, 3, 10.6861, 1.98873
0.185, 3, 10.6263, 1.98861
0.186, 3, 10.5672, 1.98849
0.187, 3, 10.5087, 1.98836
0.188, 3, 10.4508, 1.98824
0.189, 3, 10.3936, 1.98811
0.19, 3, 10.3369, 1.98799
0.191, 3, 10.2808, 1.98786
0.192, 3, 10.2252, 1.98773
0.193, 3, 10.1703, 1.98761
0.194, 3, 10.1159, 1.98748
0.195, 3, 10.062, 1.98735
0.196, 3, 10.0087, 1.98722
0.197, 3, 9.95591, 1.98709
0.198, 3, 9.90364, 1.98696
0.199, 3, 9.8519, 1.98683
0.2, 3, 9.80065, 1.98669
0.201, 3, 9.74991, 1.98656
0.202, 3, 9.69967, 1.98643
0.203, 3, 9.6499, 1.98629
0.204, 3, 9.60062, 1.98616
0.205, 3, 9.5518, 1.98602
0.206, 3, 9.50345, 1.98588
0.207, 3, 9.45556, 1.98575
0.208, 3, 9.40812, 1.98561
0.209, 3, 9.36113, 1.98547
0.21, 3.00001, 9.31457, 1.98533
0.211, 3, 9.26844, 1.98519
0.212, 3, 9.22274, 1.98505
0.213, 3, 9.17746, 1.98491
0.214, 3, 9.1326, 1.98477
0.215, 3, 9.08814, 1.98463
0.216, 3, 9.04409, 1.98448
0.217, 3.00001, 9.00043, 1.98434
0.218, 3, 8.95716, 1.9842
0.219, 3, 8.91428, 1.98405
0.22, 3, 8.87178, 1.98391
0.221, 3, 8.82966, 1.98376
0.222, 3, 8.78791, 1.98361
0.223, 3, 8.74652, 1.98346
0.224, 3, 8.70549, 1.98332
0.225, 3, 8.66483, 1.98317
0.226, 3, 8.62451, 1.98302
0.227, 3, 8.58453, 1.98287
0.228, 3, 8.5449, 1.98272
0.229, 3, 8.50561, 1.98257
0.23, 3, 8.46665, 1.98241
0.231, 3, 8.42802, 1.98226
0.232, 3, 8.38972, 1.98211
0.233, 3, 8.35173, 1.98195
0.234, 3.00001, 8.31406, 1.9818
0.235, 3, 8.27671, 1.98164
0.236, 3, 8.23966, 1.98149
0.237, 3, 8.20291, 1.98133
0.238, 3, 8.16647, 1.98117
0.239, 3, 8.13033, 1.98101
0.24, 3, 8.09447, 1.98086
0.241, 3, 8.05891, 1.9807
0.242, 3, 8.02363, 1.98054
0.243, 3, 7.98864, 1.98038
0.244, 3, 7.95392, 1.98021
0.245, 3, 7.91948, 1.98005
0.246, 3, 7.88531, 1.97989
0.247, 3, 7.85141, 1.97973
0.248, 3, 7.81777, 1.97956
0.249, 3, 7.7844, 1.9794
0.25, 3, 7.75129, 1.97923
0.251, 3, 7.71843, 1.97907
0.252, 3, 7.68583, 1.9789
0.253, 3, 7.65348, 1.97873
0.254, 3, 7.62137, 1.97856
0.255, 3, 7.58951, 1.9784
0.256, 3, 7.55789, 1.97823
0.257, 3, 7.52651, 1.97806
0.258, 3, 7.49536, 1.97789
0.259, 3, 7.46445, 1.97771
0.26, 3, 7.43376, 1.97754
0.261, 3, 7.40331, 1.97737
0.262, 3, 7.37308, 1.9772
0.263, 3, 7.34307, 1.97702
0.264, 3, 7.31328, 1.97685
0.265, 3, 7.28371, 1.97667
0.266, 3, 7.25436, 1.9765
0.267, 3, 7.22522, 1.97632
0.268, 3, 7.19628, 1.97614
0.269, 3, 7.16756, 1.97597
0.27, 3, 7.13904, 1.97579
0.271, 3, 7.11073, 1.97561
0.272, 3, 7.08261, 1.97543
0.273, 3, 7.0547, 1.97525
0.274, 3, 7.02698, 1.97507
0.275, 3, 6.99946, 1.97489
0.276, 3, 6.97212, 1.9747
0.277, 3, 6.94498, 1.97452
0.278, 3, 6.91803, 1.97434
0.279, 3, 6.89126, 1.97415
0.28, 3, 6.86468, 1.97397
0.281, 3, 6.83828, 1.97378
0.282, 3, 6.81206, 1.9736
0.283, 3, 6.78602, 1.97341
0.284, 3, 6.76016, 1.97322
0.285, 3, 6.73447, 1.97303
0.286, 3, 6.70895, 1.97285
0.287, 3, 6.68361, 1.97266
0.288, 3, 6.65843, 1.97247
0.289, 3, 6.63343, 1.97228
0.29, 3, 6.60858, 1.97208
0.291, 3, 6.5839, 1.97189
0.292, 3, 6.55939, 1.9717
0.293, 3, 6.53503, 1.97151
0.294, 3, 6.51084, 1.97131
0.295, 3, 6.4868, 1.97112
0.296, 3, 6.46292, 1.97092
0.297, 3, 6.43919, 1.97073
0.298, 3, 6.41562, 1.97053
0.299, 3, 6.39219, 1.97033
0.3, 3, 6.36892, 1.97013
0.301, 3, 6.34579, 1.96994
0.302, 3, 6.32281, 1.96974
0.303, 3, 6.29998, 1.96954
0.304, 3, 6.27729, 1.96934
0.305, 3, 6.25474, 1.96914
0.306, 3, 6.23234, 1.96893
0.307, 3, 6.21007, 1.96873
0.308, 3, 6.18794, 1.96853
0.309, 3, 6.16595, 1.96832
0.31, 3, 6.1441, 1.96812
0.311, 3, 6.12238, 1.96792
0.312, 3, 6.10079, 1.96771
0.313, 3, 6.07933, 1.9675
0.314, 3, 6.05801, 1.9673
0.314999, 3, 6.03681, 1.96709
0.315999, 3, 6.01575, 1.96688
0.316999, 3, 5.9948, 1.96667
0.317999, 3, 5.97399, 1.96646
0.318999, 3, 5.9533, 1.96625
0.319999, 3, 5.93273, 1.96604
0.320999, 3, 5.91229, 1.96583
0.321999, 3, 5.89196, 1.96562
0.322999, 3, 5.87176, 1.9654
0.323999, 3, 5.85168, 1.96519
0.324999, 3, 5.83171, 1.96498
0.325999, 3, 5.81186, 1.96476
0.326999, 3, 5.79212, 1.96455
0.327999, 3, 5.7725, 1.96433
0.328999, 3, 5.753, 1.96411
0.329999, 3, 5.7336, 1.9639
0.330999, 3, 5.71432, 1.96368
0.331999, 3, 5.69515, 1.96346
0.332999, 3, 5.67609, 1.96324
0.333999, 3, 5.65713, 1.96302
0.334999, 3, 5.63828, 1.9628
0.335999, 3, 5.61954, 1.96258
0.336999, 3, 5.60091, 1.96236
0.337999, 3, 5.58238, 1.96214
0.338999, 3, 5.56395, 1.96191
0.339999, 3, 5.54563, 1.96169
0.340999, 3, 5.52741, 1.96146
0.341999, 3, 5.50929, 1.96124
0.342999, 3, 5.49127, 1.96101
0.343999, 3, 5.47335, 1.96079
0.344999, 3, 5.45553, 1.96056
0.345999, 3, 5.4378, 1.96033
0.346999, 3, 5.42017, 1.9601
0.347999, 3, 5.40264, 1.95988
0.348999, 3, 5.3852, 1.95965
0.349999, 3, 5.36786, 1.95942
0.350999, 3, 5.35061, 1.95919
0.351999, 3, 5.33345, 1.95895
0.352999, 3, 5.31639, 1.95872
0.353999, 3, 5.29942, 1.95849
0.354999, 3, 5.28253, 1.95826
0.355999, 3, 5.26574, 1.95802
0.356999, 3, 5.24903, 1.95779
0.357999, 3, 5.23242, 1.95755
0.358999, 3, 5.21589, 1.95732
0.359999, 3, 5.19944, 1.95708
0.360999, 3, 5.18309, 1.95684
0.361999, 3, 5.16682, 1.9566
0.362999, 3, 5.15063, 1.95637
0.363999, 3, 5.13453, 1.95613
0.364999, 3, 5.11851, 1.95589
0.365999, 3, 5.10257, 1.95565
0.366999, 3, 5.08671, 1.95541
0.367999, 3, 5.07094, 1.95516
0.368999, 3, 5.05524, 1.95492
0.369999, 3, 5.03963, 1.95468
0.370999, 3, 5.02409, 1.95443
0.371999, 3, 5.00863, 1.95419
0.372999, 3, 4.99325, 1.95395
0.373999, 3, 4.97795, 1.9537
0.374999, 3, 4.96273, 1.95345
0.375999, 3, 4.94758, 1.95321
0.376999, 3, 4.9325, 1.95296
0.377999, 3, 4.9175, 1.95271
0.378999, 3, 4.90258, 1.95246
0.379999, 3, 4.88773, 1.95221
0.380999, 3, 4.87295, 1.95196
0.381999, 3, 4.85824, 1.95171
0.382999, 3, 4.84361, 1.95146
0.383999, 3, 4.82905, 1.95121
0.384999, 3, 4.81456, 1.95096
0.385999, 3, 4.80014, 1.9507
0.386999, 3, 4.78579, 1.95045
0.387999, 3, 4.7715, 1.9502
0.388999, 3, 4.75729, 1.94994
0.389999, 3, 4.74314, 1.94968
0.390999, 3, 4.72907, 1.94943
0.391998, 3, 4.71506, 1.94917
0.392998, 3, 4.70111, 1.94891
0.393998, 3, 4.68723, 1.94866
0.394998, 3, 4.67342, 1.9484
0.395998, 3, 4.65967, 1.94814
0.396998, 3, 4.64599, 1.94788
0.397998, 3, 4.63237, 1.94762
0.398998, 3, 4.61882, 1.94735
0.399998, 3, 4.60533, 1.94709
0.400998, 3, 4.5919, 1.94683
0.401998, 3, 4.57853, 1.94657
0.402998, 3, 4.56523, 1.9463
0.403998, 3, 4.55198, 1.94604
0.404998, 3, 4.5388, 1.94577
0.405998, 3, 4.52568, 1.94551
0.406998, 3, 4.51261, 1.94524
0.407998, 3, 4.49961, 1.94497
0.408998, 3, 4.48667, 1.9447
0.409998, 3, 4.47378, 1.94444
0.410998, 3, 4.46096, 1.94417
0.411998, 3, 4.44819, 1.9439
0.412998, 3, 4.43547, 1.94363
0.413998, 3, 4.42282, 1.94336
0.414998, 3, 4.41022, 1.94308
0.415998, 3, 4.39768, 1.94281
0.416998, 3, 4.38519, 1.94254
0.417998, 3, 4.37276, 1.94227
0.418998, 3, 4.36039, 1.94199
0.419998, 3, 4.34807, 1.94172
0.420998, 3, 4.3358, 1.94144
0.421998, 3, 4.32359, 1.94117
0.422998, 3, 4.31143, 1.94089
0.423998, 3, 4.29932, 1.94061
0.424998, 3, 4.28726, 1.94033
0.425998, 3, 4.27526, 1.94006
0.426998, 3, 4.26331, 1.93978
0.427998, 3, 4.25141, 1.9395
0.428998, 3, 4.23957, 1.93922
0.429998, 3, 4.22777, 1.93893
0.430998, 3, 4.21603, 1.93865
0.431998, 3, 4.20433, 1.93837
0.432998, 3, 4.19268, 1.93809
0.433998, 3, 4.18109, 1.9378
0.434998, 3, 4.16954, 1.93752
0.435998, 3, 4.15804, 1.93723
0.436998, 3, 4.14659, 1.93695
0.437998, 3, 4.13519, 1.93666
0.438998, 3, 4.12384, 1.93638
0.439998, 3, 4.11253, 1.93609
0.440998, 3, 4.10127, 1.9358
0.441998, 3, 4.09006, 1.93551
0.442998, 3, 4.07889, 1.93522
0.443998, 3, 4.06777, 1.93493
0.444998, 3, 4.0567, 1.93464
0.445998, 3, 4.04567, 1.93435
0.446998, 3, 4.03469, 1.93406
0.447998, 3, 4.02375, 1.93377
0.448998, 3, 4.01286, 1.93347
0.449998, 3, 4.00201, 1.93318
0.450998, 3, 3.99121, 1.93289
0.451998, 3, 3.98045, 1.93259
0.452998, 3, 3.96973, 1.9323
0.453998, 3, 3.95906, 1.932
0.454998, 3, 3.94842, 1.9317
0.455998, 3, 3.93784, 1.93141
0.456998, 3, 3.92729, 1.93111
0.457998, 3, 3.91679, 1.93081
0.458998, 3, 3.90633, 1.93051
0.459998, 3, 3.89591, 1.93021
0.460998, 3, 3.88553, 1.92991
0.461998, 3, 3.87519, 1.92961
0.462998, 3, 3.86489, 1.92931
0.463998, 3, 3.85463, 1.929
0.464998, 3, 3.84442, 1.9287
0.465998, 3, 3.83424, 1.9284
0.466998, 3, 3.82411, 1.92809
0.467998, 3, 3.81401, 1.92779
0.468998, 3, 3.80395, 1.92748
0.469997, 3, 3.79393, 1.92718
0.470997, 3, 3.78395, 1.92687
0.471997, 3, 3.77401, 1.92656
0.472997, 3, 3.76411, 1.92625
0.473997, 3, 3.75424, 1.92595
0.474997, 3, 3.74442, 1.92564
0.475997, 3, 3.73463, 1.92533
0.476997, 3, 3.72487, 1.92502
0.477997, 3, 3.71516, 1.9247
0.478997, 3, 3.70548, 1.92439
0.479997, 3, 3.69584, 1.92408
0.480997, 3, 3.68623, 1.92377
0.481997, 3, 3.67666, 1.92345
0.482997, 3, 3.66713, 1.92314
0.483997, 3, 3.65763, 1.92282
0.484997, 3, 3.64817, 1.92251
0.485997, 3, 3.63874, 1.92219
0.486997, 3, 3.62935, 1.92188
0.487997, 3, 3.61999, 1.92156
0.488997, 3, 3.61067, 1.92124
0.489997, 3, 3.60138, 1.92092
0.490997, 3, 3.59213, 1.9206
0.491997, 3, 3.58291, 1.92028
0.492997, 3, 3.57373, 1.91996
0.493997, 3, 3.56457, 1.91964
0.494997, 3, 3.55545, 1.91932
0.495997, 3, 3.54637, 1.919
0.496997, 3, 3.53732, 1.91868
0.497997, 3, 3.5283, 1.91835
0.498997, 3, 3.51931, 1.91803
0.499997, 3, 3.51036, 1.9177
0.500997, 3, 3.50143, 1.91738
0.501997, 3, 3.49254, 1.91705
0.502997, 3, 3.48369, 1.91673
0.503997, 3, 3.47486, 1.9164
0.504997, 3, 3.46606, 1.91607
0.505997, 3, 3.4573, 1.91574
0.506997, 3, 3.44857, 1.91541
0.507997, 3, 3.43986, 1.91508
0.508997, 3, 3.43119, 1.91475
0.509997, 3, 3.42255, 1.91442
0.510997, 3, 3.41394, 1.91409
0.511997, 3, 3.40536, 1.91376
0.512997, 3, 3.39681, 1.91343
0.513997, 3, 3.38829, 1.91309
0.514997, 3, 3.3798, 1.91276
0.515997, 3, 3.37134, 1.91242
0.516997, 3, 3.36291, 1.91209
0.517997, 3, 3.35451, 1.91175
0.518997, 3, 3.34614, 1.91142
0.519997, 3, 3.33779, 1.91108
0.520997, 3, 3.32948, 1.91074
0.521997, 3, 3.32119, 1.9104
0.522997, 3, 3.31293, 1.91006
0.523997, 3, 3.3047, 1.90972
0.524997, 3, 3.2965, 1.90938
0.525997, 3, 3.28832, 1.90904
0.526997, 3, 3.28018, 1.9087
0.527997, 3, 3.27206, 1.90836
0.528997, 3, 3.26397, 1.90802
0.529997, 3, 3.2559, 1.90767
0.530997, 3, 3.24786, 1.90733
0.531997, 3, 3.23985, 1.90699
0.532997, 3, 3.23187, 1.90664
0.533997, 3, 3.22391, 1.9063
0.534997, 3, 3.21598, 1.90595
0.535997, 3, 3.20808, 1.9056
0.536997, 3, 3.2002, 1.90525
0.537997, 3, 3.19235, 1.90491
0.538997, 3, 3.18452, 1.90456
0.539997, 3, 3.17673, 1.90421
0.540997, 3, 3.16895, 1.90386
0.541997, 3, 3.1612, 1.90351
0.542997, 3, 3.15348, 1.90316
0.543997, 3, 3.14578, 1.90281
0.544997, 3, 3.13811, 1.90245
0.545997, 3, 3.13046, 1.9021
0.546997, 3, 3.12284, 1.90175
0.547997, 3, 3.11524, 1.90139
0.548997, 3, 3.10767, 1.90104
0.549996, 3, 3.10012, 1.90068
0.550996, 3, 3.09259, 1.90033
0.551996, 3, 3.08509, 1.89997
0.552996, 3, 3.07761, 1.89961
0.553996, 3, 3.07016, 1.89925
0.554996, 3, 3.06273, 1.8989
0.555996, 3, 3.05533, 1.89854
0.556996, 3, 3.04794, 1.89818
0.557996, 3, 3.04058, 1.89782
0.558996, 3, 3.03325, 1.89746
0.559996, 3, 3.02594, 1.89709
0.560996, 3, 3.01865, 1.89673
0.561996, 3, 3.01138, 1.89637
0.562996, 3, 3.00414, 1.89601
0.563996, 3, 2.99692, 1.89564
0.564996, 3, 2.98972, 1.89528
0.565996, 3, 2.98255, 1.89491
0.566996, 3, 2.97539, 1.89455
0.567996, 3, 2.96826, 1.89418
0.568996, 3, 2.96115, 1.89381
0.569996, 3, 2.95407, 1.89345
0.570996, 3, 2.947, 1.89308
0.571996, 3, 2.93996, 1.89271
0.572996, 3, 2.93294, 1.89234
0.573996, 3, 2.92594, 1.89197
0.574996, 3, 2.91896, 1.8916
0.575996, 3, 2.912, 1.89123
0.576996, 3, 2.90506, 1.89086
0.577996, 3, 2.89815, 1.89049
0.578996, 3, 2.89125, 1.89011
0.579996, 3, 2.88438, 1.88974
0.580996, 3, 2.87753, 1.88937
0.581996, 3, 2.8707, 1.88899
0.582996, 3, 2.86389, 1.88862
0.583996, 3, 2.85709, 1.88824
0.584996, 3, 2.85032, 1.88786
0.585996, 3, 2.84357, 1.88749
0.586996, 3, 2.83684, 1.88711
0.587996, 3, 2.83013, 1.88673
0.588996, 3, 2.82344, 1.88635
0.589996, 3, 2.81677, 1.88597
0.590996, 3, 2.81012, 1.88559
0.591996, 3, 2.80349, 1.88521
0.592996, 3, 2.79688, 1.88483
0.593996, 3, 2.79029, 1.88445
0.594996, 3, 2.78372, 1.88406
0.595996, 3, 2.77717, 1.88368
0.596996, 3, 2.77063, 1.8833
0.597996, 3, 2.76412, 1.88291
0.598996, 3, 2.75762, 1.88253
0.599996, 3, 2.75115, 1.88214
0.600996, 3, 2.74469, 1.88176
0.601996, 3, 2.73825, 1.88137
0.602996, 3, 2.73183, 1.88098
0.603996, 3, 2.72543, 1.8806
0.604996, 3, 2.71904, 1.88021
0.605996, 3, 2.71268, 1.87982
0.606996, 3, 2.70633, 1.87943
0.607996, 3, 2.7, 1.87904
0.608996, 3, 2.69369, 1.87865
0.609996, 3, 2.6874, 1.87826
0.610996, 3, 2.68112, 1.87786
0.611996, 3, 2.67487, 1.87747
0.612996, 3, 2.66863, 1.87708
0.613996, 3, 2.6624, 1.87668
0.614996, 3, 2.6562, 1.87629
0.615996, 3, 2.65001, 1.87589
0.616996, 3, 2.64385, 1.8755
0.617996, 3, 2.63769, 1.8751
0.618996, 3, 2.63156, 1.87471
0.619996, 3, 2.62544, 1.87431
0.620996, 3, 2.61934, 1.87391
0.621996, 3, 2.61326, 1.87351
0.622996, 3, 2.60719, 1.87311
0.623996, 3, 2.60114, 1.87271
0.624996, 3, 2.59511, 1.87231
0.625996, 3, 2.58909, 1.87191
0.626996, 3, 2.58309, 1.87151
0.627995, 3, 2.57711, 1.87111
0.628995, 3, 2.57114, 1.87071
0.629995, 3, 2.56519, 1.8703
0.630995, 3, 2.55926, 1.8699
0.631995, 3, 2.55334, 1.86949
0.632995, 3, 2.54744, 1.86909
0.633995, 3, 2.54156, 1.86868
0.634995, 3, 2.53569, 1.86828
0.635995, 3, 2.52983, 1.86787
0.636995, 3, 2.52399, 1.86746
0.637995, 3, 2.51817, 1.86706
0.638995, 3, 2.51237, 1.86665
0.639995, 3, 2.50658, 1.86624
0.640995, 3, 2.5008, 1.86583
0.641995, 3, 2.49504, 1.86542
0.642995, 3, 2.4893, 1.86501
0.643995, 3, 2.48357, 1.8646
0.644995, 3, 2.47786, 1.86418
0.645995, 3, 2.47216, 1.86377
0.646995, 3, 2.46647, 1.86336
0.647995, 3, 2.46081, 1.86294
0.648995, 3, 2.45515, 1.86253
0.649995, 3, 2.44952, 1.86211
0.650995, 3, 2.44389, 1.8617
0.651995, 3, 2.43828, 1.86128
0.652995, 3, 2.43269, 1.86087
0.653995, 3, 2.42711, 1.86045
0.654995, 3, 2.42155, 1.86003
0.655995, 3, 2.416, 1.85961
0.656995, 3, 2.41046, 1.85919
0.657995, 3, 2.40494, 1.85877
0.658995, 3, 2.39944, 1.85835
0.659995, 3, 2.39394, 1.85793
0.660995, 3, 2.38846, 1.85751
0.661995, 3, 2.383, 1.85709
0.662995, 3, 2.37755, 1.85667
0.663995, 3, 2.37212, 1.85624
0.664995, 3, 2.36669, 1.85582
0.665995, 3, 2.36129, 1.85539
0.666995, 3, 2.35589, 1.85497
0.667995, 3, 2.35051, 1.85454
0.668995, 3, 2.34515, 1.85412
0.669995, 3, 2.33979, 1.85369
0.670995, 3, 2.33445, 1.85326
0.671995, 3, 2.32913, 1.85284
0.672995, 3, 2.32382, 1.85241
0.673995, 3, 2.31852, 1.85198
0.674995, 3, 2.31323, 1.85155
0.675995, 3, 2.30796, 1.85112
0.676995, 3, 2.3027, 1.85069
0.677995, 3, 2.29746, 1.85026
0.678995, 3, 2.29222, 1.84983
0.679995, 3, 2.28701, 1.84939
0.680995, 3, 2.2818, 1.84896
0.681995, 3, 2.27661, 1.84853
0.682995, 3, 2.27143, 1.84809
0.683995, 3, 2.26626, 1.84766
0.684995, 3, 2.2611, 1.84722
0.685995, 3, 2.25596, 1.84679
0.686995, 3, 2.25083, 1.84635
0.687995, 3, 2.24572, 1.84591
0.688995, 3, 2.24061, 1.84548
0.689995, 3, 2.23552, 1.84504
0.690995, 3, 2.23044, 1.8446
0.691995, 3, 2.22538, 1.84416
0.692995, 3, 2.22032, 1.84372
0.693995, 3, 2.21528, 1.84328
0.694995, 3, 2.21025, 1.84284
0.695995, 3, 2.20524, 1.8424
0.696995, 3, 2.20023, 1.84195
0.697995, 3, 2.19524, 1.84151
0.698995, 3, 2.19026, 1.84107
0.699995, 3, 2.18529, 1.84062
0.700995, 3, 2.18033, 1.84018
0.701995, 3, 2.17539, 1.83973
0.702995, 3, 2.17046, 1.83929
0.703995, 3, 2.16554, 1.83884
0.704994, 3, 2.16063, 1.8384
0.705994, 3, 2.15573, 1.83795
0.706994, 3, 2.15084, 1.8375
0.707994, 3, 2.14597, 1.83705
0.708994, 3, 2.14111, 1.8366
0.709994, 3, 2.13626, 1.83615
0.710994, 3, 2.13142, 1.8357
0.711994, 3, 2.12659, 1.83525
0.712994, 3, 2.12177, 1.8348
0.713994, 3, 2.11697, 1.83435
0.714994, 3, 2.11218, 1.8339
0.715994, 3, 2.10739, 1.83344
0.716994, 3, 2.10262, 1.83299
0.717994, 3, 2.09786, 1.83254
0.718994, 3, 2.09311, 1.83208
0.719994, 3, 2.08838, 1.83163
0.720994, 3, 2.08365, 1.83117
0.721994, 3, 2.07893, 1.83071
0.722994, 3, 2.07423, 1.83026
0.723994, 3, 2.06954, 1.8298
0.724994, 3, 2.06485, 1.82934
0.725994, 3, 2.06018, 1.82888
0.726994, 3, 2.05552, 1.82842
0.727994, 3, 2.05087, 1.82796
0.728994, 3, 2.04623, 1.8275
0.729994, 3, 2.0416, 1.82704
0.730994, 3, 2.03698, 1.82658
0.731994, 3, 2.03237, 1.82612
0.732994, 3, 2.02778, 1.82566
0.733994, 3, 2.02319, 1.82519
0.734994, 3, 2.01861, 1.82473
0.735994, 3, 2.01405, 1.82427
0.736994, 3, 2.00949, 1.8238
0.737994, 3, 2.00495, 1.82334
0.738994, 3, 2.00041, 1.82287
0.739994, 3, 1.99589, 1.8224
0.740994, 3, 1.99137, 1.82194
0.741994, 3, 1.98687, 1.82147
0.742994, 3, 1.98238, 1.821
0.743994, 3, 1.97789, 1.82053
0.744994, 3, 1.97342, 1.82006
0.745994, 3, 1.96895, 1.81959
0.746994, 3, 1.9645, 1.81912
0.747994, 3, 1.96006, 1.81865
0.748994, 3, 1.95562, 1.81818
0.749994, 3, 1.9512, 1.81771
0.750994, 3, 1.94678, 1.81723
0.751994, 3, 1.94238, 1.81676
0.752994, 3, 1.93798, 1.81629
0.753994, 3, 1.9336, 1.81581
0.754994, 3, 1.92922, 1.81534
0.755994, 3, 1.92486, 1.81486
0.756994, 3, 1.9205, 1.81439
0.757994, 3, 1.91615, 1.81391
0.758994, 3, 1.91182, 1.81343
0.759994, 3, 1.90749, 1.81295
0.760994, 3, 1.90317, 1.81248
0.761994, 3, 1.89886, 1.812
0.762994, 3, 1.89456, 1.81152
0.763994, 3, 1.89027, 1.81104
0.764994, 3, 1.88599, 1.81056
0.765994, 3, 1.88172, 1.81008
0.766994, 3, 1.87746, 1.80959
0.767994, 3, 1.87321, 1.80911
0.768994, 3, 1.86896, 1.80863
0.769994, 3, 1.86473, 1.80815
0.770994, 3, 1.8605, 1.80766
0.771994, 3, 1.85629, 1.80718
0.772994, 3, 1.85208, 1.80669
0.773994, 3, 1.84788, 1.80621
0.774994, 3, 1.84369, 1.80572
0.775994, 3, 1.83951, 1.80524
0.776994, 3, 1.83534, 1.80475
0.777994, 3, 1.83118, 1.80426
0.778994, 3, 1.82703, 1.80377
0.779994, 3, 1.82288, 1.80328
0.780994, 3, 1.81875, 1.80279
0.781994, 3, 1.81462, 1.8023
0.782993, 3, 1.8105, 1.80181
0.783993, 3, 1.80639, 1.80132
0.784993, 3, 1.80229, 1.80083
0.785993, 3, 1.7982, 1.80034
0.786993, 3, 1.79411, 1.79985
0.787993, 3, 1.79004, 1.79935
0.788993, 3, 1.78597, 1.79886
0.789993, 3, 1.78191, 1.79837
0.790993, 3, 1.77786, 1.79787
0.791993, 3, 1.77382, 1.79738
0.792993, 3, 1.76979, 1.79688
0.793993, 3, 1.76577, 1.79638
0.794993, 3, 1.76175, 1.79589
0.795993, 3, 1.75774, 1.79539
0.796993, 3, 1.75374, 1.79489
0.797993, 3, 1.74975, 1.79439
0.798993, 3, 1.74577, 1.79389
0.799993, 3, 1.74179, 1.79339
0.800993, 3, 1.73783, 1.79289
0.801993, 3, 1.73387, 1.79239
0.802993, 3, 1.72992, 1.79189
0.803993, 3, 1.72598, 1.79139
0.804993, 3, 1.72204, 1.79089
0.805993, 3, 1.71812, 1.79038
0.806993, 3, 1.7142, 1.78988
0.807993, 3, 1.71029, 1.78938
0.808993, 3, 1.70639, 1.78887
0.809993, 3, 1.70249, 1.78837
0.810993, 3, 1.69861, 1.78786
0.811993, 3, 1.69473, 1.78735
0.812993, 3, 1.69086, 1.78685
0.813993, 3, 1.68699, 1.78634
0.814993, 3, 1.68314, 1.78583
0.815993, 3, 1.67929, 1.78532
0.816993, 3, 1.67545, 1.78482
0.817993, 3, 1.67162, 1.78431
0.818993, 3, 1.6678, 1.7838
0.819993, 3, 1.66398, 1.78329
0.820993, 3, 1.66017, 1.78278
0.821993, 3, 1.65637, 1.78226
0.822993, 3, 1.65258, 1.78175
0.823993, 3, 1.64879, 1.78124
0.824993, 3, 1.64501, 1.78073
0.825993, 3, 1.64124, 1.78021
0.826993, 3, 1.63748, 1.7797
0.827993, 3, 1.63372, 1.77918
0.828993, 3, 1.62997, 1.77867
0.829993, 3, 1.62623, 1.77815
0.830993, 3, 1.6225, 1.77764
0.831993, 3, 1.61877, 1.77712
0.832993, 3, 1.61505, 1.7766
0.833993, 3, 1.61134, 1.77608
0.834993, 3, 1.60764, 1.77556
0.835993, 3, 1.60394, 1.77505
0.836993, 3, 1.60025, 1.77453
0.837993, 3, 1.59657, 1.77401
0.838993, 3, 1.59289, 1.77348
0.839993, 3, 1.58922, 1.77296
0.840993, 3, 1.58556, 1.77244
0.841993, 3, 1.58191, 1.77192
0.842993, 3, 1.57826, 1.7714
0.843993, 3, 1.57462, 1.77087
0.844993, 3, 1.57099, 1.77035
0.845993, 3, 1.56736, 1.76983
0.846993, 3, 1.56374, 1.7693
0.847993, 3, 1.56013, 1.76877
0.848993, 3, 1.55653, 1.76825
0.849993, 3, 1.55293, 1.76772
0.850993, 3, 1.54934, 1.7672
0.851993, 3, 1.54575, 1.76667
0.852993, 3, 1.54217, 1.76614
0.853993, 3, 1.5386, 1.76561
0.854993, 3, 1.53504, 1.76508
0.855993, 3, 1.53148, 1.76455
0.856993, 3, 1.52793, 1.76402
0.857993, 3, 1.52439, 1.76349
0.858993, 3, 1.52085, 1.76296
0.859993, 3, 1.51732, 1.76243
0.860992, 3, 1.5138, 1.7619
0.861992, 3, 1.51028, 1.76136
0.862992, 3, 1.50677, 1.76083
0.863992, 3, 1.50327, 1.7603
0.864992, 3, 1.49977, 1.75976
0.865992, 3, 1.49628, 1.75923
0.866992, 3, 1.4928, 1.75869
0.867992, 3, 1.48932, 1.75816
0.868992, 3, 1.48585, 1.75762
0.869992, 3, 1.48239, 1.75708
0.870992, 3, 1.47893, 1.75654
0.871992, 3, 1.47548, 1.75601
0.872992, 3, 1.47203, 1.75547
0.873992, 3, 1.46859, 1.75493
0.874992, 3, 1.46516, 1.75439
0.875992, 3, 1.46174, 1.75385
0.876992, 3, 1.45832, 1.75331
0.877992, 3, 1.4549, 1.75277
0.878992, 3, 1.4515, 1.75223
0.879992, 3, 1.4481, 1.75168
0.880992, 3, 1.4447, 1.75114
0.881992, 3, 1.44132, 1.7506
0.882992, 3, 1.43793, 1.75005
0.883992, 3, 1.43456, 1.74951
0.884992, 3, 1.43119, 1.74896
0.885992, 3, 1.42783, 1.74842
0.886992, 3, 1.42447, 1.74787
0.887992, 3, 1.42112, 1.74733
0.888992, 3, 1.41777, 1.74678
0.889992, 3, 1.41444, 1.74623
0.890992, 3, 1.4111, 1.74569
0.891992, 3, 1.40778, 1.74514
0.892992, 3, 1.40446, 1.74459
0.893992, 3, 1.40114, 1.74404
0.894992, 3, 1.39783, 1.74349
0.895992, 3, 1.39453, 1.74294
0.896992, 3, 1.39123, 1.74239
0.897992, 3, 1.38794, 1.74184
0.898992, 3, 1.38466, 1.74128
0.899992, 3, 1.38138, 1.74073
0.900992, 3, 1.37811, 1.74018
0.901992, 3, 1.37484, 1.73962
0.902992, 3, 1.37158, 1.73907
0.903992, 3, 1.36833, 1.73852
0.904992, 3, 1.36508, 1.73796
0.905992, 3, 1.36183, 1.7374
0.906992, 3, 1.3586, 1.73685
0.907992, 3, 1.35536, 1.73629
0.908992, 3, 1.35214, 1.73574
0.909992, 3, 1.34892, 1.73518
0.910992, 3, 1.3457, 1.73462
0.911992, 3, 1.34249, 1.73406
0.912992, 3, 1.33929, 1.7335
0.913992, 3, 1.33609, 1.73294
0.914992, 3, 1.3329, 1.73238
0.915992, 3, 1.32972, 1.73182
0.916992, 3, 1.32653, 1.73126
0.917992, 3, 1.32336, 1.7307
0.918992, 3, 1.32019, 1.73014
0.919992, 3, 1.31703, 1.72957
0.920992, 3, 1.31387, 1.72901
0.921992, 3, 1.31072, 1.72845
0.922992, 3, 1.30757, 1.72788
0.923992, 3, 1.30443, 1.72732
0.924992, 3, 1.30129, 1.72675
0.925992, 3, 1.29816, 1.72619
0.926992, 3, 1.29503, 1.72562
0.927992, 3, 1.29191, 1.72505
0.928992, 3, 1.2888, 1.72449
0.929992, 3, 1.28569, 1.72392
0.930992, 3, 1.28259, 1.72335
0.931992, 3, 1.27949, 1.72278
0.932992, 3, 1.2764, 1.72221
0.933992, 3, 1.27331, 1.72164
0.934992, 3, 1.27023, 1.72107
0.935992, 3, 1.26715, 1.7205
0.936992, 3, 1.26408, 1.71993
0.937991, 3, 1.26101, 1.71936
0.938991, 3, 1.25795, 1.71879
0.939991, 3, 1.25489, 1.71821
0.940991, 3, 1.25184, 1.71764
0.941991, 3, 1.2488, 1.71707
0.942991, 3, 1.24576, 1.71649
0.943991, 3, 1.24272, 1.71592
0.944991, 3, 1.23969, 1.71534
0.945991, 3, 1.23667, 1.71477
0.946991, 3, 1.23365, 1.71419
0.947991, 3, 1.23064, 1.71361
0.948991, 3, 1.22763, 1.71304
0.949991, 3, 1.22462, 1.71246
0.950991, 3, 1.22162, 1.71188
0.951991, 3, 1.21863, 1.7113
0.952991, 3, 1.21564, 1.71072
0.953991, 3, 1.21266, 1.71014
0.954991, 3, 1.20968, 1.70956
0.955991, 3, 1.2067, 1.70898
0.956991, 3, 1.20374, 1.7084
0.957991, 3, 1.20077, 1.70782
0.958991, 3, 1.19781, 1.70724
0.959991, 3, 1.19486, 1.70665
0.960991, 3, 1.19191, 1.70607
0.961991, 3, 1.18897, 1.70549
0.962991, 3, 1.18603, 1.7049
0.963991, 3, 1.18309, 1.70432
0.964991, 3, 1.18016, 1.70373
0.965991, 3, 1.17724, 1.70315
0.966991, 3, 1.17432, 1.70256
0.967991, 3, 1.17141, 1.70198
0.968991, 3, 1.1685, 1.70139
0.969991, 3, 1.16559, 1.7008
0.970991, 3, 1.16269, 1.70021
0.971991, 3, 1.1598, 1.69962
0.972991, 3, 1.15691, 1.69903
0.973991, 3, 1.15402, 1.69845
0.974991, 3, 1.15114, 1.69786
0.975991, 3, 1.14826, 1.69726
0.976991, 3, 1.14539, 1.69667
0.977991, 3, 1.14253, 1.69608
0.978991, 3, 1.13966, 1.69549
0.979991, 3, 1.13681, 1.6949
0.980991, 3, 1.13395, 1.69431
0.981991, 3, 1.13111, 1.69371
0.982991, 3, 1.12826, 1.69312
0.983991, 3, 1.12542, 1.69252
0.984991, 3, 1.12259, 1.69193
0.985991, 3, 1.11976, 1.69133
0.986991, 3, 1.11694, 1.69074
0.987991, 3, 1.11412, 1.69014
0.988991, 3, 1.1113, 1.68954
0.989991, 3, 1.10849, 1.68895
0.990991, 3, 1.10568, 1.68835
0.991991, 3, 1.10288, 1.68775
0.992991, 3, 1.10008, 1.68715
0.993991, 3, 1.09729, 1.68655
0.994991, 3, 1.0945, 1.68595
0.995991, 3, 1.09172, 1.68535
0.996991, 3, 1.08894, 1.68475
0.997991, 3, 1.08617, 1.68415
0.998991, 3, 1.0834, 1.68355
0.999991, 3, 1.08063, 1.68295
1.00099, 3, 1.07787, 1.68234
1.00199, 3, 1.07511, 1.68174
1.00299, 3, 1.07236, 1.68114
1.00399, 3, 1.06961, 1.68053
1.00499, 3, 1.06687, 1.67993
1.00599, 3, 1.06413, 1.67932
1.00699, 3, 1.06139, 1.67872
1.00799, 3, 1.05866, 1.67811
1.00899, 3, 1.05594, 1.67751
1.00999, 3, 1.05321, 1.6769
1.01099, 3, 1.0505, 1.67629
1.01199, 3, 1.04778, 1.67568
1.01299, 3, 1.04507, 1.67508
1.01399, 3, 1.04237, 1.67447
1.01499, 3, 1.03967, 1.67386
1.01599, 3, 1.03697, 1.67325
1.01699, 3, 1.03428, 1.67264
1.01799, 3, 1.03159, 1.67203
1.01899, 3, 1.02891, 1.67142
1.01999, 3, 1.02623, 1.67081
1.02099, 3, 1.02356, 1.67019
1.02199, 3, 1.02088, 1.66958
1.02299, 3, 1.01822, 1.66897
1.02399, 3, 1.01556, 1.66835
1.02499, 3, 1.0129, 1.66774
1.02599, 3, 1.01024, 1.66713
1.02699, 3, 1.00759, 1.66651
1.02799, 3, 1.00495, 1.6659
1.02899, 3, 1.00231, 1.66528
1.02999, 3, 0.999668, 1.66466
1.03099, 3, 0.997038, 1.66405
1.03199, 3, 0.994405, 1.66343
1.03299, 3, 0.991782, 1.66281
1.03399, 3, 0.98916, 1.66219
1.03499, 3, 0.986545, 1.66157
1.03599, 3, 0.983931, 1.66096
1.03699, 3, 0.98132, 1.66034
1.03799, 3, 0.978716, 1.65972
1.03899, 3, 0.976114, 1.6591
1.03999, 3, 0.973519, 1.65847
1.04099, 3, 0.970925, 1.65785
1.04199, 3, 0.968338, 1.65723
1.04299, 3, 0.965754, 1.65661
1.04399, 3, 0.963172, 1.65599
1.04499, 3, 0.960595, 1.65536
1.04599, 3, 0.958024, 1.65474
1.04699, 3, 0.955455, 1.65411
1.04799, 3, 0.952891, 1.65349
1.04899, 3, 0.950328, 1.65286
1.04999, 3, 0.947771, 1.65224
1.05099, 3, 0.945217, 1.65161
1.05199, 3, 0.942671, 1.65099
1.05299, 3, 0.940126, 1.65036
1.05399, 3, 0.937584, 1.64973
1.05499, 3, 0.935047, 1.6491
1.05599, 3, 0.932512, 1.64848
1.05699, 3, 0.929983, 1.64785
1.05799, 3, 0.927455, 1.64722
1.05899, 3, 0.924933, 1.64659
1.05999, 3, 0.922417, 1.64596
1.06099, 3, 0.919901, 1.64533
1.06199, 3, 0.917394, 1.6447
1.06299, 3, 0.914885, 1.64406
1.06399, 3, 0.912383, 1.64343
1.06499, 3, 0.909884, 1.6428
1.06599, 3, 0.907389, 1.64217
1.06699, 3, 0.904894, 1.64153
1.06799, 3, 0.902407, 1.6409
1.06899, 3, 0.899923, 1.64027
1.06999, 3, 0.897442, 1.63963
1.07099, 3, 0.894965, 1.639
1.07199, 3, 0.892496, 1.63836
1.07299, 3, 0.890026, 1.63772
1.07399, 3, 0.887558, 1.63709
1.07499, 3, 0.885097, 1.63645
1.07599, 3, 0.882641, 1.63581
1.07699, 3, 0.880183, 1.63518
1.07799, 3, 0.877732, 1.63454
1.07899, 3, 0.875286, 1.6339
1.07999, 3, 0.872845, 1.63326
1.08099, 3, 0.870404, 1.63262
1.08199, 3, 0.867966, 1.63198
1.08299, 3, 0.865538, 1.63134
1.08399, 3, 0.863106, 1.6307
1.08499, 3, 0.860684, 1.63006
1.08599, 3, 0.858259, 1.62941
1.08699, 3, 0.85584, 1.62877
1.08799, 3, 0.853427, 1.62813
1.08899, 3, 0.851018, 1.62749
1.08999, 3, 0.848609, 1.62684
1.09099, 3, 0.846204, 1.6262
1.092, 3, 0.843807, 1.62555
1.093, 3, 0.841411, 1.62491
1.094, 3, 0.839017, 1.62426
1.095, 3, 0.836623, 1.62362
1.096, 3, 0.834239, 1.62297
1.097, 3, 0.831856, 1.62232
1.098, 3, 0.829479, 1.62168
1.099, 3, 0.827102, 1.62103
1.1, 3, 0.824731, 1.62038
1.101, 3, 0.822362, 1.61973
1.102, 3, 0.819997, 1.61908
1.103, 3, 0.817635, 1.61843
1.104, 3, 0.815279, 1.61778
1.105, 3, 0.812923, 1.61713
1.106, 3, 0.810572, 1.61648
1.107, 3, 0.808221, 1.61583
1.108, 3, 0.80588, 1.61518
1.109, 3, 0.803539, 1.61453
1.11, 3, 0.801202, 1.61387
1.111, 3, 0.798867, 1.61322
1.112, 3, 0.796539, 1.61257
1.113, 3, 0.794211, 1.61191
1.114, 3, 0.791885, 1.61126
1.115, 3, 0.789563, 1.6106
1.116, 3, 0.787249, 1.60995
1.117, 3, 0.784933, 1.60929
1.118, 3, 0.782625, 1.60864
1.119, 3, 0.780318, 1.60798
1.12, 3, 0.778011, 1.60732
1.121, 3, 0.775711, 1.60667
1.122, 3, 0.773415, 1.60601
1.123, 3, 0.771125, 1.60535
1.124, 3, 0.768833, 1.60469
1.125, 3, 0.766544, 1.60403
1.126, 3, 0.764263, 1.60337
1.127, 3, 0.761978, 1.60271
1.128, 3, 0.759702, 1.60205
1.129, 3, 0.75743, 1.60139
1.13, 3, 0.755157, 1.60073
1.131, 3, 0.752891, 1.60007
1.132, 3, 0.750626, 1.59941
1.133, 3, 0.748362, 1.59875
1.134, 3, 0.746106, 1.59808
1.135, 3, 0.743852, 1.59742
1.136, 3, 0.741602, 1.59676
1.137, 3, 0.739353, 1.59609
1.138, 3, 0.737108, 1.59543
1.139, 3, 0.734867, 1.59476
1.14, 3, 0.732626, 1.5941
1.141, 3, 0.730394, 1.59343
1.142, 3, 0.728162, 1.59276
1.143, 3, 0.725932, 1.5921
1.144, 3, 0.723706, 1.59143
1.145, 3, 0.721484, 1.59076
1.146, 3, 0.719263, 1.59009
1.147, 3, 0.717048, 1.58943
1.148, 3, 0.714834, 1.58876
1.149, 3, 0.712624, 1.58809
1.15, 3, 0.710415, 1.58742
1.151, 3, 0.708213, 1.58675
1.152, 3, 0.706012, 1.58608
1.153, 3, 0.703817, 1.58541
1.154, 3, 0.701621, 1.58473
1.155, 3, 0.699432, 1.58406
1.156, 3, 0.697241, 1.58339
1.157, 3, 0.695058, 1.58272
1.158, 3, 0.692874, 1.58204
1.159, 3, 0.690693, 1.58137
1.16, 3, 0.688519, 1.5807
1.161, 3, 0.686348, 1.58002
1.162, 3, 0.684178, 1.57935
1.163, 3, 0.68201, 1.57867
1.164, 3, 0.679845, 1.578
1.165, 3, 0.677685, 1.57732
1.166, 3, 0.675528, 1.57664
1.167, 3, 0.673378, 1.57597
1.168, 3, 0.67122, 1.57529
1.169, 3, 0.669072, 1.57461
1.17, 3, 0.666929, 1.57393
1.171, 3, 0.664786, 1.57326
1.172, 3, 0.662646, 1.57258
1.173, 3, 0.66051, 1.5719
1.174, 3, 0.658376, 1.57122
1.175, 3, 0.656247, 1.57054
1.176, 3, 0.654119, 1.56986
1.177, 3, 0.651993, 1.56918
1.178, 3, 0.649872, 1.56849
1.179, 3, 0.647754, 1.56781
1.18, 3, 0.645638, 1.56713
1.181, 3, 0.643526, 1.56645
1.182, 3, 0.641413, 1.56576
1.183, 3, 0.639308, 1.56508
1.184, 3, 0.637204, 1.5644
1.185, 3, 0.635104, 1.56371
1.186, 3, 0.633002, 1.56303
1.187, 3, 0.630908, 1.56234
1.188, 3, 0.628816, 1.56166
1.189, 3, 0.626729, 1.56097
1.19, 3, 0.624641, 1.56028
1.191, 3, 0.622552, 1.5596
1.192, 3, 0.620474, 1.55891
1.193, 3, 0.618396, 1.55822
1.194, 3, 0.616321, 1.55753
1.195, 3, 0.614248, 1.55685
1.196, 3, 0.612176, 1.55616
1.197, 3, 0.610113, 1.55547
1.198, 3, 0.60805, 1.55478
1.199, 3, 0.605985, 1.55409
1.2, 3, 0.60393, 1.5534
1.201, 3, 0.601877, 1.55271
1.202, 3, 0.59982, 1.55202
1.203, 3, 0.597771, 1.55132
1.204, 3, 0.595726, 1.55063
1.205, 3, 0.593683, 1.54994
1.206, 3, 0.591643, 1.54925
1.207, 3, 0.589603, 1.54855
1.208, 3, 0.587563, 1.54786
1.209, 3, 0.585533, 1.54717
1.21, 3, 0.583504, 1.54647
1.211, 3, 0.581478, 1.54578
1.212, 3, 0.579449, 1.54508
1.213, 3, 0.577428, 1.54439
1.214, 3, 0.575409, 1.54369
1.215, 3, 0.573392, 1.54299
1.216, 3, 0.571376, 1.5423
1.217, 3, 0.569371, 1.5416
1.218, 3, 0.567357, 1.5409
1.219, 3, 0.565354, 1.5402
1.22, 3, 0.563349, 1.53951
1.221, 3, 0.561351, 1.53881
1.222, 3, 0.559355, 1.53811
1.223, 3, 0.557361, 1.53741
1.224, 3, 0.555368, 1.53671
1.225, 3, 0.55338, 1.53601
1.226, 3, 0.551391, 1.53531
1.227, 3, 0.549407, 1.53461
1.228, 3, 0.547429, 1.53391
1.229, 3, 0.545451, 1.5332
1.23, 3, 0.543474, 1.5325
1.231, 3, 0.541502, 1.5318
1.232, 3, 0.539531, 1.5311
1.233, 3, 0.537561, 1.53039
1.234, 3, 0.535596, 1.52969
1.235, 3, 0.533631, 1.52898
1.236, 3, 0.531675, 1.52828
1.237, 3, 0.529716, 1.52757
1.238, 3, 0.52776, 1.52687
1.239, 3, 0.525814, 1.52616
1.24, 3, 0.523859, 1.52546
1.241, 3, 0.521915, 1.52475
1.242, 3, 0.519969, 1.52404
1.243, 3, 0.518028, 1.52334
1.244, 3, 0.51609, 1.52263
1.245, 3, 0.514156, 1.52192
1.246, 3, 0.512221, 1.52121
1.247, 3, 0.510288, 1.5205
1.248, 3, 0.50836, 1.51979
1.249, 3, 0.506436, 1.51908
1.25, 3, 0.504514, 1.51837
1.251, 3, 0.50259, 1.51766
1.252, 3, 0.500672, 1.51695
1.253, 3, 0.498756, 1.51624
1.254, 3, 0.496842, 1.51553
1.255, 3, 0.494931, 1.51482
1.256, 3, 0.493027, 1.51411
1.257, 3, 0.49112, 1.51339
1.258, 3, 0.489217, 1.51268
1.259, 3, 0.487316, 1.51197
1.26, 3, 0.48542, 1.51125
1.261, 3, 0.483523, 1.51054
1.262, 3, 0.48163, 1.50982
1.263, 3, 0.47974, 1.50911
1.264, 3, 0.477851, 1.50839
1.265, 3, 0.475966, 1.50768
1.266, 3, 0.474083, 1.50696
1.267, 3, 0.472203, 1.50625
1.268, 3, 0.470327, 1.50553
1.269, 3, 0.46845, 1.50481
1.27, 3, 0.466576, 1.50409
1.271, 3, 0.464708, 1.50338
1.272, 3, 0.462842, 1.50266
1.273, 3, 0.460972, 1.50194
1.274, 3, 0.45911, 1.50122
1.275, 3, 0.457249, 1.5005
1.276, 3, 0.455394, 1.49978
1.277, 3, 0.453536, 1.49906
1.278, 3, 0.451683, 1.49834
1.279, 3, 0.449834, 1.49762
1.28, 3, 0.447986, 1.4969
1.281, 3, 0.446138, 1.49618
1.282, 3, 0.444295, 1.49545
1.283, 3, 0.442456, 1.49473
1.284, 3, 0.440617, 1.49401
1.285, 3, 0.43878, 1.49328
1.286, 3, 0.436946, 1.49256
1.287, 3, 0.435114, 1.49184
1.288, 3, 0.433287, 1.49111
1.289, 3, 0.431461, 1.49039
1.29, 3, 0.429636, 1.48966
1.291, 3, 0.427814, 1.48894
1.292, 3, 0.425995, 1.48821
1.293, 3, 0.424177, 1.48749
1.294, 3, 0.422366, 1.48676
1.295, 3, 0.420553, 1.48603
1.296, 3, 0.418744, 1.48531
1.297, 3, 0.416938, 1.48458
1.298, 3, 0.415131, 1.48385
1.299, 3, 0.413327, 1.48312
1.3, 3, 0.411527, 1.48239
1.301, 3, 0.40973, 1.48166
1.302, 3, 0.407933, 1.48094
1.303, 3, 0.406141, 1.48021
1.304, 3, 0.404352, 1.47948
1.305, 3, 0.402562, 1.47875
1.30601, 3, 0.400776, 1.47801
1.30701, 3, 0.398991, 1.47728
1.30801, 3, 0.397209, 1.47655
1.30901, 3, 0.395431, 1.47582
1.31001, 3, 0.393654, 1.47509
1.31101, 3, 0.39188, 1.47436
1.31201, 3, 0.390109, 1.47362
1.31301, 3, 0.388336, 1.47289
1.31401, 3, 0.386569, 1.47216
1.31501, 3, 0.384804, 1.47142
1.31601, 3, 0.383045, 1.47069
1.31701, 3, 0.38128, 1.46995
1.31801, 3, 0.379523, 1.46922
1.31901, 3, 0.377767, 1.46848
1.32001, 3, 0.376014, 1.46775
1.32101, 3, 0.374262, 1.46701
1.32201, 3, 0.372513, 1.46627
1.32301, 3, 0.370764, 1.46554
1.32401, 3, 0.36902, 1.4648
1.32501, 3, 0.367277, 1.46406
1.32601, 3, 0.365536, 1.46332
1.32701, 3, 0.363799, 1.46259
1.32801, 3, 0.362067, 1.46185
1.32901, 3, 0.360333, 1.46111
1.33001, 3, 0.358598, 1.46037
1.33101, 3, 0.356873, 1.45963
1.33201, 3, 0.355143, 1.45889
1.33301, 3, 0.353422, 1.45815
1.33401, 3, 0.351698, 1.45741
1.33501, 3, 0.349979, 1.45667
1.33601, 3, 0.348261, 1.45593
1.33701, 3, 0.34654, 1.45518
1.33801, 3, 0.344831, 1.45444
1.33901, 3, 0.343121, 1.4537
1.34001, 3, 0.341412, 1.45296
1.34101, 3, 0.339703, 1.45221
1.34201, 3, 0.338, 1.45147
1.34301, 3, 0.336297, 1.45073
1.34401, 3, 0.334595, 1.44998
1.34501, 3, 0.3329, 1.44924
1.34601, 3, 0.331204, 1.44849
1.34701, 3, 0.329511, 1.44775
1.34801, 3, 0.327818, 1.447
1.34901, 3, 0.326131, 1.44626
1.35001, 3, 0.324444, 1.44551
1.35101, 3, 0.322756, 1.44476
1.35201, 3, 0.321072, 1.44402
1.35301, 3, 0.319392, 1.44327
1.35401, 3, 0.317716, 1.44252
1.35501, 3, 0.31604, 1.44177
1.35601, 3, 0.314367, 1.44103
1.35701, 3, 0.312694, 1.44028
1.35801, 3, 0.311023, 1.43953
1.35901, 3, 0.309355, 1.43878
1.36001, 3, 0.307691, 1.43803
1.36101, 3, 0.306028, 1.43728
1.36201, 3, 0.304368, 1.43653
1.36301, 3, 0.302708, 1.43578
1.36401, 3, 0.301052, 1.43503
1.36501, 3, 0.299395, 1.43428
1.36601, 3, 0.297744, 1.43353
1.36701, 3, 0.296092, 1.43277
1.36801, 3, 0.294446, 1.43202
1.36901, 3, 0.292802, 1.43127
1.37001, 3, 0.291152, 1.43052
1.37101, 3, 0.289511, 1.42976
1.37201, 3, 0.28787, 1.42901
1.37301, 3, 0.286234, 1.42826
1.37401, 3, 0.284599, 1.4275
1.37501, 3, 0.282966, 1.42675
1.37601, 3, 0.281334, 1.42599
1.37701, 3, 0.279703, 1.42524
1.37801, 3, 0.278075, 1.42448
1.37901, 3, 0.276451, 1.42373
1.38001, 3, 0.274829, 1.42297
1.38101, 3, 0.273209, 1.42221
1.38201, 3, 0.271586, 1.42146
1.38301, 3, 0.26997, 1.4207
1.38401, 3, 0.268355, 1.41994
1.38501, 3, 0.266742, 1.41918
1.38601, 3, 0.265131, 1.41843
1.38701, 3, 0.263524, 1.41767
1.38801, 3, 0.261916, 1.41691
1.38901, 3, 0.260312, 1.41615
1.39001, 3, 0.258707, 1.41539
1.39101, 3, 0.257108, 1.41463
1.39201, 3, 0.255511, 1.41387
1.39301, 3, 0.253915, 1.41311
1.39401, 3, 0.252319, 1.41235
1.39501, 3, 0.250724, 1.41159
1.39601, 3, 0.249137, 1.41083
1.39701, 3, 0.24755, 1.41007
1.39801, 3, 0.245961, 1.4093
1.39901, 3, 0.24438, 1.40854
1.40001, 3, 0.242798, 1.40778
1.40101, 3, 0.241215, 1.40702
1.40201, 3, 0.239639, 1.40625
1.40301, 3, 0.23806, 1.40549
1.40401, 3, 0.236489, 1.40472
1.40501, 3, 0.234913, 1.40396
1.40601, 3, 0.233345, 1.4032
1.40701, 3, 0.231776, 1.40243
1.40801, 3, 0.230207, 1.40167
1.40901, 3, 0.228643, 1.4009
1.41001, 3, 0.227082, 1.40013
1.41101, 3, 0.225523, 1.39937
1.41201, 3, 0.223964, 1.3986
1.41301, 3, 0.222408, 1.39784
1.41401, 3, 0.220852, 1.39707
1.41501, 3, 0.2193, 1.3963
1.41601, 3, 0.217751, 1.39553
1.41701, 3, 0.216206, 1.39477
1.41801, 3, 0.214655, 1.394
1.41901, 3, 0.213112, 1.39323
1.42001, 3, 0.211571, 1.39246
1.42101, 3, 0.21003, 1.39169
1.42201, 3, 0.208492, 1.39092
1.42301, 3, 0.20695, 1.39015
1.42401, 3, 0.205418, 1.38938
1.42501, 3, 0.203888, 1.38861
1.42601, 3, 0.202356, 1.38784
1.42701, 3, 0.200825, 1.38707
1.42801, 3, 0.199298, 1.3863
1.42901, 3, 0.197774, 1.38553
1.43001, 3, 0.19625, 1.38475
1.43101, 3, 0.194733, 1.38398
1.43201, 3, 0.193209, 1.38321
1.43301, 3, 0.191697, 1.38244
1.43401, 3, 0.19018, 1.38166
1.43501, 3, 0.188667, 1.38089
1.43601, 3, 0.187155, 1.38012
1.43701, 3, 0.185642, 1.37934
1.43801, 3, 0.18414, 1.37857
1.43901, 3, 0.182629, 1.37779
1.44001, 3, 0.181128, 1.37702
1.44101, 3, 0.179624, 1.37624
1.44201, 3, 0.178126, 1.37547
1.44301, 3, 0.176627, 1.37469
1.44401, 3, 0.175129, 1.37391
1.44501, 3, 0.173639, 1.37314
1.44601, 3, 0.172143, 1.37236
1.44701, 3, 0.170653, 1.37158
1.44801, 3, 0.169162, 1.37081
1.44901, 3, 0.167675, 1.37003
1.45001, 3, 0.166195, 1.36925
1.45101, 3, 0.16471, 1.36847
1.45201, 3, 0.16323, 1.36769
1.45301, 3, 0.161751, 1.36691
1.45401, 3, 0.160273, 1.36614
1.45501, 3, 0.158797, 1.36536
1.45601, 3, 0.157322, 1.36458
1.45701, 3, 0.155855, 1.3638
1.45801, 3, 0.154384, 1.36302
1.45901, 3, 0.152916, 1.36223
1.46001, 3, 0.151448, 1.36145
1.46101, 3, 0.149983, 1.36067
1.46201, 3, 0.148521, 1.35989
1.46301, 3, 0.14706, 1.35911
1.46401, 3, 0.145603, 1.35833
1.46501, 3, 0.144145, 1.35754
1.46601, 3, 0.142688, 1.35676
1.46701, 3, 0.141235, 1.35598
1.46801, 3, 0.139786, 1.3552
1.46901, 3, 0.138337, 1.35441
1.47001, 3, 0.136888, 1.35363
1.47101, 3, 0.135444, 1.35284
1.47201, 3, 0.133994, 1.35206
1.47301, 3, 0.132553, 1.35128
1.47401, 3, 0.131115, 1.35049
1.47501, 3, 0.129676, 1.34971
1.47601, 3, 0.128239, 1.34892
1.47701, 3, 0.126803, 1.34813
1.47801, 3, 0.125371, 1.34735
1.47901, 3, 0.12394, 1.34656
1.48001, 3, 0.122511, 1.34577
1.48101, 3, 0.121084, 1.34499
1.48201, 3, 0.119659, 1.3442
1.48301, 3, 0.118231, 1.34341
1.48401, 3, 0.116809, 1.34263
1.48501, 3, 0.115391, 1.34184
1.48601, 3, 0.11397, 1.34105
1.48701, 3, 0.112555, 1.34026
1.48801, 3, 0.111139, 1.33947
1.48901, 3, 0.109725, 1.33868
1.49001, 3, 0.108312, 1.33789
1.49101, 3, 0.106902, 1.3371
1.49201, 3, 0.105497, 1.33631
1.49301, 3, 0.104088, 1.33552
1.49401, 3, 0.102684, 1.33473
1.49501, 3, 0.101284, 1.33394
1.49601, 3, 0.099882, 1.33315
1.49701, 3, 0.0984809, 1.33236
1.49801, 3, 0.0970863, 1.33157
1.49901, 3, 0.0956906, 1.33077
1.50001, 3, 0.0942971, 1.32998
1.50101, 3, 0.0929053, 1.32919
1.50201, 3, 0.0915157, 1.3284
1.50301, 3, 0.0901266, 1.3276
1.50401, 3, 0.0887393, 1.32681
1.50501, 3, 0.0873559, 1.32602
1.50601, 3, 0.0859716, 1.32522
1.50701, 3, 0.0845878, 1.32443
1.50801, 3, 0.0832094, 1.32363
1.50901, 3, 0.0818336, 1.32284
1.51001, 3, 0.0804543, 1.32204
1.51101, 3, 0.0790798, 1.32125
1.51201, 3, 0.0777093, 1.32045
1.51301, 3, 0.0763379, 1.31966
1.51401, 3, 0.0749658, 1.31886
1.51501, 3, 0.073601, 1.31807
1.51601, 3, 0.072232, 1.31727
1.51701, 3, 0.0708704, 1.31647
1.51801, 3, 0.0695054, 1.31568
1.51901, 3, 0.0681477, 1.31488
1.52002, 3, 0.0667884, 1.31408
1.52102, 3, 0.0654312, 1.31328
1.52202, 3, 0.0640741, 1.31248
1.52302, 3, 0.0627197, 1.31169
1.52402, 3, 0.0613713, 1.31089
1.52502, 3, 0.0600183, 1.31009
1.52602, 3, 0.0586676, 1.30929
1.52702, 3, 0.0573214, 1.30849
1.52802, 3, 0.0559771, 1.30769
1.52902, 3, 0.0546343, 1.30689
1.53002, 3, 0.0532949, 1.30609
1.53102, 3, 0.0519525, 1.30529
1.53202, 3, 0.0506136, 1.30449
1.53302, 3, 0.0492783, 1.30369
1.53402, 3, 0.0479424, 1.30289
1.53502, 3, 0.0466076, 1.30208
1.53602, 3, 0.0452754, 1.30128
1.53702, 3, 0.0439471, 1.30048
1.53802, 3, 0.0426168, 1.29968
1.53902, 3, 0.041296, 1.29888
1.54002, 3, 0.0399687, 1.29807
1.54102, 3, 0.0386449, 1.29727
1.54202, 3, 0.0373242, 1.29647
1.54302, 3, 0.0360014, 1.29566
1.54402, 3, 0.0346847, 1.29486
1.54502, 3, 0.0333702, 1.29405
1.54602, 3, 0.0320527, 1.29325
1.54702, 3, 0.030741, 1.29245
1.54802, 3, 0.0294287, 1.29164
1.54902, 3, 0.0281214, 1.29084
1.55002, 3, 0.0268102, 1.29003
1.55102, 3, 0.0255023, 1.28922
1.55202, 3, 0.0241973, 1.28842
1.55302, 3, 0.0228957, 1.28761
1.55402, 3, 0.0215928, 1.28681
1.55502, 3, 0.0202957, 1.286
1.55602, 3, 0.0189969, 1.28519
1.55702, 3, 0.0177008, 1.28439
1.55802, 3, 0.0164024, 1.28358
1.55902, 3, 0.0151123, 1.28277
1.56002, 3, 0.0138228, 1.28196
1.56102, 3, 0.0125271, 1.28115
1.56202, 3, 0.0112389, 1.28035
1.56302, 3, 0.00995214, 1.27954
1.56402, 3, 0.00866875, 1.27873
1.56502, 3, 0.00738503, 1.27792
1.56602, 3, 0.0061027, 1.27711
1.56702, 3, 0.00482552, 1.2763
1.56802, 3, 0.00354455, 1.27549
1.56902, 3, 0.00226842, 1.27468
1.57002, 3, 0.000992817, 1.27387
1.57102, 3, -0.000282503, 1.27306
1.57202, 3, -0.00155471, 1.27225
1.57302, 3, -0.00282466, 1.27144
1.57402, 3, -0.00409322, 1.27063
1.57502, 3, -0.00535835, 1.26982
1.57602, 3, -0.00662555, 1.269
1.57702, 3, -0.00788877, 1.26819
1.57802, 3, -0.0091517, 1.26738
1.57902, 3, -0.0104139, 1.26657
1.58002, 3, -0.011672, 1.26575
1.58102, 3, -0.0129293, 1.26494
1.58202, 3, -0.0141867, 1.26413
1.58302, 3, -0.0154389, 1.26332
1.58402, 3, -0.0166941, 1.2625
1.58502, 3, -0.0179441, 1.26169
1.58602, 3, -0.0191952, 1.26087
1.58702, 3, -0.0204419, 1.26006
1.58802, 3, -0.0216862, 1.25924
1.58902, 3, -0.0229324, 1.25843
1.59002, 3, -0.0241757, 1.25761
1.59102, 3, -0.0254184, 1.2568
1.59202, 3, -0.0266572, 1.25598
1.59302, 3, -0.0278986, 1.25517
1.59402, 3, -0.0291342, 1.25435
1.59502, 3, -0.0303708, 1.25354
1.59602, 3, -0.0316045, 1.25272
1.59702, 3, -0.0328354, 1.2519
1.59802, 3, -0.0340652, 1.25109
1.59902, 3, -0.035295, 1.25027
1.60002, 3, -0.0365231, 1.24945
1.60102, 3, -0.0377484, 1.24863
1.60202, 3, -0.0389743, 1.24782
1.60302, 3, -0.0401957, 1.247
1.60402, 3, -0.041417, 1.24618
1.60502, 3, -0.042635, 1.24536
1.60602, 3, -0.0438541, 1.24454
1.60702, 3, -0.0450687, 1.24372
1.60802, 3, -0.0462874, 1.2429
1.60902, 3, -0.0474986, 1.24209
1.61002, 3, -0.0487109, 1.24127
1.61102, 3, -0.0499222, 1.24045
1.61202, 3, -0.0511298, 1.23963
1.61302, 3, -0.0523391, 1.23881
1.61402, 3, -0.0535401, 1.23799
1.61502, 3, -0.0547466, 1.23716
1.61602, 3, -0.0559497, 1.23634
1.61702, 3, -0.0571511, 1.23552
1.61802, 3, -0.058352, 1.2347
1.61902, 3, -0.0595483, 1.23388
1.62002, 3, -0.0607452, 1.23306
1.62102, 3, -0.0619416, 1.23224
1.62202, 3, -0.0631336, 1.23141
1.62302, 3, -0.0643235, 1.23059
1.62402, 3, -0.0655153, 1.22977
1.62502, 3, -0.0667029, 1.22895
1.62602, 3, -0.0678894, 1.22812
1.62702, 3, -0.0690756, 1.2273
1.62802, 3, -0.0702613, 1.22648
1.62902, 3, -0.0714412, 1.22565
1.63002, 3, -0.072623, 1.22483
1.63102, 3, -0.0738047, 1.224
1.63202, 3, -0.0749802, 1.22318
1.63302, 3, -0.0761565, 1.22235
1.63402, 3, -0.0773337, 1.22153
1.63502, 3, -0.0785087, 1.2207
1.63602, 3, -0.0796788, 1.21988
1.63702, 3, -0.0808502, 1.21905
1.63802, 3, -0.0820169, 1.21823
1.63902, 3, -0.0831842, 1.2174
1.64002, 3, -0.084353, 1.21658
1.64102, 3, -0.085517, 1.21575
1.64202, 3, -0.0866778, 1.21492
1.64302, 3, -0.0878406, 1.2141
1.64402, 3, -0.0890018, 1.21327
1.64502, 3, -0.0901573, 1.21244
1.64602, 3, -0.0913127, 1.21162
1.64702, 3, -0.092472, 1.21079
1.64802, 3, -0.0936244, 1.20996
1.64902, 3, -0.0947748, 1.20913
1.65002, 3, -0.0959292, 1.2083
1.65102, 3, -0.097078, 1.20748
1.65202, 3, -0.0982258, 1.20665
1.65302, 3, -0.0993732, 1.20582
1.65402, 3, -0.100519, 1.20499
1.65502, 3, -0.101661, 1.20416
1.65602, 3, -0.102804, 1.20333
1.65702, 3, -0.103945, 1.2025
1.65802, 3, -0.105085, 1.20167
1.65902, 3, -0.106221, 1.20084
1.66002, 3, -0.107355, 1.20001
1.66102, 3, -0.108493, 1.19918
1.66202, 3, -0.109623, 1.19835
1.66302, 3, -0.110754, 1.19752
1.66402, 3, -0.111885, 1.19669
1.66502, 3, -0.113015, 1.19586
1.66602, 3, -0.114144, 1.19503
1.66702, 3, -0.115266, 1.19419
1.66802, 3, -0.11639, 1.19336
1.66902, 3, -0.117516, 1.19253
1.67002, 3, -0.118637, 1.1917
1.67102, 3, -0.119757, 1.19087
1.67202, 3, -0.120874, 1.19003
1.67302, 3, -0.121994, 1.1892
1.67402, 3, -0.123109, 1.18837
1.67502, 3, -0.124223, 1.18753
1.67602, 3, -0.125334, 1.1867
1.67702, 3, -0.126448, 1.18587
1.67802, 3, -0.127557, 1.18503
1.67902, 3, -0.128665, 1.1842
1.68002, 3, -0.129773, 1.18337
1.68102, 3, -0.130876, 1.18253
1.68202, 3, -0.13198, 1.1817
1.68302, 3, -0.133084, 1.18086
1.68402, 3, -0.134184, 1.18003
1.68502, 3, -0.135284, 1.17919
1.68602, 3, -0.136382, 1.17836
1.68702, 3, -0.137479, 1.17752
1.68802, 3, -0.138574, 1.17669
1.68902, 3, -0.139671, 1.17585
1.69002, 3, -0.140763, 1.17501
1.69102, 3, -0.141853, 1.17418
1.69202, 3, -0.142943, 1.17334
1.69302, 3, -0.144027, 1.17251
1.69402, 3, -0.145117, 1.17167
1.69502, 3, -0.146199, 1.17083
1.69602, 3, -0.147284, 1.17
1.69702, 3, -0.148369, 1.16916
1.69802, 3, -0.149448, 1.16832
1.69902, 3, -0.15053, 1.16748
1.70002, 3, -0.151607, 1.16664
1.70102, 3, -0.152682, 1.16581
1.70202, 3, -0.153757, 1.16497
1.70302, 3, -0.154833, 1.16413
1.70402, 3, -0.155908, 1.16329
1.70502, 3, -0.156978, 1.16245
1.70602, 3, -0.158047, 1.16161
1.70702, 3, -0.159115, 1.16078
1.70802, 3, -0.160184, 1.15994
1.70902, 3, -0.161246, 1.1591
1.71002, 3, -0.162313, 1.15826
1.71102, 3, -0.163374, 1.15742
1.71202, 3, -0.164438, 1.15658
1.71302, 3, -0.165494, 1.15574
1.71402, 3, -0.166555, 1.1549
1.71502, 3, -0.167611, 1.15406
1.71602, 3, -0.168666, 1.15322
1.71702, 3, -0.16972, 1.15237
1.71802, 3, -0.170774, 1.15153
1.71902, 3, -0.171828, 1.15069
1.72002, 3, -0.172875, 1.14985
1.72102, 3, -0.173925, 1.14901
1.72202, 3, -0.174973, 1.14817
1.72302, 3, -0.176017, 1.14733
1.72402, 3, -0.177062, 1.14648
1.72502, 3, -0.178105, 1.14564
1.72602, 3, -0.179144, 1.1448
1.72702, 3, -0.180187, 1.14396
1.72802, 3, -0.181226, 1.14311
1.72902, 3, -0.182263, 1.14227
1.73002, 3, -0.1833, 1.14143
1.73102, 3, -0.184337, 1.14059
1.73202, 3, -0.185366, 1.13974
1.73302, 3, -0.186401, 1.1389
1.73403, 3, -0.187433, 1.13805
1.73503, 3, -0.188461, 1.13721
1.73603, 3, -0.18949, 1.13637
1.73703, 3, -0.190513, 1.13552
1.73803, 3, -0.191541, 1.13468
1.73903, 3, -0.192564, 1.13383
1.74003, 3, -0.193587, 1.13299
1.74103, 3, -0.194607, 1.13214
1.74203, 3, -0.195629, 1.1313
1.74303, 3, -0.196646, 1.13045
1.74403, 3, -0.19766, 1.12961
1.74503, 3, -0.198676, 1.12876
1.74603, 3, -0.199692, 1.12792
1.74703, 3, -0.200706, 1.12707
1.74803, 3, -0.201718, 1.12623
1.74903, 3, -0.202726, 1.12538
1.75003, 3, -0.203735, 1.12453
1.75103, 3, -0.204743, 1.12369
1.75203, 3, -0.205748, 1.12284
1.75303, 3, -0.206753, 1.12199
1.75403, 3, -0.207759, 1.12115
1.75503, 3, -0.208759, 1.1203
1.75603, 3, -0.209761, 1.11945
1.75703, 3, -0.210761, 1.11861
1.75803, 3, -0.211758, 1.11776
1.75903, 3, -0.212755, 1.11691
1.76003, 3, -0.213749, 1.11606
1.76103, 3, -0.214744, 1.11521
1.76203, 3, -0.215735, 1.11437
1.76303, 3, -0.216729, 1.11352
1.76403, 3, -0.217718, 1.11267
1.76503, 3, -0.218704, 1.11182
1.76603, 3, -0.219693, 1.11097
1.76703, 3, -0.220681, 1.11012
1.76803, 3, -0.221666, 1.10927
1.76903, 3, -0.222649, 1.10843
1.77003, 3, -0.223629, 1.10758
1.77103, 3, -0.224609, 1.10673
1.77203, 3, -0.225589, 1.10588
1.77303, 3, -0.226567, 1.10503
1.77403, 3, -0.227542, 1.10418
1.77503, 3, -0.228519, 1.10333
1.77603, 3, -0.229495, 1.10248
1.77703, 3, -0.230466, 1.10163
1.77803, 3, -0.231436, 1.10078
1.77903, 3, -0.232407, 1.09993
1.78003, 3, -0.233376, 1.09907
1.78103, 3, -0.234343, 1.09822
1.78203, 3, -0.235309, 1.09737
1.78303, 3, -0.236274, 1.09652
1.78403, 3, -0.23724, 1.09567
1.78503, 3, -0.2382, 1.09482
1.78603, 3, -0.239161, 1.09397
1.78703, 3, -0.24012, 1.09311
1.78803, 3, -0.241078, 1.09226
1.78903, 3, -0.242035, 1.09141
1.79003, 3, -0.242991, 1.09056
1.79103, 3, -0.243943, 1.08971
1.79203, 3, -0.244898, 1.08885
1.79303, 3, -0.245847, 1.088
1.79403, 3, -0.2468, 1.08715
1.79503, 3, -0.247748, 1.0863
1.79603, 3, -0.248697, 1.08544
1.79703, 3, -0.249642, 1.08459
1.79803, 3, -0.250586, 1.08374
1.79903, 3, -0.251529, 1.08288
1.80003, 3, -0.252472, 1.08203
1.80103, 3, -0.253415, 1.08118
1.80203, 3, -0.254356, 1.08032
1.80303, 3, -0.255292, 1.07947
1.80403, 3, -0.256227, 1.07861
1.80503, 3, -0.257168, 1.07776
1.80603, 3, -0.2581, 1.0769
1.80703, 3, -0.259033, 1.07605
1.80803, 3, -0.259966, 1.0752
1.80903, 3, -0.260898, 1.07434
1.81003, 3, -0.261826, 1.07349
1.81103, 3, -0.262755, 1.07263
1.81203, 3, -0.263682, 1.07178
1.81303, 3, -0.264608, 1.07092
1.81403, 3, -0.265531, 1.07007
1.81503, 3, -0.266454, 1.06921
1.81603, 3, -0.267376, 1.06835
1.81703, 3, -0.268298, 1.0675
1.81803, 3, -0.269216, 1.06664
1.81903, 3, -0.270133, 1.06579
1.82003, 3, -0.271051, 1.06493
1.82103, 3, -0.271967, 1.06407
1.82203, 3, -0.272879, 1.06322
1.82303, 3, -0.273795, 1.06236
1.82403, 3, -0.274706, 1.0615
1.82503, 3, -0.275614, 1.06065
1.82603, 3, -0.276524, 1.05979
1.82703, 3, -0.27743, 1.05893
1.82803, 3, -0.27834, 1.05808
1.82903, 3, -0.279243, 1.05722
1.83003, 3, -0.280149, 1.05636
1.83103, 3, -0.281049, 1.0555
1.83203, 3, -0.281951, 1.05465
1.83303, 3, -0.282853, 1.05379
1.83403, 3, -0.283751, 1.05293
1.83503, 3, -0.284649, 1.05207
1.83603, 3, -0.285546, 1.05122
1.83703, 3, -0.28644, 1.05036
1.83803, 3, -0.287336, 1.0495
1.83903, 3, -0.288227, 1.04864
1.84003, 3, -0.289117, 1.04778
1.84103, 3, -0.290008, 1.04692
1.84203, 3, -0.2909, 1.04606
1.84303, 3, -0.291785, 1.04521
1.84403, 3, -0.29267, 1.04435
1.84503, 3, -0.293554, 1.04349
1.84603, 3, -0.294441, 1.04263
1.84703, 3, -0.295322, 1.04177
1.84803, 3, -0.296203, 1.04091
1.84903, 3, -0.297086, 1.04005
1.85003, 3, -0.297962, 1.03919
1.85103, 3, -0.298837, 1.03833
1.85203, 3, -0.299718, 1.03747
1.85303, 3, -0.30059, 1.03661
1.85403, 3, -0.301464, 1.03575
1.85503, 3, -0.302337, 1.03489
1.85603, 3, -0.303211, 1.03403
1.85703, 3, -0.304081, 1.03317
1.85803, 3, -0.304946, 1.03231
1.85903, 3, -0.305815, 1.03145
1.86003, 3, -0.306681, 1.03059
1.86103, 3, -0.307546, 1.02973
1.86203, 3, -0.308411, 1.02887
1.86303, 3, -0.309272, 1.028
1.86403, 3, -0.310136, 1.02714
1.86503, 3, -0.310996, 1.02628
1.86603, 3, -0.311854, 1.02542
1.86703, 3, -0.312711, 1.02456
1.86803, 3, -0.313568, 1.0237
1.86903, 3, -0.314423, 1.02284
1.87003, 3, -0.315275, 1.02197
1.87103, 3, -0.316131, 1.02111
1.87203, 3, -0.316981, 1.02025
1.87303, 3, -0.317831, 1.01939
1.87403, 3, -0.31868, 1.01853
1.87503, 3, -0.319529, 1.01766
1.87603, 3, -0.320377, 1.0168
1.87703, 3, -0.321222, 1.01594
1.87803, 3, -0.322067, 1.01508
1.87903, 3, -0.322911, 1.01421
1.88003, 3, -0.32375, 1.01335
1.88103, 3, -0.324589, 1.01249
1.88203, 3, -0.325432, 1.01163
1.88303, 3, -0.326266, 1.01076
1.88403, 3, -0.327107, 1.0099
1.88503, 3, -0.327939, 1.00904
1.88603, 3, -0.328775, 1.00817
1.88703, 3, -0.32961, 1.00731
1.88803, 3, -0.330441, 1.00645
1.88903, 3, -0.331271, 1.00558
1.89003, 3, -0.3321, 1.00472
1.89103, 3, -0.33293, 1.00385
1.89203, 3, -0.333757, 1.00299
1.89303, 3, -0.334585, 1.00213
1.89403, 3, -0.335409, 1.00126
1.89503, 3, -0.33623, 1.0004
1.89603, 3, -0.337056, 0.999535
1.89703, 3, -0.337877, 0.998671
1.89803, 3, -0.338694, 0.997807
1.89903, 3, -0.339512, 0.996942
1.90003, 3, -0.340333, 0.996078
1.90103, 3, -0.341148, 0.995211
1.90203, 3, -0.341966, 0.994349
1.90303, 3, -0.342779, 0.993482
1.90403, 3, -0.34359, 0.992618
1.90503, 3, -0.344405, 0.991755
1.90603, 3, -0.345215, 0.990891
1.90703, 3, -0.34602, 0.990024
1.90803, 3, -0.34683, 0.989158
1.90903, 3, -0.34764, 0.988293
1.91003, 3, -0.348441, 0.987427
1.91103, 3, -0.349248, 0.986563
1.91203, 3, -0.35005, 0.985697
1.91303, 3, -0.350851, 0.984831
1.91403, 3, -0.351654, 0.983965
1.91503, 3, -0.352452, 0.983098
1.91603, 3, -0.35325, 0.982233
1.91703, 3, -0.354048, 0.981367
1.91803, 3, -0.354846, 0.980501
1.91903, 3, -0.355638, 0.979632
1.92003, 3, -0.356435, 0.978769
1.92103, 3, -0.357225, 0.977903
1.92203, 3, -0.358016, 0.977036
1.92303, 3, -0.358807, 0.97617
1.92403, 3, -0.359596, 0.975303
1.92503, 3, -0.360384, 0.974436
1.92603, 3, -0.36117, 0.973569
1.92703, 3, -0.361957, 0.972703
1.92803, 3, -0.36274, 0.971836
1.92903, 3, -0.363523, 0.970969
1.93003, 3, -0.364303, 0.970102
1.93103, 3, -0.365086, 0.969234
1.93203, 3, -0.365867, 0.968369
1.93303, 3, -0.366645, 0.967501
1.93403, 3, -0.36742, 0.966633
1.93503, 3, -0.368198, 0.965765
1.93603, 3, -0.368972, 0.964899
1.93703, 3, -0.369748, 0.964031
1.93803, 3, -0.370521, 0.963165
1.93903, 3, -0.371289, 0.962295
1.94003, 3, -0.372061, 0.961429
1.94103, 3, -0.372829, 0.96056
1.94203, 3, -0.373599, 0.959694
1.94303, 3, -0.374365, 0.958826
1.94403, 3, -0.37513, 0.957957
1.94503, 3, -0.375896, 0.957091
1.94603, 3, -0.37666, 0.956223
1.94703, 3, -0.37742, 0.955354
1.94804, 3, -0.378181, 0.954486
1.94904, 3, -0.378939, 0.953616
1.95004, 3, -0.3797, 0.952749
1.95104, 3, -0.380457, 0.95188
1.95204, 3, -0.381211, 0.951011
1.95304, 3, -0.381967, 0.950142
1.95404, 3, -0.382724, 0.949275
1.95504, 3, -0.383478, 0.948408
1.95604, 3, -0.384226, 0.947537
1.95704, 3, -0.384978, 0.946669
1.95804, 3, -0.385729, 0.945801
1.95904, 3, -0.386473, 0.944931
1.96004, 3, -0.387221, 0.944062
1.96104, 3, -0.387969, 0.943192
1.96204, 3, -0.388711, 0.942325
1.96304, 3, -0.389454, 0.941455
1.96404, 3, -0.390198, 0.940586
1.96504, 3, -0.390941, 0.939717
1.96604, 3, -0.391681, 0.938848
1.96704, 3, -0.39242, 0.937979
1.96804, 3, -0.393159, 0.937109
1.96904, 3, -0.393899, 0.936242
1.97004, 3, -0.39463, 0.93537
1.97104, 3, -0.395366, 0.934503
1.97204, 3, -0.396098, 0.933631
1.97304, 3, -0.396831, 0.932763
1.97404, 3, -0.397563, 0.931892
1.97504, 3, -0.39829, 0.931023
1.97604, 3, -0.39902, 0.930153
1.97704, 3, -0.399746, 0.929283
1.97804, 3, -0.400474, 0.928413
1.97904, 3, -0.401201, 0.927544
1.98004, 3, -0.401924, 0.926672
1.98104, 3, -0.402647, 0.925802
1.98204, 3, -0.403369, 0.924933
1.98304, 3, -0.404088, 0.924062
1.98404, 3, -0.404809, 0.923191
1.98504, 3, -0.40553, 0.922323
1.98604, 3, -0.406246, 0.921453
1.98704, 3, -0.406965, 0.920583
1.98804, 3, -0.407679, 0.919713
1.98904, 3, -0.408392, 0.91884
1.99004, 3, -0.409105, 0.917971
1.99104, 3, -0.409818, 0.917101
1.99204, 3, -0.410529, 0.916231
1.99304, 3, -0.411234, 0.915359
1.99404, 3, -0.411947, 0.914489
1.99504, 3, -0.412652, 0.913619
1.99604, 3, -0.413359, 0.912747
1.99704, 3, -0.414066, 0.911878
1.99804, 3, -0.414767, 0.911005
1.99904, 3, -0.415471, 0.910137
2.00004, 3, -0.416173, 0.909263
2.00104, 3, -0.416874, 0.908393
2.00204, 3, -0.417575, 0.907524
2.00304, 3, -0.418273, 0.906651
2.00404, 3, -0.41897, 0.905783
2.00504, 3, -0.419667, 0.904911
2.00604, 3, -0.420358, 0.904039
2.00704, 3, -0.421054, 0.903169
2.00804, 3, -0.421748, 0.902298
2.00904, 3, -0.422438, 0.901425
2.01004, 3, -0.423127, 0.900556
2.01104, 3, -0.423816, 0.899684
2.01204, 3, -0.424506, 0.898812
2.01304, 3, -0.425193, 0.897942
2.01404, 3, -0.42588, 0.89707
2.01504, 3, -0.426567, 0.896201
2.01604, 3, -0.427248, 0.895329
2.01704, 3, -0.427931, 0.894457
2.01804, 3, -0.428611, 0.893586
2.01904, 3, -0.429293, 0.892714
2.02004, 3, -0.429973, 0.891843
2.02104, 3, -0.430652, 0.890972
2.02204, 3, -0.431328, 0.890099
2.02304, 3, -0.432006, 0.889229
2.02404, 3, -0.432681, 0.888356
2.02504, 3, -0.433355, 0.887486
2.02604, 3, -0.434025, 0.886613
2.02704, 3, -0.434698, 0.885742
2.02804, 3, -0.435371, 0.884871
2.02904, 3, -0.43604, 0.883999
2.03004, 3, -0.436708, 0.883126
2.03104, 3, -0.437374, 0.882255
2.03204, 3, -0.438044, 0.881385
2.03304, 3, -0.438708, 0.880511
2.03403, 3, -0.439368, 0.87964
2.03503, 3, -0.440034, 0.878768
2.03603, 3, -0.440695, 0.877896
2.03703, 3, -0.441357, 0.877025
2.03803, 3, -0.442014, 0.876153
2.03903, 3, -0.442674, 0.875281
2.04003, 3, -0.443334, 0.87441
2.04103, 3, -0.44399, 0.87354
2.04203, 3, -0.444645, 0.872666
2.04303, 3, -0.445302, 0.871794
2.04403, 3, -0.445954, 0.870921
2.04503, 3, -0.446602, 0.870049
2.04603, 3, -0.447258, 0.86918
2.04703, 3, -0.447904, 0.868306
2.04803, 3, -0.448554, 0.867434
2.04903, 3, -0.449202, 0.866562
2.05003, 3, -0.449848, 0.865689
2.05103, 3, -0.450495, 0.864818
2.05203, 3, -0.45114, 0.863947
2.05303, 3, -0.451782, 0.863074
2.05403, 3, -0.452424, 0.862202
2.05503, 3, -0.453068, 0.86133
2.05603, 3, -0.453709, 0.860457
2.05703, 3, -0.454344, 0.859584
2.05803, 3, -0.454983, 0.858712
2.05903, 3, -0.455621, 0.857841
2.06003, 3, -0.456258, 0.856969
2.06103, 3, -0.456891, 0.856096
2.06203, 3, -0.457528, 0.855226
2.06303, 3, -0.458159, 0.854351
2.06403, 3, -0.45879, 0.85348
2.06503, 3, -0.45942, 0.852608
2.06603, 3, -0.460048, 0.851734
2.06703, 3, -0.460679, 0.850863
2.06803, 3, -0.461305, 0.849991
2.06903, 3, -0.461932, 0.849118
2.07003, 3, -0.462557, 0.848246
2.07103, 3, -0.463184, 0.847375
2.07203, 3, -0.463804, 0.846502
2.07303, 3, -0.464428, 0.84563
2.07403, 3, -0.465048, 0.844756
2.07503, 3, -0.465667, 0.843884
2.07603, 3, -0.466288, 0.843013
2.07703, 3, -0.466904, 0.84214
2.07803, 3, -0.467521, 0.841268
2.07903, 3, -0.46814, 0.840397
2.08003, 3, -0.46875, 0.839521
2.08103, 3, -0.469365, 0.838651
2.08203, 3, -0.469977, 0.837779
2.08303, 3, -0.470592, 0.836905
2.08403, 3, -0.471197, 0.836033
2.08503, 3, -0.47181, 0.835162
2.08603, 3, -0.472417, 0.834291
2.08703, 3, -0.473022, 0.833416
2.08803, 3, -0.473632, 0.832545
2.08903, 3, -0.474237, 0.831674
2.09003, 3, -0.474841, 0.830801
2.09103, 3, -0.475443, 0.829928
2.09203, 3, -0.476045, 0.829055
2.09303, 3, -0.476647, 0.828184
2.09403, 3, -0.477245, 0.827311
2.09503, 3, -0.477848, 0.826439
2.09603, 3, -0.478443, 0.825565
2.09703, 3, -0.47904, 0.824695
2.09803, 3, -0.479634, 0.82382
2.09903, 3, -0.480231, 0.822949
2.10003, 3, -0.480821, 0.822077
2.10103, 3, -0.481414, 0.821205
2.10203, 3, -0.482006, 0.820332
2.10303, 3, -0.482596, 0.819461
2.10403, 3, -0.483189, 0.81859
2.10503, 3, -0.483775, 0.817716
2.10603, 3, -0.484364, 0.816844
2.10703, 3, -0.484948, 0.815971
2.10803, 3, -0.485536, 0.815101
2.10903, 3, -0.48612, 0.814228
2.11003, 3, -0.486699, 0.813354
2.11103, 3, -0.487284, 0.812483
2.11203, 3, -0.487864, 0.81161
2.11303, 3, -0.488448, 0.81074
2.11403, 3, -0.489025, 0.809868
2.11503, 3, -0.489602, 0.808995
2.11603, 3, -0.49018, 0.808124
2.11703, 3, -0.490756, 0.807255
2.11803, 3, -0.491331, 0.806381
2.11903, 3, -0.491904, 0.805508
2.12003, 3, -0.492477, 0.804636
2.12103, 3, -0.493051, 0.803764
2.12203, 3, -0.493618, 0.802892
2.12303, 3, -0.494189, 0.802019
2.12403, 3, -0.494759, 0.801148
2.12503, 3, -0.495326, 0.800276
2.12603, 3, -0.495893, 0.799405
2.12703, 3, -0.496458, 0.798532
2.12803, 3, -0.497021, 0.797661
2.12903, 3, -0.497585, 0.796788
2.13003, 3, -0.498146, 0.795917
2.13103, 3, -0.498709, 0.795042
2.13203, 3, -0.499273, 0.794175
2.13303, 3, -0.499829, 0.793302
2.13403, 3, -0.500388, 0.792429
2.13503, 3, -0.500945, 0.791559
2.13603, 3, -0.501501, 0.790686
2.13703, 3, -0.502054, 0.789814
2.13803, 3, -0.50261, 0.788943
2.13903, 3, -0.503168, 0.788074
2.14003, 3, -0.503717, 0.787201
2.14103, 3, -0.50427, 0.786328
2.14203, 3, -0.50482, 0.785459
2.14303, 3, -0.505369, 0.784587
2.14403, 3, -0.505916, 0.783715
2.14503, 3, -0.506464, 0.782845
2.14603, 3, -0.50701, 0.781972
2.14703, 3, -0.507552, 0.7811
2.14803, 3, -0.508098, 0.78023
2.14903, 3, -0.508643, 0.77936
2.15003, 3, -0.509183, 0.778486
2.15103, 3, -0.509724, 0.777616
2.15203, 3, -0.510266, 0.776745
2.15303, 3, -0.510806, 0.775875
2.15403, 3, -0.511343, 0.775002
2.15503, 3, -0.511881, 0.774132
2.15603, 3, -0.512415, 0.773261
2.15703, 3, -0.512952, 0.77239
2.15803, 3, -0.513483, 0.771519
2.15903, 3, -0.514015, 0.770646
2.16003, 3, -0.514552, 0.769778
2.16103, 3, -0.515082, 0.768906
2.16203, 3, -0.515613, 0.768036
2.16303, 3, -0.516139, 0.767163
2.16403, 3, -0.516669, 0.766295
2.16503, 3, -0.517197, 0.765424
2.16603, 3, -0.517721, 0.764553
2.16703, 3, -0.518247, 0.76368
2.16803, 3, -0.518772, 0.762811
2.16903, 3, -0.519295, 0.761941
2.17003, 3, -0.519817, 0.76107
2.17103, 3, -0.520336, 0.760199
2.17202, 3, -0.520855, 0.759329
2.17302, 3, -0.521374, 0.758459
2.17402, 3, -0.521891, 0.757589
2.17502, 3, -0.52241, 0.756717
2.17602, 3, -0.522926, 0.755848
2.17702, 3, -0.523441, 0.754979
2.17802, 3, -0.523956, 0.754108
2.17902, 3, -0.524468, 0.753238
2.18002, 3, -0.52498, 0.752369
2.18102, 3, -0.525494, 0.751499
2.18202, 3, -0.526002, 0.750628
2.18302, 3, -0.52651, 0.749758
2.18402, 3, -0.527015, 0.748887
2.18502, 3, -0.527527, 0.748018
2.18602, 3, -0.528032, 0.747149
2.18702, 3, -0.528536, 0.74628
2.18802, 3, -0.529042, 0.745409
2.18902, 3, -0.529545, 0.744538
2.19002, 3, -0.530048, 0.74367
2.19102, 3, -0.530547, 0.7428
2.19202, 3, -0.531046, 0.741929
2.19302, 3, -0.531548, 0.741061
2.19402, 3, -0.532045, 0.740191
2.19502, 3, -0.532542, 0.739323
2.19602, 3, -0.533037, 0.738452
2.19702, 3, -0.533534, 0.737584
2.19802, 3, -0.534027, 0.736714
2.19902, 3, -0.534522, 0.735846
2.20002, 3, -0.535012, 0.734976
2.20102, 3, -0.535502, 0.734106
2.20202, 3, -0.535994, 0.733239
2.20302, 3, -0.536483, 0.732369
2.20402, 3, -0.536974, 0.731502
2.20502, 3, -0.537458, 0.730631
2.20602, 3, -0.537945, 0.729763
2.20702, 3, -0.538432, 0.728895
2.20802, 3, -0.538915, 0.728024
2.20902, 3, -0.539397, 0.727158
2.21002, 3, -0.539879, 0.726288
2.21102, 3, -0.540362, 0.725422
2.21202, 3, -0.540845, 0.724554
2.21302, 3, -0.541321, 0.723683
2.21402, 3, -0.541803, 0.722816
2.21502, 3, -0.542279, 0.721948
2.21602, 3, -0.542756, 0.721081
2.21702, 3, -0.54323, 0.720211
2.21802, 3, -0.543707, 0.719345
2.21902, 3, -0.544177, 0.718474
2.22002, 3, -0.54465, 0.717607
2.22102, 3, -0.545122, 0.71674
2.22202, 3, -0.545595, 0.715873
2.22302, 3, -0.546065, 0.715006
2.22402, 3, -0.546532, 0.714138
2.22502, 3, -0.546999, 0.71327
2.22602, 3, -0.547468, 0.7124
2.22702, 3, -0.547935, 0.711536
2.22802, 3, -0.548399, 0.710668
2.22902, 3, -0.548864, 0.709801
2.23002, 3, -0.549325, 0.708933
2.23102, 3, -0.54979, 0.708068
2.23202, 3, -0.550251, 0.707201
2.23302, 3, -0.55071, 0.706332
2.23402, 3, -0.551167, 0.705464
2.23502, 3, -0.551629, 0.704598
2.23602, 3, -0.552086, 0.703732
2.23702, 3, -0.552541, 0.702865
2.23802, 3, -0.552996, 0.701998
2.23902, 3, -0.553451, 0.70113
2.24002, 3, -0.5539, 0.700266
2.24102, 3, -0.554356, 0.699397
2.24202, 3, -0.554806, 0.698531
2.24302, 3, -0.555257, 0.697666
2.24402, 3, -0.555707, 0.696798
2.24502, 3, -0.556154, 0.695932
2.24602, 3, -0.556605, 0.695065
2.24702, 3, -0.557051, 0.694201
2.24802, 3, -0.557495, 0.693335
2.24902, 3, -0.557941, 0.69247
2.25002, 3, -0.558387, 0.691606
2.25102, 3, -0.558828, 0.69074
2.25202, 3, -0.559271, 0.689872
2.25302, 3, -0.559712, 0.689006
2.25402, 3, -0.56015, 0.688143
2.25502, 3, -0.560591, 0.687278
2.25602, 3, -0.561029, 0.686411
2.25702, 3, -0.561469, 0.685547
2.25802, 3, -0.561902, 0.68468
2.25902, 3, -0.562338, 0.683817
2.26002, 3, -0.562771, 0.68295
2.26102, 3, -0.563204, 0.682085
2.26202, 3, -0.563638, 0.681221
2.26302, 3, -0.56407, 0.680358
2.26402, 3, -0.5645, 0.679491
2.26502, 3, -0.564929, 0.678626
2.26602, 3, -0.565358, 0.677762
2.26702, 3, -0.565785, 0.676897
2.26802, 3, -0.566215, 0.676036
2.26902, 3, -0.566637, 0.675169
2.27002, 3, -0.567064, 0.674306
2.27102, 3, -0.567484, 0.673441
2.27202, 3, -0.567913, 0.672579
2.27302, 3, -0.568333, 0.671713
2.27402, 3, -0.568754, 0.67085
2.27502, 3, -0.569175, 0.669988
2.27602, 3, -0.569592, 0.669122
2.27702, 3, -0.570011, 0.668261
2.27802, 3, -0.57043, 0.667397
2.27902, 3, -0.570845, 0.666533
2.28002, 3, -0.571264, 0.665671
2.28102, 3, -0.571677, 0.664807
2.28202, 3, -0.57209, 0.663944
2.28302, 3, -0.572502, 0.663082
2.28402, 3, -0.572915, 0.662218
2.28502, 3, -0.573323, 0.661354
2.28602, 3, -0.573734, 0.660494
2.28702, 3, -0.574146, 0.659631
2.28802, 3, -0.574554, 0.658769
2.28902, 3, -0.574961, 0.657906
2.29002, 3, -0.575365, 0.657043
2.29102, 3, -0.57577, 0.656179
2.29202, 3, -0.576176, 0.655318
2.29302, 3, -0.576579, 0.654456
2.29402, 3, -0.57698, 0.653593
2.29502, 3, -0.577384, 0.652733
2.29602, 3, -0.577783, 0.651872
2.29702, 3, -0.578183, 0.651011
2.29802, 3, -0.578583, 0.650149
2.29902, 3, -0.57898, 0.649286
2.30002, 3, -0.579376, 0.648425
2.30102, 3, -0.579773, 0.647563
2.30202, 3, -0.580167, 0.646704
2.30302, 3, -0.580561, 0.645843
2.30402, 3, -0.580957, 0.644983
2.30502, 3, -0.581348, 0.644121
2.30602, 3, -0.58174, 0.64326
2.30702, 3, -0.582129, 0.642399
2.30802, 3, -0.58252, 0.64154
2.30902, 3, -0.582908, 0.640679
2.31001, 3, -0.583295, 0.639819
2.31101, 3, -0.583683, 0.638958
2.31201, 3, -0.584068, 0.638098
2.31301, 3, -0.584451, 0.637238
2.31401, 3, -0.584838, 0.636379
2.31501, 3, -0.585219, 0.635518
2.31601, 3, -0.585602, 0.634659
2.31701, 3, -0.585987, 0.633801
2.31801, 3, -0.586363, 0.63294
2.31901, 3, -0.586743, 0.632082
2.32001, 3, -0.587123, 0.631225
2.32101, 3, -0.587501, 0.630363
2.32201, 3, -0.587878, 0.629503
2.32301, 3, -0.588251, 0.628644
2.32401, 3, -0.58863, 0.627787
2.32501, 3, -0.589001, 0.626928
2.32601, 3, -0.589374, 0.626068
2.32701, 3, -0.589748, 0.62521
2.32801, 3, -0.590119, 0.624352
2.32901, 3, -0.590486, 0.623493
2.33001, 3, -0.590859, 0.622636
2.33101, 3, -0.591226, 0.621777
2.33201, 3, -0.591592, 0.620919
2.33301, 3, -0.591961, 0.620061
2.33401, 3, -0.592328, 0.619205
2.33501, 3, -0.592695, 0.618348
2.33601, 3, -0.593055, 0.61749
2.33701, 3, -0.593418, 0.616632
2.33801, 3, -0.593781, 0.615776
2.33901, 3, -0.594144, 0.614918
2.34001, 3, -0.594504, 0.614061
2.34101, 3, -0.594864, 0.613205
2.34201, 3, -0.595219, 0.612349
2.34301, 3, -0.59558, 0.611491
2.34401, 3, -0.595936, 0.610636
2.34501, 3, -0.596295, 0.60978
2.34601, 3, -0.596648, 0.608923
2.34701, 3, -0.597001, 0.608066
2.34801, 3, -0.597354, 0.60721
2.34901, 3, -0.597704, 0.606355
2.35001, 3, -0.59806, 0.6055
2.35101, 3, -0.598408, 0.604644
2.35201, 3, -0.598758, 0.603788
2.35301, 3, -0.599108, 0.602933
2.35401, 3, -0.599456, 0.602077
2.35501, 3, -0.599802, 0.601222
2.35601, 3, -0.600147, 0.600365
2.35701, 3, -0.600492, 0.59951
2.35801, 3, -0.600836, 0.598658
2.35901, 3, -0.60118, 0.597804
2.36001, 3, -0.601524, 0.59695
2.36101, 3, -0.601864, 0.596094
2.36201, 3, -0.602207, 0.595241
2.36301, 3, -0.602547, 0.594387
2.36401, 3, -0.602884, 0.593533
2.36501, 3, -0.603224, 0.592678
2.36601, 3, -0.60356, 0.591825
2.36701, 3, -0.603891, 0.590969
2.36801, 3, -0.604229, 0.590116
2.36901, 3, -0.604562, 0.589261
2.37001, 3, -0.604899, 0.588412
2.37101, 3, -0.605232, 0.587558
2.37201, 3, -0.605564, 0.586705
2.37301, 3, -0.605894, 0.585853
2.37401, 3, -0.606223, 0.585
2.37501, 3, -0.606556, 0.584148
2.37601, 3, -0.606881, 0.583294
2.37701, 3, -0.607209, 0.582441
2.37801, 3, -0.607539, 0.581591
2.37901, 3, -0.607865, 0.580738
2.38001, 3, -0.608184, 0.579885
2.38101, 3, -0.608509, 0.579034
2.38201, 3, -0.608832, 0.578181
2.38301, 3, -0.609155, 0.577332
2.38401, 3, -0.609477, 0.57648
2.38501, 3, -0.609794, 0.575629
2.38601, 3, -0.610115, 0.574778
2.38701, 3, -0.610434, 0.573926
2.38801, 3, -0.610753, 0.573076
2.38901, 3, -0.61107, 0.572227
2.39001, 3, -0.611388, 0.571377
2.39101, 3, -0.611703, 0.570525
2.39201, 3, -0.612014, 0.569675
2.39301, 3, -0.612327, 0.568823
2.39401, 3, -0.612642, 0.567975
2.39501, 3, -0.612951, 0.567124
2.39601, 3, -0.613263, 0.566277
2.39701, 3, -0.613572, 0.565425
2.39801, 3, -0.613884, 0.564579
2.39901, 3, -0.614191, 0.563728
2.40001, 3, -0.614495, 0.562878
2.40101, 3, -0.614805, 0.562029
2.40201, 3, -0.615108, 0.561182
2.40301, 3, -0.615412, 0.560332
2.40401, 3, -0.615718, 0.559484
2.40501, 3, -0.616023, 0.558638
2.40601, 3, -0.616324, 0.557787
2.40701, 3, -0.616622, 0.55694
2.40801, 3, -0.616924, 0.556092
2.40901, 3, -0.617224, 0.555244
2.41001, 3, -0.617524, 0.554397
2.41101, 3, -0.617818, 0.553548
2.41201, 3, -0.618118, 0.552702
2.41301, 3, -0.61841, 0.551854
2.41401, 3, -0.61871, 0.551009
2.41501, 3, -0.619002, 0.55016
2.41601, 3, -0.619295, 0.549314
2.41701, 3, -0.619591, 0.54847
2.41801, 3, -0.61988, 0.54762
2.41901, 3, -0.62017, 0.546774
2.42001, 3, -0.62046, 0.545929
2.42101, 3, -0.620749, 0.545084
2.42201, 3, -0.621037, 0.544236
2.42301, 3, -0.621324, 0.543392
2.42401, 3, -0.621614, 0.542545
2.42501, 3, -0.621899, 0.541701
2.42601, 3, -0.622181, 0.540855
2.42701, 3, -0.622466, 0.54001
2.42801, 3, -0.622749, 0.539167
2.42901, 3, -0.623033, 0.538321
2.43001, 3, -0.623314, 0.537477
2.43101, 3, -0.623593, 0.536632
2.43201, 3, -0.623874, 0.535789
2.43301, 3, -0.624153, 0.534945
2.43401, 3, -0.62443, 0.5341
2.43501, 3, -0.624708, 0.533257
2.43601, 3, -0.624984, 0.532413
2.43701, 3, -0.625258, 0.531569
2.43801, 3, -0.625533, 0.530726
2.43901, 3, -0.625808, 0.529882
2.44001, 3, -0.62608, 0.52904
2.44101, 3, -0.626351, 0.528197
2.44201, 3, -0.626625, 0.527357
2.44301, 3, -0.626895, 0.526513
2.44401, 3, -0.627162, 0.52567
2.44501, 3, -0.627431, 0.524828
2.44601, 3, -0.627699, 0.523986
2.44701, 3, -0.627967, 0.523147
2.448, 3, -0.628231, 0.522303
2.449, 3, -0.628498, 0.521461
2.45, 3, -0.628761, 0.52062
2.451, 3, -0.629026, 0.51978
2.452, 3, -0.629287, 0.518937
2.453, 3, -0.629549, 0.518097
2.454, 3, -0.629811, 0.517258
2.455, 3, -0.63007, 0.516415
2.456, 3, -0.630332, 0.515577
2.457, 3, -0.63059, 0.514737
2.458, 3, -0.630846, 0.513896
2.459, 3, -0.631103, 0.513056
2.46, 3, -0.631359, 0.512217
2.461, 3, -0.631615, 0.511377
2.462, 3, -0.631867, 0.510537
2.463, 3, -0.632121, 0.509699
2.464, 3, -0.632375, 0.50886
2.465, 3, -0.632627, 0.508021
2.466, 3, -0.632876, 0.507181
2.467, 3, -0.633129, 0.506345
2.468, 3, -0.633377, 0.505506
2.469, 3, -0.633626, 0.504669
2.47, 3, -0.633871, 0.503828
2.471, 3, -0.63412, 0.502993
2.472, 3, -0.634364, 0.502155
2.473, 3, -0.634609, 0.501316
2.474, 3, -0.634854, 0.500479
2.475, 3, -0.635098, 0.499643
2.476, 3, -0.635341, 0.498807
2.477, 3, -0.635582, 0.497969
2.478, 3, -0.635822, 0.497131
2.479, 3, -0.636064, 0.496297
2.48, 3, -0.636303, 0.495461
2.481, 3, -0.636541, 0.494624
2.482, 3, -0.636779, 0.493788
2.483, 3, -0.63702, 0.492956
2.484, 3, -0.637252, 0.492116
2.485, 3, -0.637488, 0.491282
2.486, 3, -0.63772, 0.490447
2.487, 3, -0.637955, 0.489613
2.488, 3, -0.638188, 0.488779
2.489, 3, -0.63842, 0.487945
2.49, 3, -0.63865, 0.487109
2.491, 3, -0.63888, 0.486277
2.492, 3, -0.639111, 0.485442
2.493, 3, -0.639337, 0.484609
2.494, 3, -0.639567, 0.483774
2.495, 3, -0.639792, 0.482941
2.496, 3, -0.640021, 0.482108
2.497, 3, -0.640244, 0.481275
2.498, 3, -0.640471, 0.480444
2.499, 3, -0.640692, 0.479609
2.5, 3, -0.640916, 0.478777
2.501, 3, -0.641136, 0.477943
2.502, 3, -0.641359, 0.477111
2.503, 3, -0.641579, 0.476281
2.504, 3, -0.641798, 0.47545
2.505, 3, -0.642018, 0.474617
2.506, 3, -0.642236, 0.473786
2.507, 3, -0.642455, 0.472956
2.508, 3, -0.642666, 0.472124
2.509, 3, -0.642887, 0.471293
2.51, 3, -0.643097, 0.470462
2.511, 3, -0.643312, 0.469631
2.512, 3, -0.643523, 0.468801
2.513, 3, -0.643739, 0.467973
2.514, 3, -0.643947, 0.467142
2.515, 3, -0.644161, 0.466312
2.516, 3, -0.644369, 0.465483
2.517, 3, -0.644577, 0.464654
2.518, 3, -0.644785, 0.463824
2.519, 3, -0.644994, 0.462996
2.52, 3, -0.645199, 0.462166
2.521, 3, -0.645408, 0.46134
2.522, 3, -0.645609, 0.46051
2.523, 3, -0.645815, 0.459682
2.524, 3, -0.646018, 0.458856
2.525, 3, -0.646222, 0.458027
2.526, 3, -0.646423, 0.4572
2.527, 3, -0.646623, 0.456372
2.528, 3, -0.646823, 0.455544
2.529, 3, -0.647024, 0.45472
2.53, 3, -0.64722, 0.453891
2.531, 3, -0.647418, 0.453064
2.532, 3, -0.647614, 0.452239
2.533, 3, -0.64781, 0.451413
2.534, 3, -0.648006, 0.450585
2.535, 3, -0.648201, 0.449761
2.536, 3, -0.648395, 0.448935
2.537, 3, -0.648588, 0.448111
2.538, 3, -0.64878, 0.447285
2.539, 3, -0.648971, 0.446462
2.54, 3, -0.649163, 0.445636
2.541, 3, -0.649353, 0.444813
2.542, 3, -0.64954, 0.443987
2.543, 3, -0.649728, 0.443165
2.544, 3, -0.649915, 0.442339
2.545, 3, -0.650102, 0.441516
2.546, 3, -0.650287, 0.440694
2.547, 3, -0.650469, 0.439868
2.548, 3, -0.650656, 0.439046
2.549, 3, -0.650841, 0.438224
2.55, 3, -0.651023, 0.4374
2.551, 3, -0.651204, 0.436578
2.552, 3, -0.651385, 0.435756
2.553, 3, -0.651564, 0.434934
2.554, 3, -0.651744, 0.434113
2.555, 3, -0.651924, 0.433291
2.556, 3, -0.652099, 0.432469
2.557, 3, -0.652276, 0.43165
2.558, 3, -0.652453, 0.430828
2.559, 3, -0.65263, 0.430008
2.56, 3, -0.652805, 0.429187
2.561, 3, -0.652978, 0.428368
2.562, 3, -0.653149, 0.427547
2.563, 3, -0.653323, 0.426727
2.564, 3, -0.653495, 0.425907
2.565, 3, -0.653665, 0.425088
2.566, 3, -0.653834, 0.424267
2.567, 3, -0.654001, 0.423449
2.568, 3, -0.654171, 0.42263
2.569, 3, -0.65434, 0.421811
2.57, 3, -0.654506, 0.420994
2.571, 3, -0.654671, 0.420176
2.572, 3, -0.654835, 0.419356
2.573, 3, -0.655, 0.418538
2.574, 3, -0.655166, 0.417722
2.575, 3, -0.655327, 0.416904
2.576, 3, -0.655488, 0.41609
2.577, 3, -0.655651, 0.41527
2.578, 3, -0.65581, 0.414454
2.579, 3, -0.655974, 0.41364
2.58, 3, -0.656131, 0.412823
2.581, 3, -0.656289, 0.412006
2.582, 3, -0.656445, 0.411189
2.583, 3, -0.656602, 0.410374
2.584, 3, -0.656759, 0.40956
2.585, 3, -0.656912, 0.408744
2.58599, 3, -0.657066, 0.407928
2.58699, 3, -0.657221, 0.407115
2.58799, 3, -0.657375, 0.406301
2.58899, 3, -0.657524, 0.405484
2.58999, 3, -0.657676, 0.404672
2.59099, 3, -0.657824, 0.403858
2.59199, 3, -0.657976, 0.403045
2.59299, 3, -0.658125, 0.402231
2.59399, 3, -0.658271, 0.401419
2.59499, 3, -0.658419, 0.400604
2.59599, 3, -0.658565, 0.399792
2.59699, 3, -0.658712, 0.398979
2.59799, 3, -0.658858, 0.398167
2.59899, 3, -0.659001, 0.397356
2.59999, 3, -0.659143, 0.396544
2.60099, 3, -0.659288, 0.395735
2.60199, 3, -0.659426, 0.39492
2.60299, 3, -0.659572, 0.394112
2.60399, 3, -0.65971, 0.393299
2.60499, 3, -0.659852, 0.392489
2.60599, 3, -0.659991, 0.391681
2.60699, 3, -0.660126, 0.390869
2.60799, 3, -0.660263, 0.390058
2.60899, 3, -0.660401, 0.389249
2.60999, 3, -0.660536, 0.388441
2.61099, 3, -0.660669, 0.38763
2.61199, 3, -0.660804, 0.386822
2.61299, 3, -0.66094, 0.386013
2.61399, 3, -0.661071, 0.385204
2.61499, 3, -0.661204, 0.384396
2.61599, 3, -0.661337, 0.383589
2.61699, 3, -0.661467, 0.382781
2.61799, 3, -0.661594, 0.381972
2.61899, 3, -0.661721, 0.381166
2.61999, 3, -0.66185, 0.380357
2.62099, 3, -0.661977, 0.379551
2.62199, 3, -0.662103, 0.378745
2.62299, 3, -0.662231, 0.37794
2.62399, 3, -0.662356, 0.377131
2.62499, 3, -0.662481, 0.376328
2.62599, 3, -0.662605, 0.375523
2.62699, 3, -0.662727, 0.374715
2.62799, 3, -0.662848, 0.373909
2.62899, 3, -0.662969, 0.373105
2.62999, 3, -0.66309, 0.372302
2.63099, 3, -0.663212, 0.371497
2.63199, 3, -0.66333, 0.370693
2.63299, 3, -0.663446, 0.369885
2.63399, 3, -0.663567, 0.369084
2.63499, 3, -0.66368, 0.368279
2.63599, 3, -0.663799, 0.367478
2.63699, 3, -0.663914, 0.366675
2.63799, 3, -0.664028, 0.36587
2.63899, 3, -0.664141, 0.365068
2.63999, 3, -0.664256, 0.364266
2.64099, 3, -0.664366, 0.363464
2.64199, 3, -0.664477, 0.362661
2.64299, 3, -0.664589, 0.361859
2.64399, 3, -0.6647, 0.361061
2.64499, 3, -0.66481, 0.360258
2.64599, 3, -0.664916, 0.359457
2.64699, 3, -0.665022, 0.358656
2.64799, 3, -0.66513, 0.357856
2.64899, 3, -0.66524, 0.357057
2.64999, 3, -0.665347, 0.356259
2.65099, 3, -0.665449, 0.355456
2.65199, 3, -0.665555, 0.354658
2.65299, 3, -0.665655, 0.353858
2.65399, 3, -0.665759, 0.35306
2.65499, 3, -0.665863, 0.352263
2.65599, 3, -0.66596, 0.351462
2.65699, 3, -0.666062, 0.350666
2.65799, 3, -0.666162, 0.349867
2.65899, 3, -0.666261, 0.34907
2.65999, 3, -0.666357, 0.348271
2.66099, 3, -0.666457, 0.347475
2.66199, 3, -0.666553, 0.346677
2.66299, 3, -0.666648, 0.345881
2.66399, 3, -0.666745, 0.345086
2.66499, 3, -0.666839, 0.344289
2.66599, 3, -0.666931, 0.343493
2.66699, 3, -0.667024, 0.342698
2.66799, 3, -0.667116, 0.341905
2.66899, 3, -0.667207, 0.341107
2.66999, 3, -0.667299, 0.340313
2.67099, 3, -0.667389, 0.339518
2.67199, 3, -0.667479, 0.338724
2.67299, 3, -0.667566, 0.337929
2.67399, 3, -0.667656, 0.337135
2.67499, 3, -0.667743, 0.336342
2.67599, 3, -0.667829, 0.335549
2.67699, 3, -0.667912, 0.334756
2.67799, 3, -0.667999, 0.333961
2.67899, 3, -0.668083, 0.333171
2.67999, 3, -0.668165, 0.332377
2.68099, 3, -0.668247, 0.331586
2.68199, 3, -0.668331, 0.330794
2.68299, 3, -0.668412, 0.330003
2.68399, 3, -0.668493, 0.329211
2.68499, 3, -0.668577, 0.328422
2.68599, 3, -0.668649, 0.327628
2.68699, 3, -0.66873, 0.326841
2.68799, 3, -0.66881, 0.326051
2.68899, 3, -0.668886, 0.325261
2.68999, 3, -0.668961, 0.32447
2.69099, 3, -0.669037, 0.323682
2.69199, 3, -0.669111, 0.322893
2.69299, 3, -0.669182, 0.322102
2.69399, 3, -0.669255, 0.321313
2.69499, 3, -0.669329, 0.320525
2.69599, 3, -0.669401, 0.319736
2.69699, 3, -0.669473, 0.318951
2.69799, 3, -0.669547, 0.318163
2.69899, 3, -0.669614, 0.317375
2.69999, 3, -0.669679, 0.316587
2.70099, 3, -0.669751, 0.315801
2.70199, 3, -0.669818, 0.315015
2.70299, 3, -0.669885, 0.314229
2.70399, 3, -0.669951, 0.313441
2.70499, 3, -0.670018, 0.312657
2.70599, 3, -0.67008, 0.311872
2.70699, 3, -0.670145, 0.311088
2.70799, 3, -0.670207, 0.310302
2.70899, 3, -0.67027, 0.309518
2.70999, 3, -0.670332, 0.308732
2.71099, 3, -0.670393, 0.307949
2.71199, 3, -0.670453, 0.307165
2.71299, 3, -0.670512, 0.30638
2.71399, 3, -0.670573, 0.305598
2.71499, 3, -0.67063, 0.304815
2.71599, 3, -0.670688, 0.304032
2.71699, 3, -0.670743, 0.303249
2.71799, 3, -0.670801, 0.302467
2.71899, 3, -0.670855, 0.301686
2.71999, 3, -0.670909, 0.300903
2.72099, 3, -0.670963, 0.300121
2.72199, 3, -0.671016, 0.299342
2.72299, 3, -0.671069, 0.298561
2.72398, 3, -0.671121, 0.297781
2.72498, 3, -0.671175, 0.297001
2.72598, 3, -0.671222, 0.296219
2.72698, 3, -0.671271, 0.29544
2.72798, 3, -0.671318, 0.294661
2.72898, 3, -0.671369, 0.293882
2.72998, 3, -0.671418, 0.293102
2.73098, 3, -0.671467, 0.292326
2.73198, 3, -0.67151, 0.291546
2.73298, 3, -0.671556, 0.290769
2.73398, 3, -0.671598, 0.28999
2.73498, 3, -0.671644, 0.289213
2.73598, 3, -0.671689, 0.288436
2.73698, 3, -0.671731, 0.287658
2.73798, 3, -0.671769, 0.28688
2.73898, 3, -0.671813, 0.286106
2.73998, 3, -0.671854, 0.285331
2.74098, 3, -0.671894, 0.284554
2.74198, 3, -0.671933, 0.283779
2.74298, 3, -0.671972, 0.283003
2.74398, 3, -0.672008, 0.282228
2.74498, 3, -0.672043, 0.281452
2.74598, 3, -0.672084, 0.280679
2.74698, 3, -0.672118, 0.279906
2.74798, 3, -0.67215, 0.279132
2.74898, 3, -0.672186, 0.278358
2.74998, 3, -0.67222, 0.277586
2.75098, 3, -0.672252, 0.276812
2.75198, 3, -0.672283, 0.276039
2.75298, 3, -0.672315, 0.275267
2.75398, 3, -0.672347, 0.274495
2.75498, 3, -0.672375, 0.273723
2.75598, 3, -0.672408, 0.272951
2.75698, 3, -0.672435, 0.272179
2.75798, 3, -0.672464, 0.271409
2.75898, 3, -0.67249, 0.270639
2.75998, 3, -0.672516, 0.269868
2.76098, 3, -0.672542, 0.269097
2.76198, 3, -0.672569, 0.268329
2.76298, 3, -0.672594, 0.267561
2.76398, 3, -0.672616, 0.266789
2.76498, 3, -0.67264, 0.26602
2.76598, 3, -0.67266, 0.265251
2.76698, 3, -0.672682, 0.264483
2.76798, 3, -0.672705, 0.263716
2.76898, 3, -0.672724, 0.262948
2.76998, 3, -0.672742, 0.262178
2.77098, 3, -0.672761, 0.261413
2.77198, 3, -0.672782, 0.260647
2.77298, 3, -0.672797, 0.259878
2.77398, 3, -0.672817, 0.259114
2.77498, 3, -0.672832, 0.258348
2.77598, 3, -0.672847, 0.257582
2.77698, 3, -0.67286, 0.256815
2.77798, 3, -0.672878, 0.256052
2.77898, 3, -0.67289, 0.255286
2.77998, 3, -0.672899, 0.254519
2.78098, 3, -0.672913, 0.253756
2.78198, 3, -0.672927, 0.252993
2.78298, 3, -0.67294, 0.252229
2.78398, 3, -0.672947, 0.251466
2.78498, 3, -0.672956, 0.250703
2.78598, 3, -0.672964, 0.24994
2.78698, 3, -0.672974, 0.249178
2.78798, 3, -0.672981, 0.248417
2.78898, 3, -0.672987, 0.247654
2.78998, 3, -0.672994, 0.246893
2.79098, 3, -0.672997, 0.24613
2.79198, 3, -0.673004, 0.24537
2.79298, 3, -0.673007, 0.244608
2.79398, 3, -0.673011, 0.243849
2.79498, 3, -0.673011, 0.243089
2.79598, 3, -0.673012, 0.24233
2.79698, 3, -0.673017, 0.24157
2.79798, 3, -0.673019, 0.240811
2.79898, 3, -0.673017, 0.24005
2.79998, 3, -0.673017, 0.239295
2.80098, 3, -0.673014, 0.238536
2.80198, 3, -0.673012, 0.237776
2.80298, 3, -0.673009, 0.237019
2.80398, 3, -0.673005, 0.236262
2.80498, 3, -0.673003, 0.235505
2.80598, 3, -0.672997, 0.234747
2.80698, 3, -0.672993, 0.233991
2.80798, 3, -0.672984, 0.233233
2.80898, 3, -0.67298, 0.23248
2.80998, 3, -0.67297, 0.231723
2.81098, 3, -0.672965, 0.230968
2.81198, 3, -0.672953, 0.230212
2.81298, 3, -0.672946, 0.22946
2.81398, 3, -0.672937, 0.228705
2.81498, 3, -0.672925, 0.227951
2.81598, 3, -0.672912, 0.227198
2.81698, 3, -0.672904, 0.226446
2.81798, 3, -0.672888, 0.225692
2.81898, 3, -0.672874, 0.224937
2.81998, 3, -0.672859, 0.224184
2.82098, 3, -0.672844, 0.223433
2.82198, 3, -0.672829, 0.22268
2.82298, 3, -0.672816, 0.221931
2.82398, 3, -0.672798, 0.221178
2.82498, 3, -0.672779, 0.220428
2.82598, 3, -0.672763, 0.219678
2.82698, 3, -0.672743, 0.218925
2.82798, 3, -0.672724, 0.218177
2.82898, 3, -0.672707, 0.217429
2.82998, 3, -0.672685, 0.216679
2.83098, 3, -0.672661, 0.215929
2.83198, 3, -0.67264, 0.215179
2.83298, 3, -0.672615, 0.214429
2.83398, 3, -0.672594, 0.213683
2.83498, 3, -0.672572, 0.212937
2.83598, 3, -0.672544, 0.212187
2.83698, 3, -0.67252, 0.211441
2.83798, 3, -0.672493, 0.210693
2.83898, 3, -0.672468, 0.209949
2.83998, 3, -0.672441, 0.209201
2.84098, 3, -0.672412, 0.208455
2.84198, 3, -0.672383, 0.207709
2.84298, 3, -0.672355, 0.206965
2.84398, 3, -0.672324, 0.206221
2.84498, 3, -0.672292, 0.205475
2.84598, 3, -0.672264, 0.20473
2.84698, 3, -0.672231, 0.203986
2.84798, 3, -0.672201, 0.203243
2.84898, 3, -0.672168, 0.2025
2.84998, 3, -0.672131, 0.201756
2.85098, 3, -0.672099, 0.201013
2.85198, 3, -0.672064, 0.200272
2.85298, 3, -0.672027, 0.19953
2.85398, 3, -0.671992, 0.198789
2.85498, 3, -0.671952, 0.198047
2.85598, 3, -0.671917, 0.197307
2.85698, 3, -0.671879, 0.196566
2.85798, 3, -0.671838, 0.195824
2.85898, 3, -0.6718, 0.195084
2.85998, 3, -0.67176, 0.194345
2.86098, 3, -0.671719, 0.193606
2.86197, 3, -0.671675, 0.192865
2.86297, 3, -0.671634, 0.192126
2.86397, 3, -0.671591, 0.191389
2.86497, 3, -0.67155, 0.190651
2.86597, 3, -0.671502, 0.189911
2.86697, 3, -0.671462, 0.189175
2.86797, 3, -0.671414, 0.188437
2.86897, 3, -0.671366, 0.1877
2.86997, 3, -0.671321, 0.186963
2.87097, 3, -0.671272, 0.186227
2.87197, 3, -0.671226, 0.185492
2.87297, 3, -0.671179, 0.184755
2.87397, 3, -0.67113, 0.184021
2.87497, 3, -0.671078, 0.183287
2.87597, 3, -0.671026, 0.18255
2.87697, 3, -0.670976, 0.181817
2.87797, 3, -0.670928, 0.181083
2.87897, 3, -0.670875, 0.18035
2.87997, 3, -0.670822, 0.179615
2.88097, 3, -0.670767, 0.178883
2.88197, 3, -0.67071, 0.178148
2.88297, 3, -0.670658, 0.177418
2.88397, 3, -0.670604, 0.176687
2.88497, 3, -0.670547, 0.175955
2.88597, 3, -0.670491, 0.175223
2.88697, 3, -0.670431, 0.174491
2.88797, 3, -0.670377, 0.173763
2.88897, 3, -0.670316, 0.173031
2.88997, 3, -0.670255, 0.172299
2.89097, 3, -0.670195, 0.17157
2.89197, 3, -0.670134, 0.170841
2.89297, 3, -0.670075, 0.170113
2.89397, 3, -0.670011, 0.169385
2.89497, 3, -0.669953, 0.168656
2.89597, 3, -0.669888, 0.167929
2.89697, 3, -0.669824, 0.167203
2.89797, 3, -0.66976, 0.166472
2.89897, 3, -0.669693, 0.165746
2.89997, 3, -0.669629, 0.165019
2.90097, 3, -0.669562, 0.164292
2.90197, 3, -0.669493, 0.163568
2.90297, 3, -0.669429, 0.162843
2.90397, 3, -0.669362, 0.162116
2.90497, 3, -0.66929, 0.161392
2.90597, 3, -0.669219, 0.160666
2.90697, 3, -0.669152, 0.159944
2.90797, 3, -0.669083, 0.159219
2.90897, 3, -0.669013, 0.158495
2.90997, 3, -0.668936, 0.157772
2.91097, 3, -0.668866, 0.157048
2.91197, 3, -0.668792, 0.156327
2.91297, 3, -0.668716, 0.155602
2.91397, 3, -0.668648, 0.154882
2.91497, 3, -0.668568, 0.15416
2.91597, 3, -0.668495, 0.15344
2.91697, 3, -0.668421, 0.152719
2.91797, 3, -0.668341, 0.151999
2.91897, 3, -0.668262, 0.151277
2.91997, 3, -0.668186, 0.150559
2.92097, 3, -0.668107, 0.149837
2.92197, 3, -0.668028, 0.149118
2.92297, 3, -0.66795, 0.148401
2.92397, 3, -0.667867, 0.14768
2.92497, 3, -0.667785, 0.146965
2.92597, 3, -0.667705, 0.146245
2.92697, 3, -0.667624, 0.145529
2.92797, 3, -0.667538, 0.144809
2.92897, 3, -0.667455, 0.144094
2.92997, 3, -0.667374, 0.143378
2.93097, 3, -0.667289, 0.142662
2.93197, 3, -0.667204, 0.141946
2.93297, 3, -0.667116, 0.14123
2.93397, 3, -0.667031, 0.140515
2.93497, 3, -0.666942, 0.1398
2.93597, 3, -0.666856, 0.139087
2.93697, 3, -0.666765, 0.138371
2.93797, 3, -0.666679, 0.137658
2.93897, 3, -0.66659, 0.136947
2.93997, 3, -0.666499, 0.136232
2.94097, 3, -0.666405, 0.135518
2.94197, 3, -0.666317, 0.134809
2.94297, 3, -0.666227, 0.134097
2.94397, 3, -0.666129, 0.133383
2.94497, 3, -0.666039, 0.132673
2.94597, 3, -0.665946, 0.131964
2.94697, 3, -0.665849, 0.131251
2.94797, 3, -0.665753, 0.130542
2.94897, 3, -0.665661, 0.129833
2.94997, 3, -0.665565, 0.129121
2.95097, 3, -0.665468, 0.128414
2.95197, 3, -0.665369, 0.127704
2.95297, 3, -0.665272, 0.126995
2.95397, 3, -0.66517, 0.126287
2.95497, 3, -0.665074, 0.12558
2.95597, 3, -0.664975, 0.124874
2.95697, 3, -0.664873, 0.124164
2.95797, 3, -0.664772, 0.123459
2.95897, 3, -0.664674, 0.122754
2.95997, 3, -0.66457, 0.122048
2.96097, 3, -0.664463, 0.121342
2.96197, 3, -0.664362, 0.120635
2.96297, 3, -0.664262, 0.119932
2.96397, 3, -0.664155, 0.119227
2.96497, 3, -0.664048, 0.118523
2.96597, 3, -0.663946, 0.117821
2.96697, 3, -0.663838, 0.117116
2.96797, 3, -0.66373, 0.116414
2.96897, 3, -0.663621, 0.115708
2.96997, 3, -0.663517, 0.115007
2.97097, 3, -0.663408, 0.114305
2.97197, 3, -0.663298, 0.113605
2.97297, 3, -0.663186, 0.112901
2.97397, 3, -0.663074, 0.1122
2.97497, 3, -0.662964, 0.111501
2.97597, 3, -0.662851, 0.1108
2.97697, 3, -0.662742, 0.110101
2.97797, 3, -0.662627, 0.1094
2.97897, 3, -0.662514, 0.108701
2.97997, 3, -0.662403, 0.108004
2.98097, 3, -0.662289, 0.107306
2.98197, 3, -0.662172, 0.106607
2.98297, 3, -0.662053, 0.105907
2.98397, 3, -0.661939, 0.105212
2.98497, 3, -0.661822, 0.104514
2.98597, 3, -0.661706, 0.103819
2.98697, 3, -0.661586, 0.103121
2.98797, 3, -0.661467, 0.102425
2.98897, 3, -0.661349, 0.101731
2.98997, 3, -0.66123, 0.101036
2.99097, 3, -0.661108, 0.10034
2.99197, 3, -0.660991, 0.0996475
2.99297, 3, -0.660867, 0.0989513
2.99397, 3, -0.660744, 0.0982571
2.99497, 3, -0.660621, 0.0975657
2.99597, 3, -0.660493, 0.0968704
2.99697, 3, -0.660372, 0.096179
2.99797, 3, -0.660249, 0.0954876
2.99897, 3, -0.660126, 0.0947962
2.99996, 3, -0.659999, 0.0941048
