time union1 union2 union3
0, -34.4085, nan, nan
0.001, -34.4085, nan, nan
0.002, -34.4085, nan, nan
0.003, -34.4086, nan, nan
0.004, -34.4087, nan, nan
0.005, -34.4087, nan, nan
0.006, -34.4088, nan, nan
0.007, -34.4089, nan, nan
0.008, -34.409, nan, nan
0.009, -34.4092, nan, nan
0.01, -34.4094, nan, nan
0.011, -34.4096, nan, nan
0.012, -34.4098, nan, nan
0.013, -34.4101, nan, nan
0.014, -34.4103, nan, nan
0.015, -34.4106, nan, nan
0.016, -34.4109, nan, nan
0.017, -34.4112, nan, nan
0.018, -34.4115, nan, nan
0.019, -34.4118, nan, nan
0.02, -34.4122, nan, nan
0.021, -34.4126, nan, nan
0.022, -34.413, nan, nan
0.023, -34.4134, nan, nan
0.024, -34.4139, nan, nan
0.025, -34.4144, nan, nan
0.026, -34.4148, nan, nan
0.027, -34.4153, nan, nan
0.028, -34.4158, nan, nan
0.029, -34.4163, nan, nan
0.03, -34.4169, nan, nan
0.031, -34.4175, nan, nan
0.032, -34.418, nan, nan
0.033, -34.4187, nan, nan
0.034, -34.4193, nan, nan
0.035, -34.4199, nan, nan
0.036, -34.4207, nan, nan
0.037, -34.4213, nan, nan
0.038, -34.422, nan, nan
0.039, -34.4227, nan, nan
0.04, -34.4235, nan, nan
0.041, -34.4242, nan, nan
0.042, -34.425, nan, nan
0.043, -34.4258, nan, nan
0.044, -34.4267, nan, nan
0.045, -34.4274, nan, nan
0.046, -34.4283, nan, nan
0.047, -34.4292, nan, nan
0.048, -34.43, nan, nan
0.049, -34.431, nan, nan
0.05, -34.4319, nan, nan
0.051, -34.4328, nan, nan
0.052, -34.4338, nan, nan
0.053, -34.4348, nan, nan
0.054, -34.4358, nan, nan
0.055, -34.4368, nan, nan
0.056, -34.4379, nan, nan
0.057, -34.4389, nan, nan
0.058, -34.44, nan, nan
0.059, -34.4411, nan, nan
0.06, -34.4422, nan, nan
0.061, -34.4433, nan, nan
0.062, -34.4444, nan, nan
0.0629999, -34.4457, nan, nan
0.064, -34.4468, nan, nan
0.065, -34.448, nan, nan
0.066, -34.4492, nan, nan
0.067, -34.4505, nan, nan
0.068, -34.4518, nan, nan
0.069, -34.4531, nan, nan
0.07, -34.4544, nan, nan
0.071, -34.4557, nan, nan
0.072, -34.457, nan, nan
0.073, -34.4584, nan, nan
0.074, -34.4597, nan, nan
0.075, -34.4611, nan, nan
0.076, -34.4625, nan, nan
0.077, -34.464, nan, nan
0.078, -34.4654, nan, nan
0.079, -34.4669, nan, nan
0.08, -34.4684, nan, nan
0.081, -34.4699, nan, nan
0.082, -34.4714, nan, nan
0.083, -34.473, nan, nan
0.084, -34.4745, nan, nan
0.085, -34.4761, nan, nan
0.086, -34.4777, nan, nan
0.087, -34.4793, nan, nan
0.088, -34.481, nan, nan
0.089, -34.4826, nan, nan
0.09, -34.4842, nan, nan
0.091, -34.486, nan, nan
0.092, -34.4877, nan, nan
0.093, -34.4894, nan, nan
0.094, -34.4912, nan, nan
0.095, -34.4929, nan, nan
0.096, -34.4947, nan, nan
0.097, -34.4965, nan, nan
0.098, -34.4984, nan, nan
0.099, -34.5001, nan, nan
0.1, -34.502, nan, nan
0.101, -34.5039, nan, nan
0.102, -34.5058, nan, nan
0.103, -34.5077, nan, nan
0.104, -34.5097, nan, nan
0.105, -34.5115, nan, nan
0.106, -34.5136, nan, nan
0.107, -34.5156, nan, nan
0.108, -34.5175, nan, nan
0.109, -34.5196, nan, nan
0.11, -34.5216, nan, nan
0.111, -34.5237, nan, nan
0.112, -34.5257, nan, nan
0.113, -34.5279, nan, nan
0.114, -34.53, nan, nan
0.115, -34.5321, nan, nan
0.116, -34.5343, nan, nan
0.117, -34.5364, nan, nan
0.118, -34.5386, nan, nan
0.119, -34.5408, nan, nan
0.12, -34.543, nan, nan
0.121, -34.5453, nan, nan
0.122, -34.5476, nan, nan
0.123, -34.5499, nan, nan
0.124, -34.5522, nan, nan
0.125, -34.5544, nan, nan
0.126, -34.5568, nan, nan
0.127, -34.5592, nan, nan
0.128, -34.5615, nan, nan
0.129, -34.564, nan, nan
0.13, -34.5664, nan, nan
0.131, -34.5688, nan, nan
0.132, -34.5712, nan, nan
0.133, -34.5737, nan, nan
0.134, -34.5762, nan, nan
0.135, -34.5787, nan, nan
0.136, -34.5812, nan, nan
0.137, -34.5838, nan, nan
0.138, -34.5863, nan, nan
0.139, -34.5889, nan, nan
0.14, -34.5915, nan, nan
0.141, -34.5941, nan, nan
0.142, -34.5967, nan, nan
0.143, -34.5993, nan, nan
0.144, -34.602, nan, nan
0.145, -34.6047, nan, nan
0.146, -34.6074, nan, nan
0.147, -34.6102, nan, nan
0.148, -34.6129, nan, nan
0.149, -34.6157, nan, nan
0.15, -34.6185, nan, nan
0.151, -34.6213, nan, nan
0.152, -34.6241, nan, nan
0.153, -34.6268, nan, nan
0.154, -34.6297, nan, nan
0.155, -34.6326, nan, nan
0.156, -34.6355, nan, nan
0.157, -34.6384, nan, nan
0.158, -34.6413, nan, nan
0.159, -34.6443, nan, nan
0.16, -34.6473, nan, nan
0.161, -34.6502, nan, nan
0.162, -34.6532, nan, nan
0.163, -34.6562, nan, nan
0.164, -34.6593, nan, nan
0.165, -34.6623, nan, nan
0.166, -34.6653, nan, nan
0.167, -34.6684, nan, nan
0.168, -34.6716, nan, nan
0.169, -34.6747, nan, nan
0.17, -34.6778, nan, nan
0.171, -34.681, nan, nan
0.172, -34.6842, nan, nan
0.173, -34.6873, nan, nan
0.174, -34.6906, nan, nan
0.175, -34.6938, nan, nan
0.176, -34.6971, nan, nan
0.177, -34.7003, nan, nan
0.178, -34.7036, nan, nan
0.179, -34.707, nan, nan
0.18, -34.7102, nan, nan
0.181, -34.7136, nan, nan
0.182, -34.7169, nan, nan
0.183, -34.7204, nan, nan
0.184, -34.7237, nan, nan
0.185, -34.7271, nan, nan
0.186, -34.7306, nan, nan
0.187, -34.734, nan, nan
0.188, -34.7375, nan, nan
0.189, -34.7409, nan, nan
0.19, -34.7444, nan, nan
0.191, -34.748, nan, nan
0.192, -34.7515, nan, nan
0.193, -34.755, nan, nan
0.194, -34.7587, nan, nan
0.195, -34.7622, nan, nan
0.196, -34.7658, nan, nan
0.197, -34.7694, nan, nan
0.198, -34.7732, nan, nan
0.199, -34.7768, nan, nan
0.2, -34.7805, nan, nan
0.201, -34.7842, nan, nan
0.202, -34.7879, nan, nan
0.203, -34.7916, nan, nan
0.204, -34.7954, nan, nan
0.205, -34.7992, nan, nan
0.206, -34.803, nan, nan
0.207, -34.8068, nan, nan
0.208, -34.8106, nan, nan
0.209, -34.8144, nan, nan
0.21, -34.8183, nan, nan
0.211, -34.8222, nan, nan
0.212, -34.8261, nan, nan
0.213, -34.83, nan, nan
0.214, -34.8339, nan, nan
0.215, -34.8379, nan, nan
0.216, -34.8418, nan, nan
0.217, -34.8457, nan, nan
0.218, -34.8498, nan, nan
0.219, -34.8538, nan, nan
0.22, -34.8579, nan, nan
0.221, -34.8619, nan, nan
0.222, -34.866, nan, nan
0.223, -34.87, nan, nan
0.224, -34.8742, nan, nan
0.225, -34.8783, nan, nan
0.226, -34.8825, nan, nan
0.227, -34.8866, nan, nan
0.228, -34.8908, nan, nan
0.229, -34.895, nan, nan
0.23, -34.8992, nan, nan
0.231, -34.9034, nan, nan
0.232, -34.9077, nan, nan
0.233, -34.9119, nan, nan
0.234, -34.9163, nan, nan
0.235, -34.9205, nan, nan
0.236, -34.9249, nan, nan
0.237, -34.9292, nan, nan
0.238, -34.9336, nan, nan
0.239, -34.9379, nan, nan
0.24, -34.9423, nan, nan
0.241, -34.9467, nan, nan
0.242, -34.9512, nan, nan
0.243, -34.9556, nan, nan
0.244, -34.96, nan, nan
0.245, -34.9646, nan, nan
0.246, -34.969, nan, nan
0.247, -34.9735, nan, nan
0.248, -34.9781, nan, nan
0.249, -34.9826, nan, nan
0.25, -34.9872, nan, nan
0.251, -34.9917, nan, nan
0.252, -34.9964, nan, nan
0.253, -35.001, nan, nan
0.254, -35.0056, nan, nan
0.255, -35.0102, nan, nan
0.256, -35.0149, nan, nan
0.257, -35.0196, nan, nan
0.258, -35.0244, nan, nan
0.259, -35.0291, nan, nan
0.26, -35.0338, nan, nan
0.261, -35.0386, nan, nan
0.262, -35.0433, nan, nan
0.263, -35.0481, nan, nan
0.264, -35.0529, nan, nan
0.265, -35.0578, nan, nan
0.266, -35.0626, nan, nan
0.267, -35.0675, nan, nan
0.268, -35.0723, nan, nan
0.269, -35.0772, nan, nan
0.27, -35.0821, nan, nan
0.271, -35.087, nan, nan
0.272, -35.092, nan, nan
0.273, -35.097, nan, nan
0.274, -35.1019, nan, nan
0.275, -35.1069, nan, nan
0.276, -35.1119, nan, nan
0.277, -35.117, nan, nan
0.278, -35.122, nan, nan
0.279, -35.1271, nan, nan
0.28, -35.1322, nan, nan
0.281, -35.1372, nan, nan
0.282, -35.1424, nan, nan
0.283, -35.1475, nan, nan
0.284, -35.1527, nan, nan
0.285, -35.1578, nan, nan
0.286, -35.163, nan, nan
0.287, -35.1682, nan, nan
0.288, -35.1734, nan, nan
0.289, -35.1786, nan, nan
0.29, -35.1839, nan, nan
0.291, -35.1891, nan, nan
0.292, -35.1945, nan, nan
0.293, -35.1998, nan, nan
0.294, -35.205, nan, nan
0.295, -35.2105, nan, nan
0.296, -35.2158, nan, nan
0.297, -35.2211, nan, nan
0.298, -35.2265, nan, nan
0.299, -35.232, nan, nan
0.3, -35.2374, nan, nan
0.301, -35.2428, nan, nan
0.302, -35.2482, nan, nan
0.303, -35.2537, nan, nan
0.304, -35.2592, nan, nan
0.305, -35.2647, nan, nan
0.306, -35.2702, nan, nan
0.307, -35.2758, nan, nan
0.308, -35.2814, nan, nan
0.309, -35.2869, nan, nan
0.31, -35.2925, nan, nan
0.311, -35.2981, nan, nan
0.312, -35.3037, nan, nan
0.313, -35.3093, nan, nan
0.314, -35.315, nan, nan
0.314999, -35.3207, nan, nan
0.315999, -35.3264, nan, nan
0.316999, -35.3321, nan, nan
0.317999, -35.3377, nan, nan
0.318999, -35.3435, nan, nan
0.319999, -35.3493, nan, nan
0.320999, -35.3551, nan, nan
0.321999, -35.3608, nan, nan
0.322999, -35.3666, nan, nan
0.323999, -35.3725, nan, nan
0.324999, -35.3783, nan, nan
0.325999, -35.3842, nan, nan
0.326999, -35.39, nan, nan
0.327999, -35.3959, nan, nan
0.328999, -35.4018, nan, nan
0.329999, -35.4077, nan, nan
0.330999, -35.4136, nan, nan
0.331999, -35.4196, nan, nan
0.332999, -35.4256, nan, nan
0.333999, -35.4316, nan, nan
0.334999, -35.4376, nan, nan
0.335999, -35.4436, nan, nan
0.336999, -35.4497, nan, nan
0.337999, -35.4557, nan, nan
0.338999, -35.4617, nan, nan
0.339999, -35.4678, nan, nan
0.340999, -35.474, nan, nan
0.341999, -35.4801, nan, nan
0.342999, -35.4862, nan, nan
0.343999, -35.4923, nan, nan
0.344999, -35.4985, nan, nan
0.345999, -35.5047, nan, nan
0.346999, -35.5108, nan, nan
0.347999, -35.5171, nan, nan
0.348999, -35.5233, nan, nan
0.349999, -35.5295, nan, nan
0.350999, -35.5358, nan, nan
0.351999, -35.5421, nan, nan
0.352999, -35.5484, nan, nan
0.353999, -35.5547, nan, nan
0.354999, -35.5611, nan, nan
0.355999, -35.5674, nan, nan
0.356999, -35.5737, nan, nan
0.357999, -35.5801, nan, nan
0.358999, -35.5865, nan, nan
0.359999, -35.593, nan, nan
0.360999, -35.5993, nan, nan
0.361999, -35.6058, nan, nan
0.362999, -35.6123, nan, nan
0.363999, -35.6187, nan, nan
0.364999, -35.6252, nan, nan
0.365999, -35.6317, nan, nan
0.366999, -35.6382, nan, nan
0.367999, -35.6447, nan, nan
0.368999, -35.6513, nan, nan
0.369999, -35.6578, nan, nan
0.370999, -35.6645, nan, nan
0.371999, -35.671, nan, nan
0.372999, -35.6776, nan, nan
0.373999, -35.6843, nan, nan
0.374999, -35.6909, nan, nan
0.375999, -35.6976, nan, nan
0.376999, -35.7043, nan, nan
0.377999, -35.711, nan, nan
0.378999, -35.7177, nan, nan
0.379999, -35.7244, nan, nan
0.380999, -35.7311, nan, nan
0.381999, -35.7379, nan, nan
0.382999, -35.7446, nan, nan
0.383999, -35.7514, nan, nan
0.384999, -35.7582, nan, nan
0.385999, -35.765, nan, nan
0.386999, -35.7719, nan, nan
0.387999, -35.7787, nan, nan
0.388999, -35.7856, nan, nan
0.389999, -35.7925, nan, nan
0.390999, -35.7994, nan, nan
0.391998, -35.8064, nan, nan
0.392998, -35.8132, nan, nan
0.393998, -35.8202, nan, nan
0.394998, -35.8272, nan, nan
0.395998, -35.8342, nan, nan
0.396998, -35.8411, nan, nan
0.397998, -35.8481, nan, nan
0.398998, -35.8551, nan, nan
0.399998, -35.8622, nan, nan
0.400998, -35.8693, nan, nan
0.401998, -35.8763, nan, nan
0.402998, -35.8834, nan, nan
0.403998, -35.8905, nan, nan
0.404998, -35.8975, nan, nan
0.405998, -35.9047, nan, nan
0.406998, -35.9118, nan, nan
0.407998, -35.919, nan, nan
0.408998, -35.9262, nan, nan
0.409998, -35.9334, nan, nan
0.410998, -35.9405, nan, nan
0.411998, -35.9478, nan, nan
0.412998, -35.9551, nan, nan
0.413998, -35.9623, nan, nan
0.414998, -35.9696, nan, nan
0.415998, -35.9768, nan, nan
0.416998, -35.9841, nan, nan
0.417998, -35.9914, nan, nan
0.418998, -35.9988, nan, nan
0.419998, -36.0061, nan, nan
0.420998, -36.0135, nan, nan
0.421998, -36.0209, nan, nan
0.422998, -36.0283, nan, nan
0.423998, -36.0356, nan, nan
0.424998, -36.043, nan, nan
0.425998, -36.0505, nan, nan
0.426998, -36.0579, nan, nan
0.427998, -36.0653, nan, nan
0.428998, -36.0728, nan, nan
0.429998, -36.0804, nan, nan
0.430998, -36.0878, nan, nan
0.431998, -36.0954, nan, nan
0.432998, -36.1029, nan, nan
0.433998, -36.1105, nan, nan
0.434998, -36.118, nan, nan
0.435998, -36.1256, nan, nan
0.436998, -36.1332, nan, nan
0.437998, -36.1408, nan, nan
0.438998, -36.1484, nan, nan
0.439998, -36.1561, nan, nan
0.440998, -36.1637, nan, nan
0.441998, -36.1714, nan, nan
0.442998, -36.1791, nan, nan
0.443998, -36.1868, nan, nan
0.444998, -36.1945, nan, nan
0.445998, -36.2022, nan, nan
0.446998, -36.2099, nan, nan
0.447998, -36.2177, nan, nan
0.448998, -36.2254, nan, nan
0.449998, -36.2332, nan, nan
0.450998, -36.241, nan, nan
0.451998, -36.2489, nan, nan
0.452998, -36.2567, nan, nan
0.453998, -36.2646, nan, nan
0.454998, -36.2725, nan, nan
0.455998, -36.2803, nan, nan
0.456998, -36.2882, nan, nan
0.457998, -36.2961, nan, nan
0.458998, -36.304, nan, nan
0.459998, -36.3119, nan, nan
0.460998, -36.3199, nan, nan
0.461998, -36.3278, nan, nan
0.462998, -36.3358, nan, nan
0.463998, -36.3438, nan, nan
0.464998, -36.3518, nan, nan
0.465998, -36.3598, nan, nan
0.466998, -36.3678, nan, nan
0.467998, -36.3759, nan, nan
0.468998, -36.384, nan, nan
0.469997, -36.392, nan, nan
0.470997, -36.4001, nan, nan
0.471997, -36.4083, nan, nan
0.472997, -36.4164, nan, nan
0.473997, -36.4245, nan, nan
0.474997, -36.4326, nan, nan
0.475997, -36.4408, nan, nan
0.476997, -36.449, nan, nan
0.477997, -36.4571, nan, nan
0.478997, -36.4654, nan, nan
0.479997, -36.4736, nan, nan
0.480997, -36.4818, nan, nan
0.481997, -36.4901, nan, nan
0.482997, -36.4983, nan, nan
0.483997, -36.5066, nan, nan
0.484997, -36.5149, nan, nan
0.485997, -36.5231, nan, nan
0.486997, -36.5315, nan, nan
0.487997, -36.5398, nan, nan
0.488997, -36.5481, nan, nan
0.489997, -36.5565, nan, nan
0.490997, -36.5648, nan, nan
0.491997, -36.5733, nan, nan
0.492997, -36.5816, nan, nan
0.493997, -36.59, nan, nan
0.494997, -36.5985, nan, nan
0.495997, -36.6069, nan, nan
0.496997, -36.6153, nan, nan
0.497997, -36.6239, nan, nan
0.498997, -36.6323, nan, nan
0.499997, -36.6408, nan, nan
0.500997, -36.6493, nan, nan
0.501997, -36.6578, nan, nan
0.502997, -36.6664, nan, nan
0.503997, -36.6749, nan, nan
0.504997, -36.6835, nan, nan
0.505997, -36.6921, nan, nan
0.506997, -36.7007, nan, nan
0.507997, -36.7093, nan, nan
0.508997, -36.7178, nan, nan
0.509997, -36.7265, nan, nan
0.510997, -36.7352, nan, nan
0.511997, -36.7438, nan, nan
0.512997, -36.7524, nan, nan
0.513997, -36.7612, nan, nan
0.514997, -36.7698, nan, nan
0.515997, -36.7786, nan, nan
0.516997, -36.7872, nan, nan
0.517997, -36.796, nan, nan
0.518997, -36.8048, nan, nan
0.519997, -36.8135, nan, nan
0.520997, -36.8223, nan, nan
0.521997, -36.8311, nan, nan
0.522997, -36.8399, nan, nan
0.523997, -36.8487, nan, nan
0.524997, -36.8576, nan, nan
0.525997, -36.8664, nan, nan
0.526997, -36.8753, nan, nan
0.527997, -36.8841, nan, nan
0.528997, -36.893, nan, nan
0.529997, -36.9019, nan, nan
0.530997, -36.9108, nan, nan
0.531997, -36.9197, nan, nan
0.532997, -36.9286, nan, nan
0.533997, -36.9376, nan, nan
0.534997, -36.9466, nan, nan
0.535997, -36.9555, nan, nan
0.536997, -36.9645, nan, nan
0.537997, -36.9736, nan, nan
0.538997, -36.9825, nan, nan
0.539997, -36.9916, nan, nan
0.540997, -37.0006, nan, nan
0.541997, -37.0097, nan, nan
0.542997, -37.0187, nan, nan
0.543997, -37.0278, nan, nan
0.544997, -37.0369, nan, nan
0.545997, -37.046, nan, nan
0.546997, -37.0551, nan, nan
0.547997, -37.0643, nan, nan
0.548997, -37.0734, nan, nan
0.549996, -37.0826, nan, nan
0.550996, -37.0917, nan, nan
0.551996, -37.1009, nan, nan
0.552996, -37.1101, nan, nan
0.553996, -37.1193, nan, nan
0.554996, -37.1286, nan, nan
0.555996, -37.1377, nan, nan
0.556996, -37.147, nan, nan
0.557996, -37.1562, nan, nan
0.558996, -37.1655, nan, nan
0.559996, -37.1748, nan, nan
0.560996, -37.1841, nan, nan
0.561996, -37.1934, nan, nan
0.562996, -37.2027, nan, nan
0.563996, -37.212, nan, nan
0.564996, -37.2214, nan, nan
0.565996, -37.2307, nan, nan
0.566996, -37.2401, nan, nan
0.567996, -37.2495, nan, nan
0.568996, -37.2589, nan, nan
0.569996, -37.2682, nan, nan
0.570996, -37.2777, nan, nan
0.571996, -37.2872, nan, nan
0.572996, -37.2966, nan, nan
0.573996, -37.306, nan, nan
0.574996, -37.3155, nan, nan
0.575996, -37.325, nan, nan
0.576996, -37.3345, nan, nan
0.577996, -37.344, nan, nan
0.578996, -37.3535, nan, nan
0.579996, -37.363, nan, nan
0.580996, -37.3726, nan, nan
0.581996, -37.3821, nan, nan
0.582996, -37.3917, nan, nan
0.583996, -37.4013, nan, nan
0.584996, -37.4108, nan, nan
0.585996, -37.4205, nan, nan
0.586996, -37.43, nan, nan
0.587996, -37.4397, nan, nan
0.588996, -37.4493, nan, nan
0.589996, -37.4589, nan, nan
0.590996, -37.4686, nan, nan
0.591996, -37.4783, nan, nan
0.592996, -37.488, nan, nan
0.593996, -37.4977, nan, nan
0.594996, -37.5074, nan, nan
0.595996, -37.5171, nan, nan
0.596996, -37.5268, nan, nan
0.597996, -37.5366, nan, nan
0.598996, -37.5464, nan, nan
0.599996, -37.5561, nan, nan
0.600996, -37.5658, nan, nan
0.601996, -37.5757, nan, nan
0.602996, -37.5855, nan, nan
0.603996, -37.5952, nan, nan
0.604996, -37.6051, nan, nan
0.605996, -37.6149, nan, nan
0.606996, -37.6248, nan, nan
0.607996, -37.6346, nan, nan
0.608996, -37.6445, nan, nan
0.609996, -37.6544, nan, nan
0.610996, -37.6643, nan, nan
0.611996, -37.6742, nan, nan
0.612996, -37.6841, nan, nan
0.613996, -37.694, nan, nan
0.614996, -37.704, nan, nan
0.615996, -37.7139, nan, nan
0.616996, -37.7239, nan, nan
0.617996, -37.7339, nan, nan
0.618996, -37.7439, nan, nan
0.619996, -37.7539, nan, nan
0.620996, -37.7639, nan, nan
0.621996, -37.7739, nan, nan
0.622996, -37.7839, nan, nan
0.623996, -37.794, nan, nan
0.624996, -37.804, nan, nan
0.625996, -37.8141, nan, nan
0.626996, -37.8241, nan, nan
0.627995, -37.8343, nan, nan
0.628995, -37.8443, nan, nan
0.629995, -37.8544, nan, nan
0.630995, -37.8646, nan, nan
0.631995, -37.8747, nan, nan
0.632995, -37.8848, nan, nan
0.633995, -37.895, nan, nan
0.634995, -37.9051, nan, nan
0.635995, -37.9153, nan, nan
0.636995, -37.9255, nan, nan
0.637995, -37.9357, nan, nan
0.638995, -37.9459, nan, nan
0.639995, -37.9561, nan, nan
0.640995, -37.9664, nan, nan
0.641995, -37.9766, nan, nan
0.642995, -37.9868, nan, nan
0.643995, -37.9971, nan, nan
0.644995, -38.0074, nan, nan
0.645995, -38.0177, nan, nan
0.646995, -38.028, nan, nan
0.647995, -38.0383, nan, nan
0.648995, -38.0486, nan, nan
0.649995, -38.059, nan, nan
0.650995, -38.0693, nan, nan
0.651995, -38.0796, nan, nan
0.652995, -38.0899, nan, nan
0.653995, -38.1003, nan, nan
0.654995, -38.1107, nan, nan
0.655995, -38.1211, nan, nan
0.656995, -38.1315, nan, nan
0.657995, -38.1419, nan, nan
0.658995, -38.1523, nan, nan
0.659995, -38.1628, nan, nan
0.660995, -38.1733, nan, nan
0.661995, -38.1837, nan, nan
0.662995, -38.1942, nan, nan
0.663995, -38.2046, nan, nan
0.664995, -38.2151, nan, nan
0.665995, -38.2256, nan, nan
0.666995, -38.2361, nan, nan
0.667995, -38.2466, nan, nan
0.668995, -38.2571, nan, nan
0.669995, -38.2677, nan, nan
0.670995, -38.2782, nan, nan
0.671995, -38.2888, nan, nan
0.672995, -38.2993, nan, nan
0.673995, -38.3099, nan, nan
0.674995, -38.3205, nan, nan
0.675995, -38.3311, nan, nan
0.676995, -38.3417, nan, nan
0.677995, -38.3524, nan, nan
0.678995, -38.363, nan, nan
0.679995, -38.3736, nan, nan
0.680995, -38.3843, nan, nan
0.681995, -38.3949, nan, nan
0.682995, -38.4056, nan, nan
0.683995, -38.4163, nan, nan
0.684995, -38.427, nan, nan
0.685995, -38.4376, nan, nan
0.686995, -38.4484, nan, nan
0.687995, -38.4591, nan, nan
0.688995, -38.4698, nan, nan
0.689995, -38.4805, nan, nan
0.690995, -38.4913, nan, nan
0.691995, -38.502, nan, nan
0.692995, -38.5128, nan, nan
0.693995, -38.5236, nan, nan
0.694995, -38.5344, nan, nan
0.695995, -38.5452, nan, nan
0.696995, -38.556, nan, nan
0.697995, -38.5667, nan, nan
0.698995, -38.5776, nan, nan
0.699995, -38.5885, nan, nan
0.700995, -38.5993, nan, nan
0.701995, -38.6102, nan, nan
0.702995, -38.621, nan, nan
0.703995, -38.6318, nan, nan
0.704994, -38.6428, nan, nan
0.705994, -38.6537, nan, nan
0.706994, -38.6645, nan, nan
0.707994, -38.6754, nan, nan
0.708994, -38.6864, nan, nan
0.709994, -38.6973, nan, nan
0.710994, -38.7082, nan, nan
0.711994, -38.7192, nan, nan
0.712994, -38.7302, nan, nan
0.713994, -38.7412, nan, nan
0.714994, -38.7521, nan, nan
0.715994, -38.7631, nan, nan
0.716994, -38.7741, nan, nan
0.717994, -38.7851, nan, nan
0.718994, -38.7961, nan, nan
0.719994, -38.8071, nan, nan
0.720994, -38.8181, nan, nan
0.721994, -38.8292, nan, nan
0.722994, -38.8402, nan, nan
0.723994, -38.8513, nan, nan
0.724994, -38.8623, nan, nan
0.725994, -38.8734, nan, nan
0.726994, -38.8845, nan, nan
0.727994, -38.8956, nan, nan
0.728994, -38.9067, nan, nan
0.729994, -38.9178, nan, nan
0.730994, -38.929, nan, nan
0.731994, -38.9401, nan, nan
0.732994, -38.9512, nan, nan
0.733994, -38.9624, nan, nan
0.734994, -38.9735, nan, nan
0.735994, -38.9847, nan, nan
0.736994, -38.9959, nan, nan
0.737994, -39.0071, nan, nan
0.738994, -39.0183, nan, nan
0.739994, -39.0295, nan, nan
0.740994, -39.0406, nan, nan
0.741994, -39.0518, nan, nan
0.742994, -39.0631, nan, nan
0.743994, -39.0743, nan, nan
0.744994, -39.0856, nan, nan
0.745994, -39.0968, nan, nan
0.746994, -39.1081, nan, nan
0.747994, -39.1194, nan, nan
0.748994, -39.1306, nan, nan
0.749994, -39.1419, nan, nan
0.750994, -39.1533, nan, nan
0.751994, -39.1645, nan, nan
0.752994, -39.1759, nan, nan
0.753994, -39.1872, nan, nan
0.754994, -39.1985, nan, nan
0.755994, -39.2099, nan, nan
0.756994, -39.2212, nan, nan
0.757994, -39.2326, nan, nan
0.758994, -39.2439, nan, nan
0.759994, -39.2553, nan, nan
0.760994, -39.2667, nan, nan
0.761994, -39.2781, nan, nan
0.762994, -39.2895, nan, nan
0.763994, -39.3008, nan, nan
0.764994, -39.3123, nan, nan
0.765994, -39.3237, nan, nan
0.766994, -39.3351, nan, nan
0.767994, -39.3466, nan, nan
0.768994, -39.358, nan, nan
0.769994, -39.3694, nan, nan
0.770994, -39.3809, nan, nan
0.771994, -39.3924, nan, nan
0.772994, -39.4038, nan, nan
0.773994, -39.4153, nan, nan
0.774994, -39.4268, nan, nan
0.775994, -39.4383, nan, nan
0.776994, -39.4498, nan, nan
0.777994, -39.4613, nan, nan
0.778994, -39.4729, nan, nan
0.779994, -39.4844, nan, nan
0.780994, -39.496, nan, nan
0.781994, -39.5075, nan, nan
0.782993, -39.5191, nan, nan
0.783993, -39.5306, nan, nan
0.784993, -39.5422, nan, nan
0.785993, -39.5538, nan, nan
0.786993, -39.5653, nan, nan
0.787993, -39.577, nan, nan
0.788993, -39.5886, nan, nan
0.789993, -39.6002, nan, nan
0.790993, -39.6118, nan, nan
0.791993, -39.6234, nan, nan
0.792993, -39.6351, nan, nan
0.793993, -39.6467, nan, nan
0.794993, -39.6583, nan, nan
0.795993, -39.67, nan, nan
0.796993, -39.6817, nan, nan
0.797993, -39.6933, nan, nan
0.798993, -39.705, nan, nan
0.799993, -39.7167, nan, nan
0.800993, -39.7284, nan, nan
0.801993, -39.7401, nan, nan
0.802993, -39.7518, nan, nan
0.803993, -39.7635, nan, nan
0.804993, -39.7752, nan, nan
0.805993, -39.787, nan, nan
0.806993, -39.7987, nan, nan
0.807993, -39.8105, nan, nan
0.808993, -39.8222, nan, nan
0.809993, -39.8339, nan, nan
0.810993, -39.8457, nan, nan
0.811993, -39.8575, nan, nan
0.812993, -39.8693, nan, nan
0.813993, -39.8811, nan, nan
0.814993, -39.8928, nan, nan
0.815993, -39.9047, nan, nan
0.816993, -39.9165, nan, nan
0.817993, -39.9283, nan, nan
0.818993, -39.9401, nan, nan
0.819993, -39.9519, nan, nan
0.820993, -39.9638, nan, nan
0.821993, -39.9756, nan, nan
0.822993, -39.9874, nan, nan
0.823993, -39.9993, nan, nan
0.824993, -40.0112, nan, nan
0.825993, -40.0231, nan, nan
0.826993, -40.0349, nan, nan
0.827993, -40.0468, nan, nan
0.828993, -40.0587, nan, nan
0.829993, -40.0706, nan, nan
0.830993, -40.0825, nan, nan
0.831993, -40.0944, nan, nan
0.832993, -40.1063, nan, nan
0.833993, -40.1182, nan, nan
0.834993, -40.1301, nan, nan
0.835993, -40.1421, nan, nan
0.836993, -40.154, nan, nan
0.837993, -40.166, nan, nan
0.838993, -40.178, nan, nan
0.839993, -40.1899, nan, nan
0.840993, -40.2019, nan, nan
0.841993, -40.2138, nan, nan
0.842993, -40.2259, nan, nan
0.843993, -40.2378, nan, nan
0.844993, -40.2499, nan, nan
0.845993, -40.2618, nan, nan
0.846993, -40.2738, nan, nan
0.847993, -40.2859, nan, nan
0.848993, -40.2979, nan, nan
0.849993, -40.3099, nan, nan
0.850993, -40.322, nan, nan
0.851993, -40.334, nan, nan
0.852993, -40.3461, nan, nan
0.853993, -40.3581, nan, nan
0.854993, -40.3701, nan, nan
0.855993, -40.3822, nan, nan
0.856993, -40.3943, nan, nan
0.857993, -40.4064, nan, nan
0.858993, -40.4185, nan, nan
0.859993, -40.4305, nan, nan
0.860992, -40.4426, nan, nan
0.861992, -40.4548, nan, nan
0.862992, -40.4669, nan, nan
0.863992, -40.479, nan, nan
0.864992, -40.4911, nan, nan
0.865992, -40.5032, nan, nan
0.866992, -40.5154, 166.278, 0.375865
0.867992, -40.5275, 165.68, 0.608129
0.868992, -40.5396, 165.254, 0.774555
0.869992, -40.5518, 164.906, 0.911287
0.870992, -40.5639, 164.607, 1.02908
0.871992, -40.5761, 164.335, 1.1366
0.872992, -40.5883, 164.09, 1.23432
0.873992, -40.6004, 163.863, 1.32441
0.874992, -40.6126, 163.651, 1.40917
0.875992, -40.6248, 163.45, 1.48951
0.876992, -40.637, 163.26, 1.56598
0.877992, -40.6492, 163.078, 1.63901
0.878992, -40.6613, 162.907, 1.70812
0.879992, -40.6736, 162.738, 1.77608
0.880992, -40.6858, 162.579, 1.84069
0.881992, -40.698, 162.424, 1.90341
0.882992, -40.7103, 162.274, 1.96463
0.883992, -40.7224, 162.129, 2.02342
0.884992, -40.7347, 161.988, 2.08112
0.885992, -40.7469, 161.85, 2.13726
0.886992, -40.7592, 161.717, 2.19196
0.887992, -40.7714, 161.586, 2.2455
0.888992, -40.7837, 161.459, 2.2978
0.889992, -40.7959, 161.335, 2.34885
0.890992, -40.8082, 161.212, 2.39939
0.891992, -40.8204, 161.093, 2.44857
0.892992, -40.8327, 160.975, 2.49724
0.893992, -40.845, 160.86, 2.54476
0.894992, -40.8573, 160.747, 2.59163
0.895992, -40.8696, 160.636, 2.63767
0.896992, -40.8819, 160.527, 2.68285
0.897992, -40.8942, 160.42, 2.72778
0.898992, -40.9065, 160.314, 2.77163
0.899992, -40.9189, 160.21, 2.81529
0.900992, -40.9311, 160.108, 2.8578
0.901992, -40.9435, 160.007, 2.90016
0.902992, -40.9558, 159.907, 2.94184
0.903992, -40.9681, 159.809, 2.98301
0.904992, -40.9805, 159.712, 3.02394
0.905992, -40.9928, 159.616, 3.06407
0.906992, -41.0052, 159.522, 3.10381
0.907992, -41.0175, 159.428, 3.14323
0.908992, -41.0299, 159.336, 3.18223
0.909992, -41.0423, 159.245, 3.22076
0.910992, -41.0547, 159.154, 3.25895
0.911992, -41.0671, 159.065, 3.29669
0.912992, -41.0794, 158.977, 3.3339
0.913992, -41.0918, 158.89, 3.37092
0.914992, -41.1042, 158.804, 3.40778
0.915992, -41.1166, 158.718, 3.4439
0.916992, -41.129, 158.634, 3.48009
0.917992, -41.1414, 158.549, 3.51586
0.918992, -41.1538, 158.466, 3.55132
0.919992, -41.1662, 158.384, 3.58643
0.920992, -41.1786, 158.303, 3.62131
0.921992, -41.191, 158.222, 3.6557
0.922992, -41.2035, 158.142, 3.69014
0.923992, -41.2159, 158.062, 3.72415
0.924992, -41.2284, 157.984, 3.75791
0.925992, -41.2408, 157.905, 3.79153
0.926992, -41.2532, 157.828, 3.82459
0.927992, -41.2656, 157.752, 3.85773
0.928992, -41.2782, 157.675, 3.89073
0.929992, -41.2906, 157.599, 3.92341
0.930992, -41.303, 157.524, 3.95567
0.931992, -41.3156, 157.449, 3.98797
0.932992, -41.328, 157.376, 4.01985
0.933992, -41.3405, 157.302, 4.05164
0.934992, -41.353, 157.229, 4.08327
0.935992, -41.3655, 157.157, 4.11466
0.936992, -41.378, 157.085, 4.14581
0.937991, -41.3904, 157.013, 4.17687
0.938991, -41.403, 156.942, 4.20785
0.939991, -41.4155, 156.872, 4.23841
0.940991, -41.428, 156.801, 4.26902
0.941991, -41.4405, 156.732, 4.29915
0.942991, -41.453, 156.663, 4.32943
0.943991, -41.4655, 156.594, 4.35937
0.944991, -41.478, 156.525, 4.38923
0.945991, -41.4906, 156.458, 4.4189
0.946991, -41.5031, 156.39, 4.44836
0.947991, -41.5157, 156.323, 4.4779
0.948991, -41.5282, 156.256, 4.50702
0.949991, -41.5407, 156.19, 4.53618
0.950991, -41.5533, 156.123, 4.56523
0.951991, -41.5659, 156.058, 4.59406
0.952991, -41.5784, 155.992, 4.62275
0.953991, -41.591, 155.927, 4.65131
0.954991, -41.6036, 155.863, 4.67965
0.955991, -41.6161, 155.799, 4.70786
0.956991, -41.6287, 155.735, 4.73619
0.957991, -41.6413, 155.671, 4.76407
0.958991, -41.6539, 155.608, 4.79211
0.959991, -41.6665, 155.545, 4.81995
0.960991, -41.679, 155.482, 4.84751
0.961991, -41.6916, 155.42, 4.87508
0.962991, -41.7043, 155.357, 4.90273
0.963991, -41.7168, 155.296, 4.93002
0.964991, -41.7294, 155.234, 4.95721
0.965991, -41.7421, 155.173, 4.98441
0.966991, -41.7546, 155.112, 5.01137
0.967991, -41.7673, 155.052, 5.03828
0.968991, -41.7799, 154.991, 5.06512
0.969991, -41.7926, 154.931, 5.09189
0.970991, -41.8052, 154.871, 5.11853
0.971991, -41.8178, 154.811, 5.14502
0.972991, -41.8304, 154.752, 5.17142
0.973991, -41.843, 154.693, 5.19765
0.974991, -41.8557, 154.634, 5.22397
0.975991, -41.8683, 154.576, 5.25001
0.976991, -41.881, 154.517, 5.27611
0.977991, -41.8937, 154.459, 5.30212
0.978991, -41.9063, 154.401, 5.328
0.979991, -41.919, 154.343, 5.35379
0.980991, -41.9316, 154.286, 5.3795
0.981991, -41.9443, 154.229, 5.40512
0.982991, -41.957, 154.172, 5.43073
0.983991, -41.9696, 154.115, 5.45611
0.984991, -41.9823, 154.058, 5.48155
0.985991, -41.995, 154.002, 5.50691
0.986991, -42.0077, 153.946, 5.53194
0.987991, -42.0204, 153.89, 5.55711
0.988991, -42.0331, 153.834, 5.5822
0.989991, -42.0458, 153.778, 5.60731
0.990991, -42.0585, 153.723, 5.63218
0.991991, -42.0712, 153.668, 5.65697
0.992991, -42.0839, 153.613, 5.68182
0.993991, -42.0966, 153.558, 5.70643
0.994991, -42.1093, 153.504, 5.73114
0.995991, -42.122, 153.449, 5.75568
0.996991, -42.1348, 153.395, 5.78018
0.997991, -42.1475, 153.341, 5.80465
0.998991, -42.1602, 153.287, 5.82894
0.999991, -42.1729, 153.234, 5.85317
1.00099, -42.1856, 153.18, 5.87733
1.00199, -42.1984, 153.127, 5.9016
1.00299, -42.2111, 153.074, 5.92563
1.00399, -42.2238, 153.02, 5.94969
1.00499, -42.2366, 152.968, 5.9737
1.00599, -42.2494, 152.915, 5.99764
1.00699, -42.2621, 152.862, 6.02145
1.00799, -42.2748, 152.81, 6.0452
1.00899, -42.2876, 152.758, 6.06899
1.00999, -42.3003, 152.706, 6.09252
1.01099, -42.3131, 152.654, 6.11626
1.01199, -42.3258, 152.602, 6.13974
1.01299, -42.3386, 152.551, 6.16326
1.01399, -42.3514, 152.499, 6.18672
1.01499, -42.3642, 152.448, 6.21012
1.01599, -42.3769, 152.397, 6.23335
1.01699, -42.3897, 152.345, 6.25677
1.01799, -42.4025, 152.295, 6.27991
1.01899, -42.4153, 152.244, 6.30304
1.01999, -42.428, 152.193, 6.32614
1.02099, -42.4409, 152.143, 6.34922
1.02199, -42.4536, 152.093, 6.37218
1.02299, -42.4664, 152.043, 6.39519
1.02399, -42.4792, 151.992, 6.41814
1.02499, -42.492, 151.942, 6.44102
1.02599, -42.5048, 151.893, 6.46381
1.02699, -42.5176, 151.843, 6.48652
1.02799, -42.5304, 151.794, 6.50927
1.02899, -42.5432, 151.744, 6.53189
1.02999, -42.5561, 151.695, 6.55455
1.03099, -42.5688, 151.646, 6.57713
1.03199, -42.5817, 151.597, 6.59966
1.03299, -42.5945, 151.548, 6.62214
1.03399, -42.6073, 151.499, 6.64464
1.03499, -42.6202, 151.45, 6.66703
1.03599, -42.633, 151.402, 6.68935
1.03699, -42.6458, 151.353, 6.71163
1.03799, -42.6586, 151.305, 6.73386
1.03899, -42.6714, 151.257, 6.75604
1.03999, -42.6843, 151.209, 6.7783
1.04099, -42.6971, 151.161, 6.80034
1.04199, -42.71, 151.113, 6.82248
1.04299, -42.7228, 151.065, 6.84458
1.04399, -42.7356, 151.018, 6.86647
1.04499, -42.7485, 150.97, 6.88846
1.04599, -42.7613, 150.923, 6.91041
1.04699, -42.7742, 150.875, 6.93237
1.04799, -42.787, 150.828, 6.95421
1.04899, -42.7999, 150.781, 6.97592
1.04999, -42.8128, 150.734, 6.99779
1.05099, -42.8256, 150.687, 7.01943
1.05199, -42.8385, 150.64, 7.04116
1.05299, -42.8513, 150.593, 7.06283
1.05399, -42.8641, 150.547, 7.08438
1.05499, -42.877, 150.501, 7.10592
1.05599, -42.8899, 150.454, 7.1275
1.05699, -42.9027, 150.408, 7.14897
1.05799, -42.9157, 150.361, 7.17056
1.05899, -42.9285, 150.315, 7.19189
1.05999, -42.9414, 150.269, 7.21327
1.06099, -42.9543, 150.223, 7.2347
1.06199, -42.9672, 150.177, 7.25604
1.06299, -42.98, 150.132, 7.27724
1.06399, -42.9929, 150.086, 7.2985
1.06499, -43.0058, 150.041, 7.31974
1.06599, -43.0187, 149.995, 7.34094
1.06699, -43.0315, 149.95, 7.3621
1.06799, -43.0444, 149.905, 7.38315
1.06899, -43.0574, 149.859, 7.40433
1.06999, -43.0702, 149.814, 7.42534
1.07099, -43.0831, 149.769, 7.44645
1.07199, -43.096, 149.724, 7.46737
1.07299, -43.1089, 149.679, 7.48836
1.07399, -43.1218, 149.634, 7.5093
1.07499, -43.1347, 149.59, 7.53023
1.07599, -43.1476, 149.545, 7.55097
1.07699, -43.1605, 149.501, 7.57194
1.07799, -43.1734, 149.456, 7.59269
1.07899, -43.1863, 149.412, 7.61345
1.07999, -43.1992, 149.368, 7.63414
1.08099, -43.2122, 149.323, 7.65494
1.08199, -43.225, 149.279, 7.67552
1.08299, -43.238, 149.235, 7.69626
1.08399, -43.2509, 149.191, 7.71694
1.08499, -43.2638, 149.148, 7.73741
1.08599, -43.2767, 149.104, 7.75795
1.08699, -43.2896, 149.06, 7.77852
1.08799, -43.3026, 149.016, 7.79913
1.08899, -43.3155, 148.973, 7.81957
1.08999, -43.3284, 148.929, 7.84002
1.09099, -43.3413, 148.886, 7.86037
1.092, -43.3542, 148.842, 7.88085
1.093, -43.3671, 148.799, 7.90115
1.094, -43.3801, 148.756, 7.92152
1.095, -43.393, 148.713, 7.94186
1.096, -43.4059, 148.669, 7.96223
1.097, -43.4189, 148.626, 7.98247
1.098, -43.4318, 148.584, 8.00273
1.099, -43.4447, 148.541, 8.02294
1.1, -43.4576, 148.498, 8.04308
1.101, -43.4706, 148.455, 8.06319
1.102, -43.4835, 148.412, 8.0834
1.103, -43.4964, 148.37, 8.10348
1.104, -43.5094, 148.327, 8.12359
1.105, -43.5223, 148.285, 8.1436
1.106, -43.5353, 148.243, 8.16366
1.107, -43.5482, 148.2, 8.18367
1.108, -43.5611, 148.158, 8.20368
1.109, -43.5741, 148.116, 8.22364
1.11, -43.587, 148.074, 8.24355
1.111, -43.6, 148.032, 8.26346
1.112, -43.6129, 147.99, 8.28333
1.113, -43.6259, 147.948, 8.30324
1.114, -43.6388, 147.906, 8.32306
1.115, -43.6518, 147.864, 8.3429
1.116, -43.6647, 147.822, 8.36262
1.117, -43.6776, 147.78, 8.38244
1.118, -43.6906, 147.739, 8.40221
1.119, -43.7035, 147.697, 8.42196
1.12, -43.7165, 147.656, 8.44169
1.121, -43.7294, 147.614, 8.46135
1.122, -43.7424, 147.573, 8.48098
1.123, -43.7553, 147.532, 8.50062
1.124, -43.7683, 147.49, 8.52033
1.125, -43.7812, 147.449, 8.53985
1.126, -43.7942, 147.408, 8.55949
1.127, -43.8071, 147.367, 8.57897
1.128, -43.8201, 147.326, 8.59852
1.129, -43.8331, 147.284, 8.6181
1.13, -43.846, 147.244, 8.63745
1.131, -43.8589, 147.203, 8.65694
1.132, -43.8719, 147.162, 8.67641
1.133, -43.8849, 147.121, 8.6959
1.134, -43.8979, 147.08, 8.7153
1.135, -43.9108, 147.04, 8.73467
1.136, -43.9237, 146.999, 8.75398
1.137, -43.9367, 146.959, 8.77335
1.138, -43.9496, 146.918, 8.79263
1.139, -43.9626, 146.878, 8.812
1.14, -43.9756, 146.837, 8.83133
1.141, -43.9885, 146.797, 8.85048
1.142, -44.0015, 146.757, 8.86973
1.143, -44.0145, 146.717, 8.889
1.144, -44.0274, 146.676, 8.90816
1.145, -44.0404, 146.636, 8.92738
1.146, -44.0533, 146.596, 8.9465
1.147, -44.0663, 146.556, 8.96574
1.148, -44.0793, 146.516, 8.98483
1.149, -44.0923, 146.476, 9.00405
1.15, -44.1052, 146.436, 9.02304
1.151, -44.1182, 146.396, 9.04218
1.152, -44.1311, 146.357, 9.06113
1.153, -44.1441, 146.317, 9.08024
1.154, -44.157, 146.277, 9.09924
1.155, -44.17, 146.238, 9.11827
1.156, -44.183, 146.198, 9.13723
1.157, -44.1959, 146.159, 9.15616
1.158, -44.2089, 146.119, 9.17515
1.159, -44.2218, 146.08, 9.19405
1.16, -44.2348, 146.04, 9.21303
1.161, -44.2478, 146.001, 9.23184
1.162, -44.2608, 145.962, 9.25081
1.163, -44.2737, 145.922, 9.26959
1.164, -44.2867, 145.883, 9.28851
1.165, -44.2996, 145.844, 9.3073
1.166, -44.3126, 145.805, 9.32605
1.167, -44.3255, 145.766, 9.34485
1.168, -44.3385, 145.727, 9.36362
1.169, -44.3514, 145.688, 9.38238
1.17, -44.3644, 145.649, 9.40111
1.171, -44.3774, 145.61, 9.41993
1.172, -44.3904, 145.571, 9.43861
1.173, -44.4033, 145.532, 9.45727
1.174, -44.4163, 145.493, 9.47602
1.175, -44.4292, 145.455, 9.49461
1.176, -44.4422, 145.416, 9.51331
1.177, -44.4551, 145.378, 9.53187
1.178, -44.4681, 145.339, 9.55051
1.179, -44.4811, 145.3, 9.5691
1.18, -44.494, 145.262, 9.58767
1.181, -44.507, 145.223, 9.60623
1.182, -44.5199, 145.185, 9.62478
1.183, -44.5329, 145.147, 9.64335
1.184, -44.5458, 145.108, 9.66182
1.185, -44.5588, 145.07, 9.68028
1.186, -44.5718, 145.032, 9.69886
1.187, -44.5847, 144.994, 9.71727
1.188, -44.5977, 144.955, 9.73579
1.189, -44.6106, 144.917, 9.75417
1.19, -44.6236, 144.879, 9.77266
1.191, -44.6365, 144.841, 9.79107
1.192, -44.6494, 144.803, 9.80937
1.193, -44.6624, 144.765, 9.82779
1.194, -44.6753, 144.727, 9.84614
1.195, -44.6883, 144.689, 9.8645
1.196, -44.7012, 144.651, 9.88282
1.197, -44.7142, 144.614, 9.90123
1.198, -44.7272, 144.576, 9.91957
1.199, -44.7401, 144.538, 9.93779
1.2, -44.753, 144.5, 9.95605
1.201, -44.766, 144.463, 9.97437
1.202, -44.7789, 144.425, 9.99257
1.203, -44.7919, 144.387, 10.0109
1.204, -44.8048, 144.35, 10.0291
1.205, -44.8177, 144.313, 10.0472
1.206, -44.8307, 144.275, 10.0655
1.207, -44.8436, 144.237, 10.0836
1.208, -44.8566, 144.2, 10.1018
1.209, -44.8695, 144.163, 10.12
1.21, -44.8824, 144.126, 10.1381
1.211, -44.8954, 144.088, 10.1562
1.212, -44.9084, 144.051, 10.1744
1.213, -44.9213, 144.014, 10.1925
1.214, -44.9342, 143.977, 10.2105
1.215, -44.9471, 143.939, 10.2287
1.216, -44.96, 143.902, 10.2467
1.217, -44.973, 143.865, 10.2648
1.218, -44.986, 143.828, 10.2828
1.219, -44.9988, 143.791, 10.3008
1.22, -45.0118, 143.754, 10.3188
1.221, -45.0247, 143.717, 10.3368
1.222, -45.0376, 143.68, 10.3548
1.223, -45.0506, 143.643, 10.3727
1.224, -45.0635, 143.607, 10.3907
1.225, -45.0764, 143.57, 10.4087
1.226, -45.0893, 143.533, 10.4266
1.227, -45.1023, 143.496, 10.4446
1.228, -45.1152, 143.459, 10.4624
1.229, -45.128, 143.423, 10.4803
1.23, -45.141, 143.386, 10.4982
1.231, -45.1539, 143.35, 10.516
1.232, -45.1668, 143.313, 10.5339
1.233, -45.1798, 143.276, 10.5518
1.234, -45.1926, 143.24, 10.5696
1.235, -45.2055, 143.204, 10.5874
1.236, -45.2185, 143.167, 10.6052
1.237, -45.2314, 143.131, 10.623
1.238, -45.2443, 143.094, 10.6408
1.239, -45.2572, 143.058, 10.6586
1.24, -45.2701, 143.022, 10.6763
1.241, -45.2829, 142.985, 10.694
1.242, -45.2959, 142.949, 10.7118
1.243, -45.3088, 142.913, 10.7296
1.244, -45.3216, 142.877, 10.7472
1.245, -45.3346, 142.841, 10.765
1.246, -45.3474, 142.805, 10.7826
1.247, -45.3603, 142.768, 10.8003
1.248, -45.3732, 142.732, 10.818
1.249, -45.3861, 142.696, 10.8356
1.25, -45.399, 142.66, 10.8533
1.251, -45.4119, 142.624, 10.871
1.252, -45.4248, 142.588, 10.8886
1.253, -45.4377, 142.552, 10.9062
1.254, -45.4505, 142.517, 10.9238
1.255, -45.4634, 142.481, 10.9414
1.256, -45.4763, 142.445, 10.9589
1.257, -45.4891, 142.409, 10.9765
1.258, -45.502, 142.374, 10.994
1.259, -45.5149, 142.338, 11.0116
1.26, -45.5278, 142.302, 11.0291
1.261, -45.5407, 142.266, 11.0467
1.262, -45.5535, 142.231, 11.0641
1.263, -45.5664, 142.195, 11.0817
1.264, -45.5792, 142.16, 11.0991
1.265, -45.5921, 142.124, 11.1166
1.266, -45.605, 142.088, 11.1341
1.267, -45.6178, 142.053, 11.1516
1.268, -45.6307, 142.017, 11.169
1.269, -45.6435, 141.982, 11.1864
1.27, -45.6563, 141.947, 11.2038
1.271, -45.6693, 141.911, 11.2213
1.272, -45.6821, 141.876, 11.2387
1.273, -45.6949, 141.841, 11.256
1.274, -45.7078, 141.805, 11.2734
1.275, -45.7206, 141.77, 11.2908
1.276, -45.7335, 141.735, 11.3082
1.277, -45.7463, 141.7, 11.3255
1.278, -45.7591, 141.664, 11.3429
1.279, -45.7719, 141.629, 11.3602
1.28, -45.7848, 141.594, 11.3775
1.281, -45.7976, 141.559, 11.3948
1.282, -45.8104, 141.524, 11.4121
1.283, -45.8233, 141.489, 11.4294
1.284, -45.8361, 141.454, 11.4467
1.285, -45.8489, 141.419, 11.4639
1.286, -45.8617, 141.384, 11.4812
1.287, -45.8745, 141.349, 11.4984
1.288, -45.8873, 141.314, 11.5157
1.289, -45.9001, 141.279, 11.5329
1.29, -45.913, 141.244, 11.5502
1.291, -45.9258, 141.209, 11.5674
1.292, -45.9386, 141.175, 11.5846
1.293, -45.9514, 141.14, 11.6017
1.294, -45.9642, 141.105, 11.6189
1.295, -45.977, 141.07, 11.636
1.296, -45.9898, 141.036, 11.6533
1.297, -46.0026, 141.001, 11.6704
1.298, -46.0154, 140.966, 11.6875
1.299, -46.0281, 140.932, 11.7046
1.3, -46.041, 140.897, 11.7218
1.301, -46.0538, 140.862, 11.7389
1.302, -46.0666, 140.828, 11.756
1.303, -46.0793, 140.793, 11.7731
1.304, -46.0921, 140.759, 11.7901
1.305, -46.1048, 140.724, 11.8073
1.30601, -46.1176, 140.69, 11.8243
1.30701, -46.1304, 140.656, 11.8413
1.30801, -46.1432, 140.621, 11.8585
1.30901, -46.156, 140.587, 11.8755
1.31001, -46.1687, 140.552, 11.8925
1.31101, -46.1815, 140.518, 11.9095
1.31201, -46.1943, 140.484, 11.9266
1.31301, -46.207, 140.45, 11.9435
1.31401, -46.2197, 140.415, 11.9605
1.31501, -46.2325, 140.381, 11.9775
1.31601, -46.2452, 140.347, 11.9944
1.31701, -46.258, 140.313, 12.0114
1.31801, -46.2708, 140.278, 12.0284
1.31901, -46.2834, 140.244, 12.0453
1.32001, -46.2962, 140.21, 12.0623
1.32101, -46.309, 140.176, 12.0792
1.32201, -46.3217, 140.142, 12.0962
1.32301, -46.3344, 140.108, 12.113
1.32401, -46.3471, 140.074, 12.1299
1.32501, -46.3598, 140.04, 12.1468
1.32601, -46.3725, 140.006, 12.1636
1.32701, -46.3853, 139.972, 12.1806
1.32801, -46.398, 139.938, 12.1975
1.32901, -46.4107, 139.904, 12.2143
1.33001, -46.4234, 139.87, 12.2312
1.33101, -46.4361, 139.837, 12.2479
1.33201, -46.4489, 139.802, 12.2649
1.33301, -46.4615, 139.769, 12.2817
1.33401, -46.4742, 139.735, 12.2984
1.33501, -46.487, 139.701, 12.3153
1.33601, -46.4996, 139.668, 12.332
1.33701, -46.5123, 139.634, 12.3488
1.33801, -46.525, 139.6, 12.3656
1.33901, -46.5377, 139.567, 12.3824
1.34001, -46.5504, 139.533, 12.3992
1.34101, -46.563, 139.499, 12.4159
1.34201, -46.5757, 139.466, 12.4326
1.34301, -46.5884, 139.432, 12.4494
1.34401, -46.6011, 139.398, 12.4661
1.34501, -46.6138, 139.365, 12.4829
1.34601, -46.6264, 139.331, 12.4996
1.34701, -46.6391, 139.298, 12.5163
1.34801, -46.6517, 139.264, 12.5329
1.34901, -46.6644, 139.231, 12.5496
1.35001, -46.677, 139.197, 12.5663
1.35101, -46.6897, 139.164, 12.583
1.35201, -46.7023, 139.131, 12.5996
1.35301, -46.715, 139.097, 12.6163
1.35401, -46.7276, 139.064, 12.6329
1.35501, -46.7402, 139.031, 12.6496
1.35601, -46.7529, 138.997, 12.6662
1.35701, -46.7655, 138.964, 12.6828
1.35801, -46.7781, 138.931, 12.6995
1.35901, -46.7907, 138.898, 12.716
1.36001, -46.8034, 138.864, 12.7327
1.36101, -46.816, 138.831, 12.7492
1.36201, -46.8286, 138.798, 12.7658
1.36301, -46.8412, 138.765, 12.7824
1.36401, -46.8538, 138.732, 12.7989
1.36501, -46.8664, 138.699, 12.8155
1.36601, -46.879, 138.666, 12.8321
1.36701, -46.8916, 138.633, 12.8486
1.36801, -46.9042, 138.599, 12.8652
1.36901, -46.9168, 138.566, 12.8817
1.37001, -46.9294, 138.533, 12.8982
1.37101, -46.942, 138.5, 12.9147
1.37201, -46.9546, 138.467, 12.9312
1.37301, -46.9671, 138.434, 12.9477
1.37401, -46.9797, 138.402, 12.9642
1.37501, -46.9923, 138.369, 12.9806
1.37601, -47.0048, 138.336, 12.9971
1.37701, -47.0174, 138.303, 13.0136
1.37801, -47.03, 138.27, 13.03
1.37901, -47.0425, 138.237, 13.0464
1.38001, -47.0551, 138.204, 13.0629
1.38101, -47.0676, 138.172, 13.0793
1.38201, -47.0802, 138.139, 13.0957
1.38301, -47.0927, 138.106, 13.1122
1.38401, -47.1052, 138.074, 13.1285
1.38501, -47.1178, 138.041, 13.145
1.38601, -47.1303, 138.008, 13.1613
1.38701, -47.1428, 137.975, 13.1777
1.38801, -47.1554, 137.943, 13.1941
1.38901, -47.1679, 137.91, 13.2105
1.39001, -47.1804, 137.878, 13.2269
1.39101, -47.1929, 137.845, 13.2432
1.39201, -47.2055, 137.812, 13.2596
1.39301, -47.218, 137.78, 13.2759
1.39401, -47.2304, 137.747, 13.2922
1.39501, -47.2429, 137.715, 13.3085
1.39601, -47.2554, 137.682, 13.3248
1.39701, -47.2679, 137.65, 13.3412
1.39801, -47.2804, 137.618, 13.3575
1.39901, -47.2929, 137.585, 13.3737
1.40001, -47.3054, 137.553, 13.39
1.40101, -47.3179, 137.52, 13.4064
1.40201, -47.3304, 137.488, 13.4226
1.40301, -47.3428, 137.456, 13.4389
1.40401, -47.3553, 137.423, 13.4551
1.40501, -47.3677, 137.391, 13.4714
1.40601, -47.3802, 137.358, 13.4877
1.40701, -47.3927, 137.326, 13.5039
1.40801, -47.4051, 137.294, 13.5201
1.40901, -47.4176, 137.262, 13.5364
1.41001, -47.43, 137.23, 13.5525
1.41101, -47.4425, 137.197, 13.5688
1.41201, -47.4549, 137.165, 13.5849
1.41301, -47.4673, 137.133, 13.6012
1.41401, -47.4797, 137.101, 13.6173
1.41501, -47.4922, 137.069, 13.6335
1.41601, -47.5046, 137.037, 13.6496
1.41701, -47.517, 137.005, 13.6658
1.41801, -47.5294, 136.972, 13.682
1.41901, -47.5418, 136.941, 13.6981
1.42001, -47.5542, 136.908, 13.7143
1.42101, -47.5666, 136.876, 13.7305
1.42201, -47.579, 136.844, 13.7466
1.42301, -47.5914, 136.813, 13.7626
1.42401, -47.6038, 136.781, 13.7788
1.42501, -47.6162, 136.749, 13.7949
1.42601, -47.6286, 136.717, 13.811
1.42701, -47.6409, 136.685, 13.8271
1.42801, -47.6533, 136.653, 13.8432
1.42901, -47.6657, 136.621, 13.8592
1.43001, -47.678, 136.589, 13.8753
1.43101, -47.6904, 136.557, 13.8914
1.43201, -47.7028, 136.525, 13.9074
1.43301, -47.7151, 136.494, 13.9235
1.43401, -47.7274, 136.462, 13.9395
1.43501, -47.7398, 136.43, 13.9555
1.43601, -47.7522, 136.398, 13.9716
1.43701, -47.7645, 136.367, 13.9876
1.43801, -47.7768, 136.335, 14.0036
1.43901, -47.7891, 136.303, 14.0196
1.44001, -47.8014, 136.272, 14.0356
1.44101, -47.8138, 136.24, 14.0516
1.44201, -47.8261, 136.208, 14.0676
1.44301, -47.8384, 136.177, 14.0836
1.44401, -47.8507, 136.145, 14.0996
1.44501, -47.863, 136.114, 14.1155
1.44601, -47.8753, 136.082, 14.1315
1.44701, -47.8876, 136.05, 14.1474
1.44801, -47.8999, 136.019, 14.1634
1.44901, -47.9121, 135.987, 14.1793
1.45001, -47.9244, 135.956, 14.1953
1.45101, -47.9367, 135.924, 14.2112
1.45201, -47.949, 135.893, 14.2271
1.45301, -47.9613, 135.861, 14.2431
1.45401, -47.9735, 135.83, 14.2589
1.45501, -47.9858, 135.799, 14.2749
1.45601, -47.998, 135.767, 14.2908
1.45701, -48.0102, 135.736, 14.3066
1.45801, -48.0225, 135.705, 14.3225
1.45901, -48.0348, 135.673, 14.3384
1.46001, -48.0469, 135.642, 14.3542
1.46101, -48.0592, 135.611, 14.3701
1.46201, -48.0714, 135.579, 14.3859
1.46301, -48.0837, 135.548, 14.4018
1.46401, -48.0959, 135.517, 14.4176
1.46501, -48.1081, 135.485, 14.4335
1.46601, -48.1203, 135.454, 14.4493
1.46701, -48.1325, 135.423, 14.4651
1.46801, -48.1447, 135.392, 14.4809
1.46901, -48.1569, 135.361, 14.4967
1.47001, -48.1691, 135.33, 14.5125
1.47101, -48.1812, 135.299, 14.5283
1.47201, -48.1934, 135.267, 14.5441
1.47301, -48.2056, 135.236, 14.5598
1.47401, -48.2178, 135.205, 14.5757
1.47501, -48.23, 135.174, 14.5914
1.47601, -48.2421, 135.143, 14.6072
1.47701, -48.2543, 135.112, 14.6229
1.47801, -48.2664, 135.081, 14.6387
1.47901, -48.2786, 135.05, 14.6544
1.48001, -48.2907, 135.019, 14.6701
1.48101, -48.3028, 134.988, 14.6858
1.48201, -48.315, 134.957, 14.7016
1.48301, -48.3271, 134.926, 14.7173
1.48401, -48.3392, 134.895, 14.733
1.48501, -48.3514, 134.864, 14.7487
1.48601, -48.3635, 134.833, 14.7644
1.48701, -48.3756, 134.802, 14.7801
1.48801, -48.3877, 134.772, 14.7957
1.48901, -48.3998, 134.741, 14.8115
1.49001, -48.4119, 134.71, 14.8271
1.49101, -48.424, 134.679, 14.8427
1.49201, -48.4361, 134.648, 14.8584
1.49301, -48.4482, 134.618, 14.8741
1.49401, -48.4603, 134.587, 14.8897
1.49501, -48.4723, 134.556, 14.9053
1.49601, -48.4844, 134.525, 14.9209
1.49701, -48.4965, 134.495, 14.9366
1.49801, -48.5085, 134.464, 14.9522
1.49901, -48.5206, 134.433, 14.9678
1.50001, -48.5326, 134.403, 14.9834
1.50101, -48.5447, 134.372, 14.999
1.50201, -48.5567, 134.341, 15.0146
1.50301, -48.5687, 134.311, 15.0302
1.50401, -48.5808, 134.28, 15.0458
1.50501, -48.5928, 134.25, 15.0613
1.50601, -48.6048, 134.219, 15.0769
1.50701, -48.6168, 134.188, 15.0924
1.50801, -48.6288, 134.158, 15.108
1.50901, -48.6408, 134.127, 15.1235
1.51001, -48.6528, 134.097, 15.1391
1.51101, -48.6648, 134.066, 15.1547
1.51201, -48.6768, 134.036, 15.1701
1.51301, -48.6888, 134.005, 15.1857
1.51401, -48.7008, 133.975, 15.2012
1.51501, -48.7127, 133.944, 15.2167
1.51601, -48.7247, 133.914, 15.2322
1.51701, -48.7367, 133.884, 15.2477
1.51801, -48.7487, 133.853, 15.2632
1.51901, -48.7606, 133.823, 15.2786
1.52002, -48.7725, 133.793, 15.2941
1.52102, -48.7845, 133.762, 15.3096
1.52202, -48.7965, 133.732, 15.3251
1.52302, -48.8083, 133.702, 15.3405
1.52402, -48.8203, 133.671, 15.356
1.52502, -48.8322, 133.641, 15.3714
1.52602, -48.8442, 133.611, 15.3869
1.52702, -48.8561, 133.58, 15.4023
1.52802, -48.8679, 133.55, 15.4177
1.52902, -48.8799, 133.52, 15.4331
1.53002, -48.8918, 133.49, 15.4485
1.53102, -48.9037, 133.46, 15.464
1.53202, -48.9156, 133.43, 15.4794
1.53302, -48.9275, 133.399, 15.4948
1.53402, -48.9393, 133.369, 15.5102
1.53502, -48.9512, 133.339, 15.5255
1.53602, -48.963, 133.309, 15.5409
1.53702, -48.9749, 133.279, 15.5562
1.53802, -48.9868, 133.249, 15.5716
1.53902, -48.9986, 133.219, 15.587
1.54002, -49.0105, 133.189, 15.6023
1.54102, -49.0223, 133.159, 15.6177
1.54202, -49.0342, 133.129, 15.633
1.54302, -49.046, 133.099, 15.6484
1.54402, -49.0578, 133.069, 15.6637
1.54502, -49.0696, 133.039, 15.679
1.54602, -49.0814, 133.009, 15.6943
1.54702, -49.0932, 132.979, 15.7096
1.54802, -49.105, 132.949, 15.7249
1.54902, -49.1168, 132.919, 15.7402
1.55002, -49.1286, 132.889, 15.7555
1.55102, -49.1404, 132.859, 15.7708
1.55202, -49.1522, 132.829, 15.786
1.55302, -49.164, 132.8, 15.8013
1.55402, -49.1757, 132.77, 15.8166
1.55502, -49.1875, 132.74, 15.8318
1.55602, -49.1993, 132.71, 15.8471
1.55702, -49.211, 132.68, 15.8623
1.55802, -49.2228, 132.651, 15.8776
1.55902, -49.2345, 132.621, 15.8928
1.56002, -49.2463, 132.591, 15.908
1.56102, -49.258, 132.561, 15.9233
1.56202, -49.2697, 132.532, 15.9385
1.56302, -49.2814, 132.502, 15.9537
1.56402, -49.2932, 132.472, 15.9689
1.56502, -49.3049, 132.442, 15.9841
1.56602, -49.3166, 132.413, 15.9993
1.56702, -49.3283, 132.383, 16.0145
1.56802, -49.34, 132.354, 16.0296
1.56902, -49.3517, 132.324, 16.0448
1.57002, -49.3633, 132.294, 16.06
1.57102, -49.375, 132.265, 16.0751
1.57202, -49.3867, 132.235, 16.0903
1.57302, -49.3984, 132.206, 16.1054
1.57402, -49.41, 132.176, 16.1206
1.57502, -49.4217, 132.147, 16.1357
1.57602, -49.4333, 132.117, 16.1508
1.57702, -49.445, 132.088, 16.166
1.57802, -49.4566, 132.058, 16.1811
1.57902, -49.4682, 132.029, 16.1962
1.58002, -49.4799, 131.999, 16.2113
1.58102, -49.4915, 131.97, 16.2264
1.58202, -49.5031, 131.94, 16.2415
1.58302, -49.5147, 131.911, 16.2566
1.58402, -49.5263, 131.881, 16.2717
1.58502, -49.5379, 131.852, 16.2867
1.58602, -49.5495, 131.823, 16.3018
1.58702, -49.5611, 131.793, 16.3169
1.58802, -49.5727, 131.764, 16.3319
1.58902, -49.5843, 131.735, 16.347
1.59002, -49.5958, 131.705, 16.362
1.59102, -49.6074, 131.676, 16.377
1.59202, -49.619, 131.647, 16.3921
1.59302, -49.6305, 131.617, 16.4071
1.59402, -49.6421, 131.588, 16.4222
1.59502, -49.6536, 131.559, 16.4372
1.59602, -49.6652, 131.53, 16.4522
1.59702, -49.6767, 131.501, 16.4672
1.59802, -49.6882, 131.471, 16.4822
1.59902, -49.6998, 131.442, 16.4972
1.60002, -49.7113, 131.413, 16.5122
1.60102, -49.7228, 131.384, 16.5272
1.60202, -49.7342, 131.355, 16.5421
1.60302, -49.7457, 131.326, 16.557
1.60402, -49.7572, 131.297, 16.572
1.60502, -49.7687, 131.267, 16.587
1.60602, -49.7802, 131.238, 16.6019
1.60702, -49.7917, 131.209, 16.6169
1.60802, -49.8032, 131.18, 16.6318
1.60902, -49.8146, 131.151, 16.6467
1.61002, -49.8261, 131.122, 16.6617
1.61102, -49.8375, 131.093, 16.6765
1.61202, -49.849, 131.064, 16.6915
1.61302, -49.8604, 131.035, 16.7064
1.61402, -49.8718, 131.006, 16.7213
1.61502, -49.8833, 130.977, 16.7362
1.61602, -49.8947, 130.948, 16.7511
1.61702, -49.9061, 130.919, 16.7659
1.61802, -49.9175, 130.89, 16.7808
1.61902, -49.9289, 130.861, 16.7957
1.62002, -49.9403, 130.833, 16.8106
1.62102, -49.9517, 130.804, 16.8254
1.62202, -49.9631, 130.775, 16.8402
1.62302, -49.9745, 130.746, 16.8551
1.62402, -49.9859, 130.717, 16.87
1.62502, -49.9972, 130.688, 16.8847
1.62602, -50.0085, 130.66, 16.8996
1.62702, -50.0199, 130.631, 16.9144
1.62802, -50.0312, 130.602, 16.9292
1.62902, -50.0426, 130.573, 16.944
1.63002, -50.054, 130.544, 16.9589
1.63102, -50.0652, 130.516, 16.9736
1.63202, -50.0766, 130.487, 16.9884
1.63302, -50.0879, 130.458, 17.0033
1.63402, -50.0992, 130.43, 17.018
1.63502, -50.1105, 130.401, 17.0328
1.63602, -50.1219, 130.372, 17.0476
1.63702, -50.1331, 130.344, 17.0623
1.63802, -50.1444, 130.315, 17.0771
1.63902, -50.1557, 130.286, 17.0918
1.64002, -50.167, 130.258, 17.1066
1.64102, -50.1782, 130.229, 17.1213
1.64202, -50.1895, 130.2, 17.136
1.64302, -50.2007, 130.172, 17.1507
1.64402, -50.212, 130.143, 17.1655
1.64502, -50.2232, 130.115, 17.1801
1.64602, -50.2345, 130.086, 17.1949
1.64702, -50.2457, 130.058, 17.2096
1.64802, -50.257, 130.029, 17.2243
1.64902, -50.2682, 130.001, 17.239
1.65002, -50.2794, 129.972, 17.2536
1.65102, -50.2906, 129.944, 17.2683
1.65202, -50.3018, 129.915, 17.283
1.65302, -50.313, 129.887, 17.2976
1.65402, -50.3242, 129.859, 17.3123
1.65502, -50.3354, 129.83, 17.327
1.65602, -50.3465, 129.802, 17.3416
1.65702, -50.3578, 129.773, 17.3563
1.65802, -50.3689, 129.745, 17.3709
1.65902, -50.38, 129.717, 17.3855
1.66002, -50.3912, 129.688, 17.4001
1.66102, -50.4024, 129.66, 17.4148
1.66202, -50.4135, 129.632, 17.4294
1.66302, -50.4246, 129.603, 17.444
1.66402, -50.4358, 129.575, 17.4586
1.66502, -50.4469, 129.547, 17.4732
1.66602, -50.458, 129.519, 17.4877
1.66702, -50.4691, 129.49, 17.5023
1.66802, -50.4802, 129.462, 17.5169
1.66902, -50.4913, 129.434, 17.5315
1.67002, -50.5024, 129.406, 17.5461
1.67102, -50.5135, 129.377, 17.5606
1.67202, -50.5246, 129.349, 17.5752
1.67302, -50.5356, 129.321, 17.5897
1.67402, -50.5467, 129.293, 17.6043
1.67502, -50.5577, 129.265, 17.6187
1.67602, -50.5688, 129.237, 17.6333
1.67702, -50.5798, 129.209, 17.6478
1.67802, -50.5909, 129.181, 17.6623
1.67902, -50.6019, 129.152, 17.6769
1.68002, -50.613, 129.124, 17.6914
1.68102, -50.624, 129.096, 17.7059
1.68202, -50.635, 129.068, 17.7203
1.68302, -50.646, 129.04, 17.7348
1.68402, -50.657, 129.012, 17.7493
1.68502, -50.668, 128.984, 17.7638
1.68602, -50.679, 128.956, 17.7782
1.68702, -50.69, 128.928, 17.7927
1.68802, -50.7009, 128.9, 17.8072
1.68902, -50.7119, 128.872, 17.8216
1.69002, -50.7229, 128.844, 17.8361
1.69102, -50.7338, 128.816, 17.8505
1.69202, -50.7448, 128.788, 17.8649
1.69302, -50.7557, 128.761, 17.8794
1.69402, -50.7666, 128.733, 17.8938
1.69502, -50.7776, 128.705, 17.9082
1.69602, -50.7885, 128.677, 17.9226
1.69702, -50.7994, 128.649, 17.937
1.69802, -50.8103, 128.621, 17.9514
1.69902, -50.8212, 128.593, 17.9657
1.70002, -50.8322, 128.566, 17.9802
1.70102, -50.843, 128.538, 17.9945
1.70202, -50.8539, 128.51, 18.0089
1.70302, -50.8648, 128.482, 18.0232
1.70402, -50.8757, 128.455, 18.0376
1.70502, -50.8865, 128.427, 18.052
1.70602, -50.8974, 128.399, 18.0663
1.70702, -50.9082, 128.371, 18.0806
1.70802, -50.9191, 128.344, 18.0949
1.70902, -50.9299, 128.316, 18.1094
1.71002, -50.9408, 128.288, 18.1237
1.71102, -50.9516, 128.261, 18.138
1.71202, -50.9624, 128.233, 18.1523
1.71302, -50.9732, 128.205, 18.1666
1.71402, -50.984, 128.178, 18.1809
1.71502, -50.9948, 128.15, 18.1952
1.71602, -51.0056, 128.122, 18.2095
1.71702, -51.0164, 128.095, 18.2237
1.71802, -51.0272, 128.067, 18.238
1.71902, -51.0379, 128.04, 18.2523
1.72002, -51.0487, 128.012, 18.2665
1.72102, -51.0595, 127.985, 18.2808
1.72202, -51.0702, 127.957, 18.295
1.72302, -51.081, 127.93, 18.3093
1.72402, -51.0917, 127.902, 18.3235
1.72502, -51.1025, 127.875, 18.3378
1.72602, -51.1132, 127.847, 18.352
1.72702, -51.1239, 127.82, 18.3662
1.72802, -51.1346, 127.792, 18.3804
1.72902, -51.1453, 127.765, 18.3946
1.73002, -51.156, 127.738, 18.4088
1.73102, -51.1667, 127.71, 18.423
1.73202, -51.1774, 127.683, 18.4372
1.73302, -51.1881, 127.655, 18.4514
1.73403, -51.1988, 127.628, 18.4656
1.73503, -51.2094, 127.601, 18.4797
1.73603, -51.2201, 127.573, 18.4939
1.73703, -51.2307, 127.546, 18.5081
1.73803, -51.2414, 127.519, 18.5222
1.73903, -51.252, 127.491, 18.5363
1.74003, -51.2626, 127.464, 18.5505
1.74103, -51.2733, 127.437, 18.5646
1.74203, -51.2839, 127.41, 18.5788
1.74303, -51.2945, 127.382, 18.5929
1.74403, -51.3051, 127.355, 18.607
1.74503, -51.3157, 127.328, 18.6211
1.74603, -51.3263, 127.301, 18.6352
1.74703, -51.3369, 127.273, 18.6493
1.74803, -51.3475, 127.246, 18.6634
1.74903, -51.358, 127.219, 18.6775
1.75003, -51.3686, 127.192, 18.6915
1.75103, -51.3792, 127.165, 18.7056
1.75203, -51.3897, 127.138, 18.7197
1.75303, -51.4003, 127.11, 18.7338
1.75403, -51.4108, 127.083, 18.7478
1.75503, -51.4213, 127.056, 18.7619
1.75603, -51.4318, 127.029, 18.7759
1.75703, -51.4424, 127.002, 18.7899
1.75803, -51.4529, 126.975, 18.804
1.75903, -51.4634, 126.948, 18.818
1.76003, -51.4739, 126.921, 18.8321
1.76103, -51.4844, 126.894, 18.846
1.76203, -51.4949, 126.867, 18.86
1.76303, -51.5054, 126.84, 18.8741
1.76403, -51.5158, 126.813, 18.888
1.76503, -51.5263, 126.786, 18.902
1.76603, -51.5367, 126.759, 18.916
1.76703, -51.5472, 126.732, 18.93
1.76803, -51.5576, 126.705, 18.944
1.76903, -51.5681, 126.678, 18.9579
1.77003, -51.5785, 126.651, 18.9719
1.77103, -51.5889, 126.625, 18.9858
1.77203, -51.5993, 126.598, 18.9998
1.77303, -51.6097, 126.571, 19.0137
1.77403, -51.6202, 126.544, 19.0276
1.77503, -51.6306, 126.517, 19.0416
1.77603, -51.6409, 126.49, 19.0555
1.77703, -51.6513, 126.464, 19.0694
1.77803, -51.6617, 126.437, 19.0833
1.77903, -51.6721, 126.41, 19.0972
1.78003, -51.6824, 126.383, 19.1111
1.78103, -51.6928, 126.356, 19.125
1.78203, -51.7031, 126.33, 19.1389
1.78303, -51.7134, 126.303, 19.1527
1.78403, -51.7238, 126.276, 19.1666
1.78503, -51.7341, 126.25, 19.1805
1.78603, -51.7444, 126.223, 19.1944
1.78703, -51.7547, 126.196, 19.2082
1.78803, -51.765, 126.17, 19.222
1.78903, -51.7754, 126.143, 19.2359
1.79003, -51.7856, 126.116, 19.2497
1.79103, -51.7959, 126.09, 19.2635
1.79203, -51.8062, 126.063, 19.2773
1.79303, -51.8164, 126.036, 19.2911
1.79403, -51.8267, 126.01, 19.305
1.79503, -51.8369, 125.983, 19.3187
1.79603, -51.8472, 125.957, 19.3326
1.79703, -51.8574, 125.93, 19.3463
1.79803, -51.8677, 125.903, 19.3601
1.79903, -51.8779, 125.877, 19.3739
1.80003, -51.8882, 125.85, 19.3877
1.80103, -51.8984, 125.824, 19.4015
1.80203, -51.9085, 125.797, 19.4152
1.80303, -51.9188, 125.771, 19.429
1.80403, -51.929, 125.744, 19.4428
1.80503, -51.9391, 125.718, 19.4565
1.80603, -51.9493, 125.692, 19.4702
1.80703, -51.9595, 125.665, 19.4839
1.80803, -51.9697, 125.639, 19.4977
1.80903, -51.9798, 125.612, 19.5114
1.81003, -51.9899, 125.586, 19.5251
1.81103, -52.0001, 125.559, 19.5388
1.81203, -52.0102, 125.533, 19.5525
1.81303, -52.0204, 125.507, 19.5662
1.81403, -52.0305, 125.48, 19.5798
1.81503, -52.0406, 125.454, 19.5935
1.81603, -52.0507, 125.428, 19.6072
1.81703, -52.0608, 125.402, 19.6208
1.81803, -52.0709, 125.375, 19.6345
1.81903, -52.081, 125.349, 19.6482
1.82003, -52.0911, 125.323, 19.6618
1.82103, -52.1011, 125.296, 19.6755
1.82203, -52.1112, 125.27, 19.6891
1.82303, -52.1212, 125.244, 19.7027
1.82403, -52.1313, 125.218, 19.7163
1.82503, -52.1414, 125.192, 19.73
1.82603, -52.1514, 125.165, 19.7436
1.82703, -52.1614, 125.139, 19.7572
1.82803, -52.1714, 125.113, 19.7708
1.82903, -52.1815, 125.087, 19.7844
1.83003, -52.1915, 125.061, 19.7979
1.83103, -52.2015, 125.035, 19.8115
1.83203, -52.2114, 125.009, 19.8251
1.83303, -52.2215, 124.982, 19.8387
1.83403, -52.2314, 124.956, 19.8522
1.83503, -52.2414, 124.93, 19.8658
1.83603, -52.2514, 124.904, 19.8793
1.83703, -52.2613, 124.878, 19.8928
1.83803, -52.2713, 124.852, 19.9064
1.83903, -52.2812, 124.826, 19.9199
1.84003, -52.2912, 124.8, 19.9335
1.84103, -52.3011, 124.774, 19.9469
1.84203, -52.311, 124.748, 19.9604
1.84303, -52.3209, 124.722, 19.974
1.84403, -52.3308, 124.696, 19.9874
1.84503, -52.3407, 124.67, 20.0009
1.84603, -52.3506, 124.644, 20.0144
1.84703, -52.3605, 124.618, 20.0279
1.84803, -52.3704, 124.592, 20.0413
1.84903, -52.3803, 124.566, 20.0548
1.85003, -52.3901, 124.541, 20.0683
1.85103, -52.4, 124.515, 20.0817
1.85203, -52.4098, 124.489, 20.0951
1.85303, -52.4196, 124.463, 20.1085
1.85403, -52.4295, 124.437, 20.122
1.85503, -52.4393, 124.411, 20.1355
1.85603, -52.4491, 124.386, 20.1488
1.85703, -52.4589, 124.36, 20.1623
1.85803, -52.4687, 124.334, 20.1757
1.85903, -52.4786, 124.308, 20.1891
1.86003, -52.4884, 124.282, 20.2025
1.86103, -52.4981, 124.257, 20.2158
1.86203, -52.5079, 124.231, 20.2292
1.86303, -52.5177, 124.205, 20.2426
1.86403, -52.5274, 124.179, 20.256
1.86503, -52.5372, 124.154, 20.2694
1.86603, -52.5469, 124.128, 20.2827
1.86703, -52.5567, 124.102, 20.296
1.86803, -52.5664, 124.077, 20.3094
1.86903, -52.5762, 124.051, 20.3227
1.87003, -52.5859, 124.025, 20.336
1.87103, -52.5956, 124, 20.3494
1.87203, -52.6053, 123.974, 20.3627
1.87303, -52.615, 123.949, 20.376
1.87403, -52.6247, 123.923, 20.3893
1.87503, -52.6343, 123.897, 20.4026
1.87603, -52.644, 123.872, 20.4159
1.87703, -52.6537, 123.846, 20.4291
1.87803, -52.6633, 123.821, 20.4424
1.87903, -52.673, 123.795, 20.4557
1.88003, -52.6826, 123.77, 20.4689
1.88103, -52.6923, 123.744, 20.4822
1.88203, -52.7019, 123.719, 20.4955
1.88303, -52.7115, 123.693, 20.5087
1.88403, -52.7212, 123.668, 20.522
1.88503, -52.7308, 123.642, 20.5352
1.88603, -52.7403, 123.617, 20.5484
1.88703, -52.7499, 123.591, 20.5616
1.88803, -52.7595, 123.566, 20.5748
1.88903, -52.7691, 123.541, 20.588
1.89003, -52.7787, 123.515, 20.6012
1.89103, -52.7882, 123.49, 20.6144
1.89203, -52.7978, 123.465, 20.6276
1.89303, -52.8074, 123.439, 20.6408
1.89403, -52.8169, 123.414, 20.6539
1.89503, -52.8264, 123.388, 20.6671
1.89603, -52.836, 123.363, 20.6803
1.89703, -52.8455, 123.338, 20.6934
1.89803, -52.855, 123.313, 20.7066
1.89903, -52.8645, 123.287, 20.7197
1.90003, -52.874, 123.262, 20.7328
1.90103, -52.8835, 123.237, 20.7459
1.90203, -52.893, 123.212, 20.7591
1.90303, -52.9025, 123.186, 20.7722
1.90403, -52.9119, 123.161, 20.7853
1.90503, -52.9214, 123.136, 20.7984
1.90603, -52.9308, 123.111, 20.8115
1.90703, -52.9403, 123.086, 20.8246
1.90803, -52.9497, 123.06, 20.8377
1.90903, -52.9591, 123.035, 20.8508
1.91003, -52.9686, 123.01, 20.8638
1.91103, -52.978, 122.985, 20.8769
1.91203, -52.9874, 122.96, 20.89
1.91303, -52.9968, 122.935, 20.903
1.91403, -53.0062, 122.91, 20.916
1.91503, -53.0156, 122.885, 20.9291
1.91603, -53.025, 122.86, 20.9421
1.91703, -53.0343, 122.835, 20.9551
1.91803, -53.0437, 122.81, 20.9681
1.91903, -53.053, 122.784, 20.9811
1.92003, -53.0624, 122.759, 20.9941
1.92103, -53.0717, 122.734, 21.0071
1.92203, -53.0811, 122.709, 21.0201
1.92303, -53.0904, 122.684, 21.0331
1.92403, -53.0997, 122.66, 21.046
1.92503, -53.109, 122.634, 21.059
1.92603, -53.1184, 122.609, 21.072
1.92703, -53.1276, 122.585, 21.0849
1.92803, -53.1369, 122.56, 21.0979
1.92903, -53.1462, 122.535, 21.1108
1.93003, -53.1555, 122.51, 21.1238
1.93103, -53.1647, 122.485, 21.1367
1.93203, -53.174, 122.46, 21.1496
1.93303, -53.1833, 122.435, 21.1625
1.93403, -53.1925, 122.41, 21.1755
1.93503, -53.2017, 122.386, 21.1883
1.93603, -53.2109, 122.361, 21.2012
1.93703, -53.2202, 122.336, 21.2141
1.93803, -53.2294, 122.311, 21.227
1.93903, -53.2386, 122.286, 21.2398
1.94003, -53.2478, 122.262, 21.2527
1.94103, -53.257, 122.237, 21.2656
1.94203, -53.2662, 122.212, 21.2784
1.94303, -53.2753, 122.188, 21.2913
1.94403, -53.2846, 122.163, 21.3042
1.94503, -53.2937, 122.138, 21.317
1.94603, -53.3029, 122.113, 21.3298
1.94703, -53.312, 122.089, 21.3426
1.94804, -53.3211, 122.064, 21.3554
1.94904, -53.3303, 122.039, 21.3682
1.95004, -53.3394, 122.015, 21.381
1.95104, -53.3485, 121.99, 21.3938
1.95204, -53.3576, 121.965, 21.4066
1.95304, -53.3667, 121.941, 21.4194
1.95404, -53.3758, 121.916, 21.4321
1.95504, -53.3849, 121.892, 21.4449
1.95604, -53.394, 121.867, 21.4577
1.95704, -53.403, 121.842, 21.4704
1.95804, -53.4121, 121.818, 21.4832
1.95904, -53.4212, 121.793, 21.4959
1.96004, -53.4302, 121.769, 21.5086
1.96104, -53.4393, 121.744, 21.5214
1.96204, -53.4483, 121.72, 21.5341
1.96304, -53.4573, 121.695, 21.5468
1.96404, -53.4664, 121.671, 21.5595
1.96504, -53.4753, 121.646, 21.5722
1.96604, -53.4844, 121.622, 21.5849
1.96704, -53.4933, 121.598, 21.5975
1.96804, -53.5023, 121.573, 21.6102
1.96904, -53.5113, 121.549, 21.6229
1.97004, -53.5203, 121.524, 21.6356
1.97104, -53.5293, 121.5, 21.6482
1.97204, -53.5382, 121.476, 21.6609
1.97304, -53.5472, 121.451, 21.6735
1.97404, -53.5561, 121.427, 21.6861
1.97504, -53.565, 121.403, 21.6988
1.97604, -53.574, 121.378, 21.7114
1.97704, -53.5829, 121.354, 21.724
1.97804, -53.5918, 121.33, 21.7366
1.97904, -53.6007, 121.305, 21.7492
1.98004, -53.6096, 121.281, 21.7618
1.98104, -53.6185, 121.257, 21.7744
1.98204, -53.6274, 121.233, 21.787
1.98304, -53.6363, 121.208, 21.7996
1.98404, -53.6451, 121.184, 21.8121
1.98504, -53.654, 121.16, 21.8247
1.98604, -53.6628, 121.136, 21.8372
1.98704, -53.6717, 121.112, 21.8498
1.98804, -53.6805, 121.087, 21.8623
1.98904, -53.6894, 121.063, 21.8749
1.99004, -53.6981, 121.039, 21.8874
1.99104, -53.707, 121.015, 21.8999
1.99204, -53.7158, 120.991, 21.9124
1.99304, -53.7246, 120.967, 21.9249
1.99404, -53.7333, 120.943, 21.9374
1.99504, -53.7422, 120.918, 21.9499
1.99604, -53.7509, 120.894, 21.9624
1.99704, -53.7597, 120.87, 21.9748
1.99804, -53.7684, 120.846, 21.9873
1.99904, -53.7772, 120.822, 21.9998
2.00004, -53.7859, 120.798, 22.0122
2.00104, -53.7947, 120.774, 22.0247
2.00204, -53.8034, 120.75, 22.0371
2.00304, -53.8121, 120.726, 22.0495
2.00404, -53.8209, 120.702, 22.062
2.00504, -53.8295, 120.678, 22.0744
2.00604, -53.8383, 120.654, 22.0868
2.00704, -53.8469, 120.63, 22.0992
2.00804, -53.8556, 120.606, 22.1116
2.00904, -53.8643, 120.583, 22.124
2.01004, -53.873, 120.559, 22.1364
2.01104, -53.8816, 120.535, 22.1487
2.01204, -53.8903, 120.511, 22.1611
2.01304, -53.8989, 120.487, 22.1735
2.01404, -53.9076, 120.463, 22.1859
2.01504, -53.9162, 120.439, 22.1982
2.01604, -53.9248, 120.415, 22.2106
2.01704, -53.9334, 120.392, 22.2229
2.01804, -53.942, 120.368, 22.2352
2.01904, -53.9506, 120.344, 22.2475
2.02004, -53.9592, 120.32, 22.2598
2.02104, -53.9678, 120.296, 22.2721
2.02204, -53.9764, 120.273, 22.2844
2.02304, -53.9849, 120.249, 22.2967
2.02404, -53.9935, 120.225, 22.309
2.02504, -54.0021, 120.201, 22.3213
2.02604, -54.0106, 120.178, 22.3335
2.02704, -54.0191, 120.154, 22.3458
2.02804, -54.0277, 120.13, 22.3581
2.02904, -54.0362, 120.107, 22.3704
2.03004, -54.0447, 120.083, 22.3826
2.03104, -54.0532, 120.06, 22.3948
2.03204, -54.0617, 120.036, 22.4071
2.03304, -54.0702, 120.012, 22.4193
2.03403, -54.0787, 119.989, 22.4315
2.03503, -54.0871, 119.965, 22.4437
2.03603, -54.0956, 119.941, 22.4559
2.03703, -54.1041, 119.918, 22.4681
2.03803, -54.1125, 119.894, 22.4802
2.03903, -54.121, 119.871, 22.4925
2.04003, -54.1294, 119.847, 22.5046
2.04103, -54.1379, 119.824, 22.5168
2.04203, -54.1463, 119.8, 22.5289
2.04303, -54.1547, 119.777, 22.5411
2.04403, -54.1631, 119.753, 22.5532
2.04503, -54.1715, 119.73, 22.5654
2.04603, -54.1799, 119.706, 22.5775
2.04703, -54.1883, 119.683, 22.5896
2.04803, -54.1966, 119.66, 22.6017
2.04903, -54.205, 119.636, 22.6138
2.05003, -54.2134, 119.613, 22.626
2.05103, -54.2217, 119.589, 22.638
2.05203, -54.23, 119.566, 22.6501
2.05303, -54.2384, 119.542, 22.6622
2.05403, -54.2467, 119.519, 22.6743
2.05503, -54.2551, 119.496, 22.6863
2.05603, -54.2634, 119.472, 22.6984
2.05703, -54.2716, 119.449, 22.7104
2.05803, -54.2799, 119.426, 22.7224
2.05903, -54.2883, 119.403, 22.7345
2.06003, -54.2965, 119.379, 22.7465
2.06103, -54.3048, 119.356, 22.7585
2.06203, -54.3131, 119.333, 22.7705
2.06303, -54.3214, 119.31, 22.7826
2.06403, -54.3296, 119.286, 22.7946
2.06503, -54.3378, 119.263, 22.8065
2.06603, -54.3461, 119.24, 22.8185
2.06703, -54.3543, 119.217, 22.8305
2.06803, -54.3625, 119.193, 22.8425
2.06903, -54.3707, 119.17, 22.8544
2.07003, -54.3789, 119.147, 22.8664
2.07103, -54.3871, 119.124, 22.8784
2.07203, -54.3953, 119.101, 22.8903
2.07303, -54.4035, 119.078, 22.9022
2.07403, -54.4117, 119.055, 22.9141
2.07503, -54.4199, 119.031, 22.9261
2.07603, -54.428, 119.008, 22.938
2.07703, -54.4362, 118.985, 22.9499
2.07803, -54.4443, 118.962, 22.9618
2.07903, -54.4524, 118.939, 22.9736
2.08003, -54.4606, 118.916, 22.9855
2.08103, -54.4687, 118.893, 22.9974
2.08203, -54.4768, 118.87, 23.0093
2.08303, -54.4849, 118.847, 23.0211
2.08403, -54.493, 118.824, 23.033
2.08503, -54.5011, 118.801, 23.0448
2.08603, -54.5092, 118.778, 23.0566
2.08703, -54.5172, 118.755, 23.0685
2.08803, -54.5253, 118.732, 23.0803
2.08903, -54.5333, 118.71, 23.0921
2.09003, -54.5414, 118.687, 23.1039
2.09103, -54.5495, 118.664, 23.1157
2.09203, -54.5575, 118.641, 23.1275
2.09303, -54.5655, 118.618, 23.1393
2.09403, -54.5735, 118.595, 23.1511
2.09503, -54.5815, 118.572, 23.1628
2.09603, -54.5895, 118.549, 23.1746
2.09703, -54.5975, 118.526, 23.1863
2.09803, -54.6055, 118.504, 23.1981
2.09903, -54.6135, 118.481, 23.2098
2.10003, -54.6214, 118.458, 23.2215
2.10103, -54.6294, 118.435, 23.2333
2.10203, -54.6374, 118.413, 23.245
2.10303, -54.6453, 118.39, 23.2567
2.10403, -54.6533, 118.367, 23.2684
2.10503, -54.6612, 118.344, 23.2801
2.10603, -54.6691, 118.322, 23.2918
2.10703, -54.677, 118.299, 23.3034
2.10803, -54.685, 118.276, 23.3151
2.10903, -54.6929, 118.254, 23.3268
2.11003, -54.7008, 118.231, 23.3385
2.11103, -54.7086, 118.208, 23.3501
2.11203, -54.7165, 118.186, 23.3618
2.11303, -54.7244, 118.163, 23.3734
2.11403, -54.7322, 118.14, 23.385
2.11503, -54.7401, 118.118, 23.3966
2.11603, -54.7479, 118.095, 23.4082
2.11703, -54.7558, 118.073, 23.4198
2.11803, -54.7636, 118.05, 23.4314
2.11903, -54.7715, 118.027, 23.443
2.12003, -54.7793, 118.005, 23.4546
2.12103, -54.7871, 117.982, 23.4662
2.12203, -54.7949, 117.96, 23.4777
2.12303, -54.8027, 117.937, 23.4893
2.12403, -54.8105, 117.915, 23.5009
2.12503, -54.8182, 117.892, 23.5124
2.12603, -54.826, 117.87, 23.5239
2.12703, -54.8338, 117.847, 23.5355
2.12803, -54.8415, 117.825, 23.547
2.12903, -54.8492, 117.803, 23.5585
2.13003, -54.857, 117.78, 23.57
2.13103, -54.8647, 117.758, 23.5815
2.13203, -54.8725, 117.735, 23.593
2.13303, -54.8802, 117.713, 23.6045
2.13403, -54.8879, 117.691, 23.616
2.13503, -54.8956, 117.668, 23.6274
2.13603, -54.9033, 117.646, 23.6389
2.13703, -54.9109, 117.624, 23.6503
2.13803, -54.9186, 117.601, 23.6618
2.13903, -54.9263, 117.579, 23.6732
2.14003, -54.934, 117.557, 23.6847
2.14103, -54.9416, 117.535, 23.6961
2.14203, -54.9493, 117.512, 23.7075
2.14303, -54.9569, 117.49, 23.7189
2.14403, -54.9645, 117.468, 23.7303
2.14503, -54.9721, 117.445, 23.7417
2.14603, -54.9798, 117.423, 23.7531
2.14703, -54.9873, 117.401, 23.7644
2.14803, -54.995, 117.379, 23.7758
2.14903, -55.0026, 117.357, 23.7872
2.15003, -55.0101, 117.334, 23.7985
2.15103, -55.0177, 117.312, 23.8098
2.15203, -55.0252, 117.29, 23.8212
2.15303, -55.0328, 117.268, 23.8326
2.15403, -55.0404, 117.246, 23.8439
2.15503, -55.0479, 117.224, 23.8551
2.15603, -55.0554, 117.202, 23.8665
2.15703, -55.063, 117.18, 23.8778
2.15803, -55.0705, 117.158, 23.889
2.15903, -55.078, 117.135, 23.9004
2.16003, -55.0855, 117.113, 23.9116
2.16103, -55.093, 117.091, 23.9229
2.16203, -55.1005, 117.069, 23.9341
2.16303, -55.108, 117.047, 23.9454
2.16403, -55.1154, 117.025, 23.9566
2.16503, -55.1229, 117.003, 23.9679
2.16603, -55.1304, 116.981, 23.9791
2.16703, -55.1378, 116.96, 23.9903
2.16803, -55.1453, 116.938, 24.0016
2.16903, -55.1527, 116.916, 24.0128
2.17003, -55.1601, 116.894, 24.024
2.17103, -55.1675, 116.872, 24.0351
2.17202, -55.1749, 116.85, 24.0463
2.17302, -55.1824, 116.828, 24.0575
2.17402, -55.1898, 116.806, 24.0687
2.17502, -55.1971, 116.784, 24.0798
2.17602, -55.2045, 116.762, 24.091
2.17702, -55.2119, 116.741, 24.1021
2.17802, -55.2193, 116.719, 24.1133
2.17902, -55.2266, 116.697, 24.1244
2.18002, -55.2339, 116.675, 24.1355
2.18102, -55.2413, 116.653, 24.1466
2.18202, -55.2486, 116.632, 24.1577
2.18302, -55.2559, 116.61, 24.1688
2.18402, -55.2633, 116.588, 24.1799
2.18502, -55.2706, 116.566, 24.191
2.18602, -55.2779, 116.545, 24.2021
2.18702, -55.2851, 116.523, 24.2131
2.18802, -55.2924, 116.501, 24.2242
2.18902, -55.2997, 116.48, 24.2352
2.19002, -55.307, 116.458, 24.2462
2.19102, -55.3142, 116.436, 24.2573
2.19202, -55.3215, 116.415, 24.2683
2.19302, -55.3287, 116.393, 24.2793
2.19402, -55.336, 116.371, 24.2904
2.19502, -55.3432, 116.35, 24.3013
2.19602, -55.3504, 116.328, 24.3123
2.19702, -55.3576, 116.307, 24.3233
2.19802, -55.3648, 116.285, 24.3343
2.19902, -55.372, 116.263, 24.3453
2.20002, -55.3792, 116.242, 24.3563
2.20102, -55.3864, 116.22, 24.3672
2.20202, -55.3936, 116.199, 24.3781
2.20302, -55.4007, 116.177, 24.389
2.20402, -55.4079, 116.156, 24.4
2.20502, -55.4151, 116.134, 24.4109
2.20602, -55.4222, 116.113, 24.4218
2.20702, -55.4294, 116.091, 24.4328
2.20802, -55.4365, 116.07, 24.4437
2.20902, -55.4436, 116.048, 24.4545
2.21002, -55.4507, 116.027, 24.4654
2.21102, -55.4578, 116.006, 24.4763
2.21202, -55.4649, 115.984, 24.4872
2.21302, -55.472, 115.963, 24.498
2.21402, -55.4791, 115.942, 24.5089
2.21502, -55.4862, 115.92, 24.5197
2.21602, -55.4932, 115.899, 24.5306
2.21702, -55.5003, 115.877, 24.5413
2.21802, -55.5073, 115.856, 24.5522
2.21902, -55.5144, 115.835, 24.563
2.22002, -55.5214, 115.813, 24.5738
2.22102, -55.5284, 115.792, 24.5846
2.22202, -55.5354, 115.771, 24.5954
2.22302, -55.5424, 115.75, 24.6061
2.22402, -55.5494, 115.728, 24.6169
2.22502, -55.5564, 115.707, 24.6277
2.22602, -55.5634, 115.686, 24.6384
2.22702, -55.5704, 115.665, 24.6492
2.22802, -55.5774, 115.644, 24.6599
2.22902, -55.5844, 115.622, 24.6707
2.23002, -55.5913, 115.601, 24.6814
2.23102, -55.5983, 115.58, 24.6921
2.23202, -55.6052, 115.559, 24.7028
2.23302, -55.6121, 115.538, 24.7134
2.23402, -55.619, 115.517, 24.7241
2.23502, -55.626, 115.496, 24.7349
2.23602, -55.6329, 115.474, 24.7455
2.23702, -55.6397, 115.453, 24.7562
2.23802, -55.6467, 115.432, 24.7669
2.23902, -55.6536, 115.411, 24.7775
2.24002, -55.6604, 115.39, 24.7881
2.24102, -55.6673, 115.369, 24.7987
2.24202, -55.6741, 115.348, 24.8094
2.24302, -55.681, 115.327, 24.82
2.24402, -55.6878, 115.306, 24.8306
2.24502, -55.6947, 115.285, 24.8412
2.24602, -55.7015, 115.264, 24.8518
2.24702, -55.7083, 115.243, 24.8623
2.24802, -55.7151, 115.222, 24.8729
2.24902, -55.7219, 115.201, 24.8835
2.25002, -55.7288, 115.18, 24.8941
2.25102, -55.7355, 115.159, 24.9046
2.25202, -55.7423, 115.139, 24.9152
2.25302, -55.7491, 115.118, 24.9257
2.25402, -55.7559, 115.097, 24.9362
2.25502, -55.7626, 115.076, 24.9467
2.25602, -55.7694, 115.055, 24.9572
2.25702, -55.7761, 115.034, 24.9678
2.25802, -55.7828, 115.013, 24.9782
2.25902, -55.7896, 114.993, 24.9887
2.26002, -55.7963, 114.972, 24.9992
2.26102, -55.803, 114.951, 25.0097
2.26202, -55.8097, 114.93, 25.0201
2.26302, -55.8164, 114.91, 25.0306
2.26402, -55.8231, 114.889, 25.041
2.26502, -55.8298, 114.868, 25.0515
2.26602, -55.8364, 114.847, 25.0619
2.26702, -55.8431, 114.827, 25.0723
2.26802, -55.8498, 114.806, 25.0827
2.26902, -55.8564, 114.785, 25.0931
2.27002, -55.863, 114.765, 25.1035
2.27102, -55.8697, 114.744, 25.1138
2.27202, -55.8763, 114.723, 25.1242
2.27302, -55.8829, 114.703, 25.1346
2.27402, -55.8896, 114.682, 25.145
2.27502, -55.8961, 114.661, 25.1553
2.27602, -55.9027, 114.641, 25.1656
2.27702, -55.9093, 114.62, 25.176
2.27802, -55.9159, 114.6, 25.1863
2.27902, -55.9225, 114.579, 25.1967
2.28002, -55.9291, 114.558, 25.207
2.28102, -55.9356, 114.538, 25.2172
2.28202, -55.9422, 114.517, 25.2276
2.28302, -55.9487, 114.497, 25.2378
2.28402, -55.9552, 114.476, 25.2481
2.28502, -55.9617, 114.456, 25.2584
2.28602, -55.9683, 114.435, 25.2687
2.28702, -55.9748, 114.415, 25.2789
2.28802, -55.9812, 114.395, 25.2891
2.28902, -55.9877, 114.374, 25.2994
2.29002, -55.9943, 114.354, 25.3096
2.29102, -56.0007, 114.333, 25.3198
2.29202, -56.0072, 114.313, 25.33
2.29302, -56.0136, 114.293, 25.3402
2.29402, -56.0201, 114.272, 25.3504
2.29502, -56.0265, 114.252, 25.3606
2.29602, -56.033, 114.231, 25.3708
2.29702, -56.0394, 114.211, 25.381
2.29802, -56.0458, 114.191, 25.3911
2.29902, -56.0522, 114.17, 25.4012
2.30002, -56.0587, 114.15, 25.4114
2.30102, -56.0651, 114.13, 25.4215
2.30202, -56.0714, 114.11, 25.4317
2.30302, -56.0778, 114.089, 25.4417
2.30402, -56.0842, 114.069, 25.4519
2.30502, -56.0906, 114.049, 25.462
2.30602, -56.0969, 114.029, 25.4721
2.30702, -56.1032, 114.008, 25.4821
2.30802, -56.1096, 113.988, 25.4922
2.30902, -56.1159, 113.968, 25.5023
2.31001, -56.1223, 113.948, 25.5123
2.31101, -56.1286, 113.928, 25.5224
2.31201, -56.1349, 113.908, 25.5324
2.31301, -56.1412, 113.887, 25.5425
2.31401, -56.1475, 113.867, 25.5525
2.31501, -56.1538, 113.847, 25.5625
2.31601, -56.16, 113.827, 25.5725
2.31701, -56.1663, 113.807, 25.5825
2.31801, -56.1726, 113.787, 25.5925
2.31901, -56.1789, 113.767, 25.6025
2.32001, -56.1851, 113.747, 25.6124
2.32101, -56.1914, 113.727, 25.6224
2.32201, -56.1976, 113.707, 25.6324
2.32301, -56.2038, 113.687, 25.6423
2.32401, -56.21, 113.667, 25.6523
2.32501, -56.2162, 113.647, 25.6622
2.32601, -56.2224, 113.627, 25.6721
2.32701, -56.2286, 113.607, 25.682
2.32801, -56.2348, 113.587, 25.6919
2.32901, -56.241, 113.567, 25.7018
2.33001, -56.2472, 113.547, 25.7117
2.33101, -56.2533, 113.527, 25.7216
2.33201, -56.2595, 113.507, 25.7315
2.33301, -56.2656, 113.487, 25.7413
2.33401, -56.2718, 113.468, 25.7511
2.33501, -56.2779, 113.448, 25.761
2.33601, -56.284, 113.428, 25.7708
2.33701, -56.2901, 113.408, 25.7807
2.33801, -56.2962, 113.388, 25.7905
2.33901, -56.3023, 113.368, 25.8003
2.34001, -56.3084, 113.349, 25.81
2.34101, -56.3145, 113.329, 25.8199
2.34201, -56.3206, 113.309, 25.8297
2.34301, -56.3267, 113.289, 25.8394
2.34401, -56.3327, 113.27, 25.8492
2.34501, -56.3388, 113.25, 25.8589
2.34601, -56.3448, 113.23, 25.8687
2.34701, -56.3509, 113.21, 25.8784
2.34801, -56.3569, 113.191, 25.8881
2.34901, -56.3629, 113.171, 25.8979
2.35001, -56.3689, 113.151, 25.9076
2.35101, -56.3749, 113.132, 25.9173
2.35201, -56.3809, 113.112, 25.927
2.35301, -56.3869, 113.092, 25.9367
2.35401, -56.3929, 113.073, 25.9463
2.35501, -56.3989, 113.053, 25.956
2.35601, -56.4048, 113.034, 25.9657
2.35701, -56.4108, 113.014, 25.9753
2.35801, -56.4167, 112.994, 25.985
2.35901, -56.4227, 112.975, 25.9946
2.36001, -56.4286, 112.955, 26.0042
2.36101, -56.4346, 112.936, 26.0139
2.36201, -56.4405, 112.916, 26.0235
2.36301, -56.4464, 112.897, 26.0331
2.36401, -56.4523, 112.877, 26.0426
2.36501, -56.4582, 112.858, 26.0523
2.36601, -56.4641, 112.838, 26.0618
2.36701, -56.47, 112.819, 26.0714
2.36801, -56.4758, 112.799, 26.081
2.36901, -56.4817, 112.78, 26.0905
2.37001, -56.4876, 112.761, 26.1
2.37101, -56.4934, 112.741, 26.1096
2.37201, -56.4992, 112.722, 26.1191
2.37301, -56.5051, 112.703, 26.1286
2.37401, -56.5109, 112.683, 26.1381
2.37501, -56.5167, 112.664, 26.1476
2.37601, -56.5225, 112.644, 26.1571
2.37701, -56.5283, 112.625, 26.1665
2.37801, -56.5341, 112.606, 26.176
2.37901, -56.5399, 112.587, 26.1855
2.38001, -56.5457, 112.567, 26.1949
2.38101, -56.5515, 112.548, 26.2044
2.38201, -56.5572, 112.529, 26.2138
2.38301, -56.563, 112.509, 26.2232
2.38401, -56.5687, 112.49, 26.2326
2.38501, -56.5745, 112.471, 26.242
2.38601, -56.5802, 112.452, 26.2514
2.38701, -56.5859, 112.433, 26.2608
2.38801, -56.5916, 112.413, 26.2702
2.38901, -56.5973, 112.394, 26.2796
2.39001, -56.6031, 112.375, 26.289
2.39101, -56.6087, 112.356, 26.2983
2.39201, -56.6144, 112.337, 26.3077
2.39301, -56.6201, 112.318, 26.317
2.39401, -56.6258, 112.299, 26.3263
2.39501, -56.6314, 112.279, 26.3356
2.39601, -56.6371, 112.26, 26.3449
2.39701, -56.6427, 112.241, 26.3542
2.39801, -56.6483, 112.222, 26.3635
2.39901, -56.654, 112.203, 26.3728
2.40001, -56.6596, 112.184, 26.3821
2.40101, -56.6652, 112.165, 26.3913
2.40201, -56.6709, 112.146, 26.4006
2.40301, -56.6764, 112.127, 26.4098
2.40401, -56.682, 112.108, 26.4191
2.40501, -56.6876, 112.089, 26.4283
2.40601, -56.6932, 112.07, 26.4375
2.40701, -56.6988, 112.051, 26.4467
2.40801, -56.7043, 112.032, 26.4559
2.40901, -56.7099, 112.013, 26.4652
2.41001, -56.7154, 111.995, 26.4743
2.41101, -56.721, 111.976, 26.4835
2.41201, -56.7265, 111.957, 26.4926
2.41301, -56.732, 111.938, 26.5018
2.41401, -56.7375, 111.919, 26.511
2.41501, -56.743, 111.9, 26.5201
2.41601, -56.7485, 111.881, 26.5292
2.41701, -56.754, 111.863, 26.5384
2.41801, -56.7595, 111.844, 26.5474
2.41901, -56.765, 111.825, 26.5566
2.42001, -56.7704, 111.806, 26.5656
2.42101, -56.7759, 111.787, 26.5748
2.42201, -56.7813, 111.769, 26.5838
2.42301, -56.7868, 111.75, 26.5929
2.42401, -56.7922, 111.731, 26.6019
2.42501, -56.7976, 111.712, 26.611
2.42601, -56.8031, 111.694, 26.62
2.42701, -56.8085, 111.675, 26.6291
2.42801, -56.8139, 111.656, 26.6381
2.42901, -56.8193, 111.638, 26.6471
2.43001, -56.8247, 111.619, 26.6561
2.43101, -56.8301, 111.6, 26.6651
2.43201, -56.8354, 111.582, 26.6741
2.43301, -56.8408, 111.563, 26.683
2.43401, -56.8462, 111.545, 26.692
2.43501, -56.8515, 111.526, 26.7009
2.43601, -56.8568, 111.507, 26.7099
2.43701, -56.8622, 111.489, 26.7189
2.43801, -56.8675, 111.47, 26.7278
2.43901, -56.8728, 111.452, 26.7367
2.44001, -56.8781, 111.433, 26.7456
2.44101, -56.8834, 111.415, 26.7545
2.44201, -56.8887, 111.396, 26.7634
2.44301, -56.894, 111.378, 26.7723
2.44401, -56.8993, 111.359, 26.7812
2.44501, -56.9046, 111.341, 26.79
2.44601, -56.9098, 111.322, 26.7989
2.44701, -56.9151, 111.304, 26.8078
2.448, -56.9203, 111.286, 26.8166
2.449, -56.9256, 111.267, 26.8254
2.45, -56.9308, 111.249, 26.8343
2.451, -56.936, 111.23, 26.843
2.452, -56.9413, 111.212, 26.8519
2.453, -56.9465, 111.194, 26.8607
2.454, -56.9517, 111.175, 26.8694
2.455, -56.9569, 111.157, 26.8782
2.456, -56.962, 111.139, 26.887
2.457, -56.9672, 111.12, 26.8958
2.458, -56.9724, 111.102, 26.9045
2.459, -56.9776, 111.084, 26.9133
2.46, -56.9827, 111.065, 26.922
2.461, -56.9878, 111.047, 26.9306
2.462, -56.993, 111.029, 26.9394
2.463, -56.9981, 111.011, 26.9481
2.464, -57.0032, 110.993, 26.9568
2.465, -57.0084, 110.974, 26.9655
2.466, -57.0135, 110.956, 26.9741
2.467, -57.0186, 110.938, 26.9828
2.468, -57.0237, 110.92, 26.9915
2.469, -57.0287, 110.902, 27.0001
2.47, -57.0338, 110.883, 27.0088
2.471, -57.0389, 110.865, 27.0174
2.472, -57.0439, 110.847, 27.026
2.473, -57.049, 110.829, 27.0346
2.474, -57.0541, 110.811, 27.0432
2.475, -57.0591, 110.793, 27.0518
2.476, -57.0641, 110.775, 27.0604
2.477, -57.0692, 110.757, 27.0689
2.478, -57.0742, 110.739, 27.0775
2.479, -57.0792, 110.721, 27.086
2.48, -57.0842, 110.703, 27.0946
2.481, -57.0892, 110.685, 27.1031
2.482, -57.0942, 110.667, 27.1117
2.483, -57.0991, 110.649, 27.1202
2.484, -57.1041, 110.631, 27.1287
2.485, -57.1091, 110.613, 27.1372
2.486, -57.114, 110.595, 27.1457
2.487, -57.1189, 110.577, 27.1541
2.488, -57.1239, 110.559, 27.1626
2.489, -57.1288, 110.541, 27.1711
2.49, -57.1337, 110.523, 27.1795
2.491, -57.1386, 110.505, 27.188
2.492, -57.1436, 110.488, 27.1964
2.493, -57.1485, 110.47, 27.2048
2.494, -57.1534, 110.452, 27.2132
2.495, -57.1582, 110.434, 27.2216
2.496, -57.1631, 110.416, 27.2301
2.497, -57.168, 110.398, 27.2384
2.498, -57.1728, 110.381, 27.2468
2.499, -57.1777, 110.363, 27.2552
2.5, -57.1825, 110.345, 27.2635
2.501, -57.1874, 110.327, 27.2718
2.502, -57.1922, 110.31, 27.2802
2.503, -57.197, 110.292, 27.2885
2.504, -57.2018, 110.274, 27.2969
2.505, -57.2066, 110.257, 27.3052
2.506, -57.2114, 110.239, 27.3135
2.507, -57.2162, 110.221, 27.3218
2.508, -57.221, 110.204, 27.33
2.509, -57.2258, 110.186, 27.3384
2.51, -57.2306, 110.168, 27.3466
2.511, -57.2353, 110.151, 27.3549
2.512, -57.2401, 110.133, 27.3631
2.513, -57.2448, 110.115, 27.3713
2.514, -57.2496, 110.098, 27.3796
2.515, -57.2543, 110.08, 27.3878
2.516, -57.259, 110.063, 27.396
2.517, -57.2637, 110.045, 27.4042
2.518, -57.2684, 110.028, 27.4123
2.519, -57.2731, 110.01, 27.4206
2.52, -57.2778, 109.993, 27.4287
2.521, -57.2825, 109.975, 27.4369
2.522, -57.2872, 109.958, 27.445
2.523, -57.2918, 109.94, 27.4532
2.524, -57.2965, 109.923, 27.4613
2.525, -57.3011, 109.905, 27.4694
2.526, -57.3058, 109.888, 27.4775
2.527, -57.3104, 109.871, 27.4857
2.528, -57.315, 109.853, 27.4937
2.529, -57.3197, 109.836, 27.5018
2.53, -57.3243, 109.818, 27.5099
2.531, -57.3289, 109.801, 27.518
2.532, -57.3335, 109.784, 27.526
2.533, -57.3381, 109.766, 27.5341
2.534, -57.3427, 109.749, 27.5421
2.535, -57.3472, 109.732, 27.5501
2.536, -57.3518, 109.714, 27.5581
2.537, -57.3564, 109.697, 27.5662
2.538, -57.3609, 109.68, 27.5741
2.539, -57.3655, 109.663, 27.5822
2.54, -57.37, 109.645, 27.5901
2.541, -57.3745, 109.628, 27.5981
2.542, -57.379, 109.611, 27.606
2.543, -57.3835, 109.594, 27.614
2.544, -57.388, 109.577, 27.6219
2.545, -57.3926, 109.559, 27.6299
2.546, -57.397, 109.542, 27.6378
2.547, -57.4015, 109.525, 27.6457
2.548, -57.406, 109.508, 27.6536
2.549, -57.4104, 109.491, 27.6615
2.55, -57.4149, 109.474, 27.6693
2.551, -57.4194, 109.457, 27.6773
2.552, -57.4238, 109.439, 27.6851
2.553, -57.4282, 109.422, 27.693
2.554, -57.4327, 109.405, 27.7008
2.555, -57.4371, 109.388, 27.7087
2.556, -57.4415, 109.371, 27.7165
2.557, -57.4459, 109.354, 27.7243
2.558, -57.4503, 109.337, 27.7321
2.559, -57.4547, 109.32, 27.7399
2.56, -57.459, 109.303, 27.7477
2.561, -57.4634, 109.286, 27.7555
2.562, -57.4678, 109.269, 27.7632
2.563, -57.4721, 109.252, 27.771
2.564, -57.4765, 109.235, 27.7788
2.565, -57.4809, 109.218, 27.7865
2.566, -57.4852, 109.202, 27.7943
2.567, -57.4895, 109.185, 27.8019
2.568, -57.4938, 109.168, 27.8097
2.569, -57.4981, 109.151, 27.8173
2.57, -57.5025, 109.134, 27.8251
2.571, -57.5068, 109.117, 27.8327
2.572, -57.511, 109.1, 27.8404
2.573, -57.5153, 109.084, 27.848
2.574, -57.5196, 109.067, 27.8557
2.575, -57.5239, 109.05, 27.8634
2.576, -57.5281, 109.033, 27.871
2.577, -57.5324, 109.016, 27.8786
2.578, -57.5366, 109, 27.8862
2.579, -57.5409, 108.983, 27.8939
2.58, -57.5451, 108.966, 27.9014
2.581, -57.5493, 108.949, 27.909
2.582, -57.5535, 108.933, 27.9166
2.583, -57.5577, 108.916, 27.9242
2.584, -57.5619, 108.899, 27.9317
2.585, -57.5661, 108.883, 27.9392
2.58599, -57.5703, 108.866, 27.9468
2.58699, -57.5744, 108.85, 27.9543
2.58799, -57.5786, 108.833, 27.9619
2.58899, -57.5828, 108.816, 27.9694
2.58999, -57.5869, 108.8, 27.9769
2.59099, -57.591, 108.783, 27.9843
2.59199, -57.5952, 108.766, 27.9918
2.59299, -57.5993, 108.75, 27.9993
2.59399, -57.6034, 108.733, 28.0067
2.59499, -57.6076, 108.717, 28.0142
2.59599, -57.6116, 108.7, 28.0216
2.59699, -57.6157, 108.684, 28.029
2.59799, -57.6199, 108.667, 28.0365
2.59899, -57.6239, 108.651, 28.0439
2.59999, -57.628, 108.634, 28.0513
2.60099, -57.632, 108.618, 28.0587
2.60199, -57.6361, 108.602, 28.066
2.60299, -57.6402, 108.585, 28.0734
2.60399, -57.6442, 108.569, 28.0808
2.60499, -57.6482, 108.552, 28.0881
2.60599, -57.6523, 108.536, 28.0955
2.60699, -57.6563, 108.52, 28.1028
2.60799, -57.6603, 108.503, 28.1101
2.60899, -57.6643, 108.487, 28.1174
2.60999, -57.6683, 108.47, 28.1247
2.61099, -57.6723, 108.454, 28.132
2.61199, -57.6763, 108.438, 28.1393
2.61299, -57.6803, 108.422, 28.1466
2.61399, -57.6842, 108.405, 28.1539
2.61499, -57.6882, 108.389, 28.1611
2.61599, -57.6921, 108.373, 28.1684
2.61699, -57.6961, 108.357, 28.1756
2.61799, -57.7, 108.34, 28.1828
2.61899, -57.7039, 108.324, 28.19
2.61999, -57.7079, 108.308, 28.1972
2.62099, -57.7117, 108.292, 28.2044
2.62199, -57.7157, 108.275, 28.2116
2.62299, -57.7196, 108.259, 28.2188
2.62399, -57.7235, 108.243, 28.2259
2.62499, -57.7273, 108.227, 28.2331
2.62599, -57.7312, 108.211, 28.2402
2.62699, -57.7351, 108.195, 28.2474
2.62799, -57.7389, 108.179, 28.2545
2.62899, -57.7428, 108.163, 28.2616
2.62999, -57.7466, 108.146, 28.2687
2.63099, -57.7504, 108.13, 28.2758
2.63199, -57.7543, 108.114, 28.2829
2.63299, -57.7581, 108.098, 28.2899
2.63399, -57.7619, 108.082, 28.2971
2.63499, -57.7657, 108.066, 28.3041
2.63599, -57.7695, 108.05, 28.3112
2.63699, -57.7733, 108.034, 28.3181
2.63799, -57.7771, 108.018, 28.3252
2.63899, -57.7808, 108.002, 28.3322
2.63999, -57.7846, 107.986, 28.3392
2.64099, -57.7884, 107.97, 28.3462
2.64199, -57.7922, 107.955, 28.3532
2.64299, -57.7959, 107.939, 28.3601
2.64399, -57.7996, 107.923, 28.3671
2.64499, -57.8033, 107.907, 28.3741
2.64599, -57.8071, 107.891, 28.3811
2.64699, -57.8108, 107.875, 28.388
2.64799, -57.8145, 107.859, 28.3949
2.64899, -57.8182, 107.843, 28.4018
2.64999, -57.8219, 107.828, 28.4088
2.65099, -57.8256, 107.812, 28.4156
2.65199, -57.8292, 107.796, 28.4225
2.65299, -57.8329, 107.78, 28.4294
2.65399, -57.8366, 107.764, 28.4363
2.65499, -57.8402, 107.749, 28.4431
2.65599, -57.8439, 107.733, 28.45
2.65699, -57.8475, 107.717, 28.4568
2.65799, -57.8511, 107.702, 28.4636
2.65899, -57.8547, 107.686, 28.4704
2.65999, -57.8584, 107.67, 28.4773
2.66099, -57.862, 107.655, 28.484
2.66199, -57.8656, 107.639, 28.4908
2.66299, -57.8692, 107.623, 28.4976
2.66399, -57.8728, 107.608, 28.5044
2.66499, -57.8763, 107.592, 28.5111
2.66599, -57.8799, 107.576, 28.5178
2.66699, -57.8835, 107.561, 28.5246
2.66799, -57.887, 107.545, 28.5313
2.66899, -57.8905, 107.53, 28.538
2.66999, -57.8941, 107.514, 28.5447
2.67099, -57.8976, 107.498, 28.5515
2.67199, -57.9012, 107.483, 28.5582
2.67299, -57.9047, 107.467, 28.5648
2.67399, -57.9082, 107.452, 28.5715
2.67499, -57.9117, 107.437, 28.5781
2.67599, -57.9151, 107.421, 28.5848
2.67699, -57.9186, 107.406, 28.5914
2.67799, -57.9221, 107.39, 28.598
2.67899, -57.9256, 107.375, 28.6047
2.67999, -57.9291, 107.359, 28.6113
2.68099, -57.9325, 107.344, 28.6179
2.68199, -57.936, 107.328, 28.6245
2.68299, -57.9394, 107.313, 28.631
2.68399, -57.9428, 107.298, 28.6376
2.68499, -57.9462, 107.282, 28.6441
2.68599, -57.9497, 107.267, 28.6507
2.68699, -57.9531, 107.252, 28.6572
2.68799, -57.9565, 107.236, 28.6638
2.68899, -57.9599, 107.221, 28.6703
2.68999, -57.9633, 107.206, 28.6768
2.69099, -57.9666, 107.19, 28.6833
2.69199, -57.97, 107.175, 28.6898
2.69299, -57.9734, 107.16, 28.6962
2.69399, -57.9767, 107.145, 28.7027
2.69499, -57.9801, 107.129, 28.7092
2.69599, -57.9834, 107.114, 28.7156
2.69699, -57.9867, 107.099, 28.722
2.69799, -57.9901, 107.084, 28.7284
2.69899, -57.9934, 107.069, 28.7349
2.69999, -57.9967, 107.053, 28.7412
2.70099, -58, 107.038, 28.7477
2.70199, -58.0033, 107.023, 28.7541
2.70299, -58.0066, 107.008, 28.7604
2.70399, -58.0098, 106.993, 28.7668
2.70499, -58.0131, 106.978, 28.7731
2.70599, -58.0164, 106.963, 28.7795
2.70699, -58.0196, 106.948, 28.7858
2.70799, -58.0229, 106.933, 28.7921
2.70899, -58.0261, 106.918, 28.7984
2.70999, -58.0294, 106.903, 28.8047
2.71099, -58.0326, 106.888, 28.8111
2.71199, -58.0358, 106.873, 28.8173
2.71299, -58.039, 106.858, 28.8236
2.71399, -58.0422, 106.843, 28.8298
2.71499, -58.0454, 106.828, 28.8361
2.71599, -58.0486, 106.813, 28.8424
2.71699, -58.0518, 106.798, 28.8486
2.71799, -58.0549, 106.783, 28.8548
2.71899, -58.0581, 106.768, 28.861
2.71999, -58.0613, 106.753, 28.8672
2.72099, -58.0644, 106.738, 28.8734
2.72199, -58.0676, 106.723, 28.8796
2.72299, -58.0707, 106.708, 28.8857
2.72398, -58.0738, 106.693, 28.8919
2.72498, -58.0769, 106.679, 28.898
2.72598, -58.08, 106.664, 28.9042
2.72698, -58.0832, 106.649, 28.9103
2.72798, -58.0862, 106.634, 28.9164
2.72898, -58.0894, 106.619, 28.9226
2.72998, -58.0924, 106.605, 28.9287
2.73098, -58.0955, 106.59, 28.9348
2.73198, -58.0986, 106.575, 28.9408
2.73298, -58.1016, 106.56, 28.9469
2.73398, -58.1047, 106.546, 28.9529
2.73498, -58.1077, 106.531, 28.959
2.73598, -58.1107, 106.516, 28.965
2.73698, -58.1138, 106.502, 28.971
2.73798, -58.1168, 106.487, 28.9771
2.73898, -58.1198, 106.472, 28.983
2.73998, -58.1228, 106.458, 28.9891
2.74098, -58.1258, 106.443, 28.9951
2.74198, -58.1288, 106.428, 29.001
2.74298, -58.1318, 106.414, 29.007
2.74398, -58.1348, 106.399, 29.0129
2.74498, -58.1377, 106.385, 29.0189
2.74598, -58.1407, 106.37, 29.0248
2.74698, -58.1436, 106.356, 29.0307
2.74798, -58.1466, 106.341, 29.0367
2.74898, -58.1495, 106.327, 29.0426
2.74998, -58.1525, 106.312, 29.0484
2.75098, -58.1554, 106.298, 29.0543
2.75198, -58.1583, 106.283, 29.0602
2.75298, -58.1612, 106.269, 29.0661
2.75398, -58.1641, 106.254, 29.0719
2.75498, -58.167, 106.24, 29.0778
2.75598, -58.1699, 106.225, 29.0836
2.75698, -58.1728, 106.211, 29.0894
2.75798, -58.1756, 106.197, 29.0952
2.75898, -58.1785, 106.182, 29.1011
2.75998, -58.1813, 106.168, 29.1068
2.76098, -58.1842, 106.153, 29.1126
2.76198, -58.187, 106.139, 29.1184
2.76298, -58.1899, 106.125, 29.1241
2.76398, -58.1927, 106.11, 29.1299
2.76498, -58.1955, 106.096, 29.1356
2.76598, -58.1983, 106.082, 29.1414
2.76698, -58.2011, 106.067, 29.1471
2.76798, -58.2039, 106.053, 29.1528
2.76898, -58.2067, 106.039, 29.1585
2.76998, -58.2095, 106.025, 29.1642
2.77098, -58.2122, 106.011, 29.1698
2.77198, -58.215, 105.996, 29.1755
2.77298, -58.2178, 105.982, 29.1812
2.77398, -58.2205, 105.968, 29.1868
2.77498, -58.2233, 105.954, 29.1924
2.77598, -58.226, 105.94, 29.1981
2.77698, -58.2287, 105.925, 29.2036
2.77798, -58.2315, 105.911, 29.2093
2.77898, -58.2342, 105.897, 29.2149
2.77998, -58.2369, 105.883, 29.2205
2.78098, -58.2395, 105.869, 29.226
2.78198, -58.2423, 105.855, 29.2316
2.78298, -58.2449, 105.841, 29.2371
2.78398, -58.2476, 105.827, 29.2427
2.78498, -58.2503, 105.813, 29.2482
2.78598, -58.2529, 105.799, 29.2538
2.78698, -58.2556, 105.785, 29.2592
2.78798, -58.2582, 105.771, 29.2648
2.78898, -58.2609, 105.757, 29.2703
2.78998, -58.2635, 105.743, 29.2757
2.79098, -58.2661, 105.729, 29.2812
2.79198, -58.2687, 105.715, 29.2867
2.79298, -58.2713, 105.701, 29.2921
2.79398, -58.2739, 105.687, 29.2976
2.79498, -58.2765, 105.673, 29.303
2.79598, -58.2791, 105.659, 29.3084
2.79698, -58.2817, 105.645, 29.3138
2.79798, -58.2842, 105.631, 29.3192
2.79898, -58.2868, 105.617, 29.3246
2.79998, -58.2893, 105.604, 29.3299
2.80098, -58.2919, 105.59, 29.3353
2.80198, -58.2944, 105.576, 29.3407
2.80298, -58.2969, 105.562, 29.346
2.80398, -58.2995, 105.548, 29.3514
2.80498, -58.302, 105.535, 29.3567
2.80598, -58.3045, 105.521, 29.362
2.80698, -58.307, 105.507, 29.3673
2.80798, -58.3095, 105.493, 29.3726
2.80898, -58.312, 105.48, 29.3778
2.80998, -58.3145, 105.466, 29.3831
2.81098, -58.3169, 105.452, 29.3884
2.81198, -58.3194, 105.439, 29.3936
2.81298, -58.3218, 105.425, 29.3989
2.81398, -58.3243, 105.411, 29.4041
2.81498, -58.3267, 105.398, 29.4093
2.81598, -58.3292, 105.384, 29.4145
2.81698, -58.3316, 105.37, 29.4197
2.81798, -58.334, 105.357, 29.4249
2.81898, -58.3364, 105.343, 29.4301
2.81998, -58.3388, 105.33, 29.4352
2.82098, -58.3412, 105.316, 29.4404
2.82198, -58.3436, 105.302, 29.4455
2.82298, -58.346, 105.289, 29.4507
2.82398, -58.3484, 105.275, 29.4558
2.82498, -58.3507, 105.262, 29.4609
2.82598, -58.3531, 105.248, 29.466
2.82698, -58.3554, 105.235, 29.4711
2.82798, -58.3578, 105.221, 29.4762
2.82898, -58.3601, 105.208, 29.4812
2.82998, -58.3624, 105.194, 29.4863
2.83098, -58.3647, 105.181, 29.4914
2.83198, -58.367, 105.168, 29.4964
2.83298, -58.3694, 105.154, 29.5014
2.83398, -58.3717, 105.141, 29.5065
2.83498, -58.3739, 105.127, 29.5115
2.83598, -58.3762, 105.114, 29.5165
2.83698, -58.3785, 105.101, 29.5214
2.83798, -58.3807, 105.087, 29.5264
2.83898, -58.383, 105.074, 29.5314
2.83998, -58.3853, 105.061, 29.5364
2.84098, -58.3875, 105.047, 29.5413
2.84198, -58.3898, 105.034, 29.5463
2.84298, -58.392, 105.021, 29.5512
2.84398, -58.3942, 105.008, 29.5561
2.84498, -58.3964, 104.994, 29.561
2.84598, -58.3986, 104.981, 29.5659
2.84698, -58.4008, 104.968, 29.5708
2.84798, -58.403, 104.955, 29.5756
2.84898, -58.4052, 104.942, 29.5805
2.84998, -58.4074, 104.928, 29.5853
2.85098, -58.4095, 104.915, 29.5902
2.85198, -58.4117, 104.902, 29.595
2.85298, -58.4139, 104.889, 29.5999
2.85398, -58.416, 104.876, 29.6047
2.85498, -58.4181, 104.863, 29.6094
2.85598, -58.4203, 104.849, 29.6143
2.85698, -58.4224, 104.836, 29.619
2.85798, -58.4245, 104.823, 29.6238
2.85898, -58.4266, 104.81, 29.6286
2.85998, -58.4287, 104.797, 29.6332
2.86098, -58.4308, 104.784, 29.638
2.86197, -58.4329, 104.771, 29.6427
2.86297, -58.435, 104.758, 29.6474
2.86397, -58.4371, 104.745, 29.6521
2.86497, -58.4391, 104.732, 29.6569
2.86597, -58.4412, 104.719, 29.6615
2.86697, -58.4432, 104.706, 29.6662
2.86797, -58.4453, 104.693, 29.6709
2.86897, -58.4473, 104.68, 29.6755
2.86997, -58.4494, 104.667, 29.6802
2.87097, -58.4513, 104.655, 29.6848
2.87197, -58.4534, 104.642, 29.6894
2.87297, -58.4554, 104.629, 29.694
2.87397, -58.4574, 104.616, 29.6986
2.87497, -58.4593, 104.603, 29.7032
2.87597, -58.4613, 104.59, 29.7077
2.87697, -58.4633, 104.577, 29.7123
2.87797, -58.4653, 104.565, 29.7169
2.87897, -58.4672, 104.552, 29.7214
2.87997, -58.4692, 104.539, 29.7259
2.88097, -58.4711, 104.526, 29.7305
2.88197, -58.4731, 104.513, 29.735
2.88297, -58.475, 104.501, 29.7395
2.88397, -58.4769, 104.488, 29.744
2.88497, -58.4788, 104.475, 29.7485
2.88597, -58.4807, 104.463, 29.7529
2.88697, -58.4826, 104.45, 29.7574
2.88797, -58.4845, 104.437, 29.7618
2.88897, -58.4864, 104.425, 29.7663
2.88997, -58.4883, 104.412, 29.7707
2.89097, -58.4902, 104.399, 29.7751
2.89197, -58.492, 104.387, 29.7795
2.89297, -58.4939, 104.374, 29.7839
2.89397, -58.4957, 104.362, 29.7883
2.89497, -58.4976, 104.349, 29.7927
2.89597, -58.4994, 104.336, 29.797
2.89697, -58.5012, 104.324, 29.8014
2.89797, -58.503, 104.311, 29.8057
2.89897, -58.5048, 104.299, 29.81
2.89997, -58.5066, 104.286, 29.8144
2.90097, -58.5084, 104.274, 29.8187
2.90197, -58.5102, 104.261, 29.823
2.90297, -58.512, 104.249, 29.8273
2.90397, -58.5138, 104.236, 29.8316
2.90497, -58.5155, 104.224, 29.8358
2.90597, -58.5173, 104.211, 29.8401
2.90697, -58.5191, 104.199, 29.8444
2.90797, -58.5208, 104.187, 29.8486
2.90897, -58.5225, 104.174, 29.8528
2.90997, -58.5243, 104.162, 29.857
2.91097, -58.526, 104.149, 29.8612
2.91197, -58.5277, 104.137, 29.8654
2.91297, -58.5294, 104.125, 29.8696
2.91397, -58.5311, 104.112, 29.8737
2.91497, -58.5328, 104.1, 29.8779
2.91597, -58.5345, 104.088, 29.8821
2.91697, -58.5361, 104.076, 29.8862
2.91797, -58.5378, 104.063, 29.8903
2.91897, -58.5394, 104.051, 29.8944
2.91997, -58.5411, 104.039, 29.8985
2.92097, -58.5427, 104.027, 29.9026
2.92197, -58.5444, 104.014, 29.9067
2.92297, -58.546, 104.002, 29.9108
2.92397, -58.5477, 103.99, 29.9149
2.92497, -58.5493, 103.978, 29.9189
2.92597, -58.5509, 103.966, 29.923
2.92697, -58.5525, 103.953, 29.927
2.92797, -58.5541, 103.941, 29.931
2.92897, -58.5556, 103.929, 29.935
2.92997, -58.5572, 103.917, 29.939
2.93097, -58.5588, 103.905, 29.943
2.93197, -58.5604, 103.893, 29.947
2.93297, -58.5619, 103.881, 29.951
2.93397, -58.5635, 103.869, 29.955
2.93497, -58.565, 103.857, 29.9589
2.93597, -58.5665, 103.845, 29.9628
2.93697, -58.5681, 103.833, 29.9668
2.93797, -58.5696, 103.821, 29.9706
2.93897, -58.5711, 103.809, 29.9745
2.93997, -58.5726, 103.797, 29.9785
2.94097, -58.5741, 103.785, 29.9824
2.94197, -58.5756, 103.773, 29.9862
2.94297, -58.5771, 103.761, 29.9901
2.94397, -58.5785, 103.749, 29.9939
2.94497, -58.58, 103.737, 29.9977
2.94597, -58.5814, 103.725, 30.0016
2.94697, -58.5829, 103.713, 30.0054
2.94797, -58.5844, 103.701, 30.0092
2.94897, -58.5858, 103.689, 30.013
2.94997, -58.5872, 103.678, 30.0168
2.95097, -58.5886, 103.666, 30.0206
2.95197, -58.59, 103.654, 30.0243
2.95297, -58.5915, 103.642, 30.0281
2.95397, -58.5929, 103.63, 30.0318
2.95497, -58.5942, 103.619, 30.0356
2.95597, -58.5956, 103.607, 30.0393
2.95697, -58.597, 103.595, 30.043
2.95797, -58.5984, 103.583, 30.0467
2.95897, -58.5997, 103.572, 30.0504
2.95997, -58.6011, 103.56, 30.054
2.96097, -58.6024, 103.548, 30.0577
2.96197, -58.6038, 103.537, 30.0614
2.96297, -58.6051, 103.525, 30.065
2.96397, -58.6064, 103.513, 30.0686
2.96497, -58.6077, 103.502, 30.0722
2.96597, -58.609, 103.49, 30.0759
2.96697, -58.6103, 103.478, 30.0795
2.96797, -58.6116, 103.467, 30.0831
2.96897, -58.6129, 103.455, 30.0866
2.96997, -58.6142, 103.443, 30.0903
2.97097, -58.6155, 103.432, 30.0938
2.97197, -58.6168, 103.42, 30.0974
2.97297, -58.618, 103.409, 30.1009
2.97397, -58.6193, 103.397, 30.1044
2.97497, -58.6205, 103.386, 30.1079
2.97597, -58.6217, 103.374, 30.1114
2.97697, -58.623, 103.363, 30.1149
2.97797, -58.6242, 103.351, 30.1184
2.97897, -58.6254, 103.34, 30.1219
2.97997, -58.6266, 103.329, 30.1253
2.98097, -58.6278, 103.317, 30.1288
2.98197, -58.629, 103.306, 30.1322
2.98297, -58.6302, 103.294, 30.1357
2.98397, -58.6314, 103.283, 30.1391
2.98497, -58.6325, 103.272, 30.1425
2.98597, -58.6337, 103.26, 30.1459
2.98697, -58.6348, 103.249, 30.1493
2.98797, -58.636, 103.237, 30.1527
2.98897, -58.6371, 103.226, 30.156
2.98997, -58.6382, 103.215, 30.1594
2.99097, -58.6393, 103.204, 30.1627
2.99197, -58.6405, 103.192, 30.166
2.99297, -58.6416, 103.181, 30.1694
2.99397, -58.6427, 103.17, 30.1727
2.99497, -58.6438, 103.159, 30.176
2.99597, -58.6449, 103.147, 30.1793
2.99697, -58.6459, 103.136, 30.1826
2.99797, -58.647, 103.125, 30.1859
2.99897, -58.6481, 103.114, 30.1891
2.99996, -58.6491, 103.102, 30.1924
