 0.02314522384863843
 0.002771766796681009
 0.009642004696955697
 -0.006487063299707551
 -0.007829741017383568
 -0.02837997602334877
 -0.02536086509663454
 -0.008005815757511969
 -0.008769995119343454
 -0.005688226611382379
 0.01521508986118997
 -0.01248771404324708
 0.02416986626878423
 0.0103069477696662
 -0.1102747347053344
 0.1904591931870854
 -0.02325070254741253
 0.05590111062992559
 0.02136689043217563
 -0.06377005182923395
 -0.01217435734194827
 -0.05345903204407521
 -0.1303770663214788
 0.2985108744985313
 -0.4058380992470538
 0.03694129176014183
 -0.2618850253133073
 -0.1073147602973133
 0.3794571583892471
 0.09256532359717093
 0.1582366330880366
 0.1608884236347738
 0.1858677405494375
 -0.05426558162257224
 -0.2192220694896957
 0.05741873312422344
 0.1260807681303071
 -0.1555489002646384
 -0.2451033670633297
 0.04364772284465951
 -0.2683072631059388
 -0.05931987413915472
 0.0644255220192439
 0.1457050531756917
 -0.1629181138724003
 -0.3690132265408502
 -0.3007621269590386
 -0.1919253950335576
 -0.2203819301477043
 -0.6345342366107133
 -0.8453418766572812
 -1.096337481833357
 -1.315905514443492
 -0.8655394934027478
 -1.081069626990443
 -0.9735459602687815
 -0.9119605802400167
 -0.5027897699058569
 -0.8231445234870219
 0.1527470471585116
 0.2366770321678132
 0.4585037638209322
 0.1812919592249929
 0.8355394865476635
 -0.02876325614240649
 0.9620883727361507
 0.8445461774457905
 0.3251272401836326
 0.8257411195576932
 0.6497320294995892
 1.162278965261399
 0.6939656310660939
 1.052977734099139
 1.247258853990443
 0.3844958640666759
 0.4985251971449053
 1.165784733015666
 0.5908776510023522
 0.593989558502648
 0.5698644773437205
 -0.03111272366352236
 0.5178367157882724
 0.1394331525470348
 0.1801535637372728
 0.4662065235231724
 0.2793070897983576
 0.8180314135353239
 0.3551711648007581
 0.3528339170438469
 0.4320386078339357
 0.02878299935632245
 0.3777697901284107
 0.4161761236669111
 0.3364965707286928
 0.4172219070903507
 0.2031262198498633
 -0.02651343258427002
 0.3899175174814103
 -0.26152243408028
 -0.2264708642262601
 -0.5584704004070543
 -0.2686302251793493
 -0.2560832977115615
 -0.7802121780589547
 -0.6182569460529223
 -0.6802315096710526
 -0.6114046349745544
 -0.5535772189480356
 -0.9257772530224424
 -0.4874824688863021
 -0.882592731988572
 -0.7757640645958536
 -1.298869618106747
 -1.0847582577529
 -0.9344401725500251
 -0.8652439426280534
 -0.725228843610449
 -0.2585795813434209
 -0.9522559908080312
 -0.2166944986562443
 -0.2253060564087869
 -0.598802215744886
 0.03543444158989438
 0.5199596453940745
 0.5058915035903668
 0.210698516991985
 0.3715376956631931
 0.4282211838533256
 0.3048826283361178
 0.19727513375407
 0.5509923088878163
 0.4169325413540142
 0.3726902614671316
 0.3096953209672718
 1.042928284070087
 0.341378546235469
 0.14381798518081
 0.3777175300285867
 -0.436923217522871
 -0.1295753497566402
 -0.2487275675228741
 -0.003111831676954806
 0.6164068601889494
 0.01407757051013848
 0.2969724285769746
 -0.04268128101914218
 0.3550950698502734
 1.378459869005864
 1.516093707531115
 1.71332256484235
 2.154935636362266
 2.061439813868895
 1.857030221118949
 1.7260907844885
 1.135472973861809
 0.4941353557383446
 0.5595023090567258
 -1.333405506438768
 -0.8293781466463097
 -1.149174458212821
 -0.9486634486838224
 -0.9939191409280379
 -1.198271149217479
 -0.4414509392300582
 -0.8241952070751742
 -1.160388345617901
 -0.8226321572250562
 -0.8313983998758809
 -0.7276726017921959
 -1.132858507509675
 -0.6645240492140426
 -0.9408623601462573
 -0.5188139353663277
 -0.6737022336062907
 -0.8574856748054387
 -0.4634063622144246
 -0.5961336509810031
 -0.01965752796151294
 -0.03295730686518988
 -0.0976800116946
 -0.07063134842081129
 -0.7120039465183503
 0.5772862414174444
 -0.3519593520112368
 -0.1680724248807184
 -0.3702580352234498
 -0.5221073454369863
 -0.0488989628744716
 -0.3008314249575144
 -0.1343541714718882
 0.2167660763880536
 0.01874777455334306
 0.002520387189321461
 -0.08681874759691743
 0.08819973602680992
 0.4188609516510242
 -0.0604339681418266
 -0.8026706642012311
 -0.1488571607036767
 0.0173658244901275
 -0.6023392758966089
 0.4507993668810351
 -0.2138584949194353
 0.7637988885693282
 0.4639537411711979
 1.106824614224699
 0.8511505435341189
 1.210888547896492
 1.809021233027302
 2.089479960517099
 1.639933164587588
 1.956318666162631
 1.886419922515075
 1.071557157791597
 1.670158282929552
 2.210284301814985
 1.226273036259882
 1.359549378743895
 0.3003443849742743
 0.7806658625549209
 -1.096431141833467
 -0.2275660003969181
 -1.102775004321005
 -1.146849154839986
 -1.394526769358322
 -1.361920657453056
 -2.400980994176837
 -1.768134269301047
 -1.414550122659234
 -2.260488639141714
 -1.837303813577964
 -1.648906540905333
 -1.58026950330297
 -0.9987466093790425
 0.06645140530640636
 -0.5028774970430644
 0.1284194282458782
 -0.4584193817734666
 -0.2946090470558195
 -0.3112285950005768
 1.011924600050866
 0.740574606975088
 0.2702951119816411
 0.4547600887773844
 0.3286587016366049
 0.5807087629647448
 -0.6105364822583688
 -0.02975245910700581
 0.5263397257690459
 0.6908295917928128
 -0.005587574238679712
 0.9212733448875823
 0.1573305007608388
 0.4545869193170409
 0.8536646806171675
 0.1824803272577739
 0.9415750143533418
 -0.07550440917934503
 0.828912592746245
 0.3801130899354218
 0.2625496919067654
 0.7471071320016228
 0.3273470239616494
 0.4796922999125208
 -0.2092499363966973
 0.02029000610023322
 -0.06155292618465574
 -0.4779101545433452
 0.2064892344911759
 0.4325248833300058
 -0.0241815333400936
 0.1744630139994895
 0.5044218223438288
 0.2768982517166759
 0.3922045279764689
 0.1747879923459598
 0.3494090352142761
 0.1676314158962648
 0.2927718799106288
 -0.3038603741853499
 -0.05654090785464028
 -0.215679427250466
 -0.05659334840883375
 0.2585582857514707
 0.596861678386171
 0.7938882056694261
 0.3571919589406272
 0.4006587232666816
 -0.1096173525867476
 -0.1250992473327784
 0.3841343608915413
 0.08615274544725189
 0.7218513795158386
 0.1577637438428075
 0.9769435885336193
 0.3089335312220279
 -0.01618142100295716
 -0.07641231732323533
 -0.4961438899419128
 -0.1442186404235059
 0.438769251133818
 -0.3969211298859919
 0.09855860048876466
 -0.1082053323280065
 0.08404670929782702
 -0.2218273959446807
 -0.1757928623217763
 0.2612110289246591
 -0.3811881633355726
 0.1487183275399193
 -0.3293448458826199
 -0.02008978201068241
 -0.03313308424547444
 0.157801793023108
 -0.350254274491184
 0.4180714687622534
 -0.4713989661341575
 -0.1602339334964991
 -0.6579962656318383
 0.3053682821452172
 -0.06471733760356352
 -0.6731125932829217
 -0.02687797654246843
 -0.4800472059863639
 -0.5029714379614172
 -0.1939876903434283
 -0.1742186617951961
 -0.02588397376879886
 -0.2918583364395458
 -0.3180731501202158
 -1.14622368183454
 -0.7842544277976744
 -1.134975078996481
 -0.8729433794209313
 -0.9803878399470054
 -0.8607049350669735
 0.1845437232889648
 0.1130612392232342
 -0.1042519215473125
 0.3900999486062869
 0.6148910028802117
 1.432029832523508
 0.894096177684599
 0.02556334291285584
 0.2598507732834331
 -0.2936692776178823
 0.08839255993687845
 -0.1369654280481041
 -0.1735201991511849
 -0.5009372592872346
 -0.9158699678181881
 -0.5154545899767972
 -0.7957893124927321
 -0.3981057798248165
 -0.1827117896291475
 0.6798933854580628
 1.484853389090001
 0.2718757957841482
 0.3045298559561445
 0.2093792706741189
 -0.02099831874794317
 -0.4594298935008087
 -0.4124676041957626
 -0.5581850893497888
 -0.4827237434715
 -0.7052731239119043
 -1.193261050644682
 -0.9421879493101107
 -1.026994935543353
 -0.8352317621976939
 -0.5832137220048864
 -0.2989226794494887
 -0.5886631653687024
 -0.8171893317406953
 -0.8593222508140719
 -0.2331908963927709
 -0.4775599555548069
 -0.6872241907416899
 -0.6241577488127651
 -0.451243859890384
 -0.4959003023072797
 -0.07025466186960966
 0.4929507169573681
 0.9526213280291795
 0.8653374144292865
 0.9334051694601151
 1.482460229324491
 0.8592042155693799
 0.8538448662386986
 1.754630342384275
 1.115858124493738
 0.6213367179042799
 0.9847369238751551
 1.863490804703369
 1.807113567503386
 2.248900700764435
 1.896485363288119
 1.659436681689817
 2.209226729236092
 2.654917418413581
 1.127291162850407
 0.7299545057914018
 0.5115568534895629
 0.09299012506136498
 -0.7914222410407186
 0.3196431893995999
 -0.9499327469026086
 -0.4366250761282376
 -0.4322308255680109
 -0.9256258098017008
 0.08094033803718348
 -0.8455343189600975
 -0.3909753948399067
 -1.01943515051968
 -0.6770674032528617
 -0.4547702542116796
 -0.8086548343312152
 -0.5739708824294359
 -0.1286390648318276
 -0.08698476005887386
 1.09483594722847
 0.4990220531178229
 0.3506635473780204
 0.09946292116568312
 -0.1626631629278
 -0.458717286916734
 -0.6062450530622893
 -0.782805205623784
 -0.0964453447865692
 -0.6451353164232825
 -0.1852569358280068
 -0.5361150057803608
 -0.941470941603306
 -1.175995037463605
 -0.9910434682373886
 -1.764745455524943
 -0.8942015146008473
 -0.9187177923185366
 -0.3003036150006412
 -0.660928822477818
 0.06087068068818258
 -0.4107540960160232
 -0.2120458383767108
 -0.5792872381778391
 0.007695976702565111
 -0.2942269312885098
 0.2616167745499883
 -0.1229740480833403
 -0.07030197201119427
 0.4541807135964125
 1.054338466413091
 1.382406286984748
 1.485275060664255
 1.014901102475396
 0.4863006782585004
 0.1985260848169679
 -0.2382073738115053
 0.6059723671974898
 -0.4927783118831768
 -0.05678370555482092
 -0.4488227137361299
 0.1422974132870718
 0.1614987269018829
 -0.1225315202444053
 0.4250294195922846
 0.9573755451824593
 1.1941182995995
 0.8446067010446831
 0.9570144709324313
 0.2746709143428369
 0.2734117506553367
 -0.01985630594104748
 0.2644378613247095
 0.1621142124563409
 -0.0888191597529137
 0.1415890038263918
 0.2417923177622175
 -0.08842194692419109
 0.1068940458017675
 0.8250937263361789
 0.935147652729904
 0.7579079650216356
 0.6513866823511389
 0.5934129948562463
 0.2151852552222707
 0.619401115363472
 0.07352461023513249
 0.287089717190405
 0.01545265244021962
 -0.2223402750124769
 0.1696607049106536
 -0.4113362517315634
 0.5989054891870462
 -0.2070919450724235
 0.0402441587760738
 -0.2639038715560864
 0.312683628825387
 -0.4013055234738381
 0.5069088236141387
 0.1524424140207441
 -0.1750558075110709
 -0.3423872400310962
 0.1737818989984496
 -0.04193127357503359
 -0.01025747015876552
 0.1841678827361007
 -0.2450123484954566
 0.349198894100644
 0.5647378754294303
 -0.2317800567080018
 -0.009143141806395708
 -0.4760190928401223
 0.484062266710831
 0.466529726968309
 -0.05239360578358369
 -0.1508522133603229
 0.398080241507405
 0.03671408663835592
 -0.267969123427776
 0.1171763430551094
 0.4812173890105168
 0.1207880120198824
 0.5386857492127893
 0.2173125566437433
 0.4407692854086681
 0.07153055430951252
 -0.4813466606988423
 0.06268913766476232
 -0.6592518405712591
 -0.5996697210475285
 -0.3413686655764802
 0.1497984989255778
 -0.5618596744068227
 -0.4382672449167511
 0.07475489185701326
 -0.3378005044251532
 0.01075903470151018
 0.06079937756831144
 -0.2331886187409555
 -0.7012395216885978
 -0.3934670780092505
 -0.6251607122431414
 -0.7075182352070039
 -0.03738282950881014
 -0.1899988126660225
 -0.02598637848818064
 -0.2095439686279703
 -0.6088674309729817
 -0.4862790454631598
 -0.4758030483293256
 -0.2589188253230229
 -0.07159011679216559
 -0.1687506138077141
 -0.06885493787873137
 -1.054090591909781
 0.04899730769476812
 0.01763075983931278
 -0.1275323245980287
 0.2654345322463527
 -0.4326772353267551
 -0.3062747859334518
 -0.3709826809178099
 -0.1922876366586991
 -0.2313528696975029
 -0.2492462300630349
 -0.4174445287364987
 -0.1223583695933572
 0.08813739237421042
 -0.1176918021478695
 0.312248784541086
 0.5870488292875488
 0.3883285428224365
 -0.1779589037895345
 -0.1428418567623764
 -0.06972992250191147
 0.6587805741672321
 -0.6044391851354123
 -0.08206005707685654
 -0.2396010547611523
 -0.144503029275985
 -1.240843740414139
 0.2683541156243976
 0.002741738798840766
 -0.5296689578239122
 -3.263488249582198
 -0.1986816206128863
 0.2907178515098119
 -1.501947120292991
 0.02188065722756904
 1.814357636570138
 1.52265564730164
 4.236263550995099
 0.9644532700151783
 -0.5361749792650243
 -0.08925200930829122
 0.608476531693549
 0.009881202644821327
 -0.0495165026008979
 0.3335757585072561
 -0.06993628582590791
 0.1769614634062504
 0.2001076489285483
 -0.03177732248386038
 0.1126201029013567
 0.1470699584551332
 0.06542271511292543
 0.08440558898151759
 0.07965400834020332
 0.09081062458554168
 0.08358174716016432
 0.06410311534421875
 0.04993381161839803
 0.0817045490118435
