 0.01753087987249523
 0.005110747109184543
 0.02610290528695915
 0.0109253754081974
 0.008855002678371759
 0.005170087912889518
 0.02262860957421951
 0.01143623966276236
 0.0009237146365693033
 0.01636170303204095
 0.01928963730609655
 0.01365669422735562
 0.05411664930853317
 0.07941388049178105
 -0.03089621481882966
 0.007652941718893479
 -0.05207581734820256
 0.05709521366770122
 0.06098908104101594
 -0.06686692101375802
 -0.08903387960742182
 0.03561959280975981
 0.01426464906189635
 0.01091914392306225
 0.05062799638170921
 -0.01603764770051008
 0.1435279628604302
 -0.06735617093151271
 -0.1673218619024024
 -0.08977075589382245
 -0.1510624138431903
 0.2045024847525835
 -0.0690487085743246
 -0.277454086459867
 -0.01151262896949717
 0.1799653080469285
 0.02063520051066396
 -0.2344081140519595
 0.08764986781519447
 -0.08346807333632519
 0.2335896726782363
 0.09910180622409581
 0.2887348319511293
 0.3403301332578391
 0.1956856060477429
 -0.2050390612788248
 0.03380739796169014
 -0.08697195886496741
 -0.02841428129731768
 0.1905365629570257
 0.467942978778261
 -0.133972375061523
 0.06982838753354594
 0.0325456682530375
 -0.1999570504595118
 -0.01558127564238534
 -0.4792609232886691
 0.02992859660169333
 0.1399370030717771
 0.06845917528284547
 -0.01483570950060808
 0.0804003094822205
 -0.174779128604962
 -0.3604384350616208
 -0.08854676811937005
 -0.1117104239734134
 0.07625556140699698
 0.0114409671303739
 0.1219963381333358
 -0.3382291617412362
 0.02167625991986113
 0.3523685995057349
 0.192134567182693
 0.266088460610538
 0.2773332425566273
 0.04955028861993555
 0.1088600889736541
 -0.02467305256138119
 0.4197078128452289
 -0.2610646967517891
 -0.001614502652244313
 0.09749485872705667
 0.2116071965961016
 0.01286247197024393
 0.4798878048751875
 0.2249807278534464
 0.2126119233166427
 0.5220917094052752
 0.7463603755315326
 -0.02054309385173556
 0.04955392814901954
 0.06142225100203531
 0.103819717171941
 0.4327475727108166
 -0.08587713125032528
 -0.3350805417627489
 -0.3623717550862608
 -0.6621168476077871
 -0.1394460841921401
 -0.2809556161350741
 -0.2289216961519012
 -0.4885677960281898
 -0.1964252272938352
 -0.6160697293714826
 -0.3464623294152412
 -0.3614510321933996
 -0.1258708804575169
 -0.1443188266642558
 -0.5665558394525467
 -0.7725799420903193
 -0.4049811019115789
 -0.3299498740120717
 0.2668487291485518
 0.3450451300845722
 0.7888819685245669
 0.5465961463033168
 0.8649550102790931
 0.448937802660583
 0.470580312246036
 0.4379700983962042
 0.08681305594352272
 -0.241545005155144
 -0.4037006148138267
 0.1897485737302469
 -0.5079463074830443
 0.173751963206569
 -0.3716911829525822
 -0.3250134053633434
 -0.2076900898328156
 -0.5444184344933595
 -0.2760237500124004
 0.04527074656619816
 0.2467476900386799
 0.4412531659487246
 -0.7925504027378746
 0.9624275944789039
 0.5635239242989742
 0.8054822186100651
 2.012889397550582
 1.801566242581324
 1.405525570463744
 1.084462016936185
 1.084561359728513
 0.4362393361304279
 0.127494116922282
 -0.8493111364852949
 -0.691540056482184
 -0.8172988062669536
 -0.9833423406275783
 -1.218414686173586
 -1.396002989604442
 -0.9375251236755558
 -0.8553052828130263
 -0.948979636569717
 -0.05491666717054315
 -0.637178446079163
 -0.3183817527819252
 0.1622458060297909
 0.09477046238680484
 0.449438705576343
 0.2309481451547303
 -0.2214225315482034
 -0.0261394867498032
 0.2982350781216244
 -0.2163564872818858
 -0.3756763768867684
 0.4269069274223389
 0.4359388836995068
 -0.3684028501479584
 -0.150660953266155
 0.1647669872709226
 -0.2636013518751897
 0.0707373481982957
 -0.01501829504354356
 -0.1732310672375168
 0.009595197482350449
 0.6219263975414908
 0.8515674456526694
 0.427048762610953
 0.2040482416389949
 0.0865632442649374
 0.7317866782187198
 1.107896314390125
 0.2179474232262729
 -0.1535705624860598
 -0.1662365133882296
 0.01976638589995244
 -0.2880710769831351
 0.1062296853277631
 -0.1877349439669994
 0.7768603965398704
 0.5188474794145059
 0.5574602059497218
 -0.6071782432324789
 0.3998922261561942
 0.0879969426182924
 -0.5917747651130987
 0.4684492007881748
 0.08955204477765849
 -0.1676085045437531
 0.2525556281582668
 0.7396115116610777
 0.4809449028352921
 1.047485235697155
 0.7474842502224713
 0.5007285206701113
 0.689449305340291
 -0.2686929817118764
 0.3487435430754491
 -0.505060458173659
 0.2904974683210413
 0.4720774716468852
 -0.3569668877059389
 0.3006535955364976
 -0.844849368300935
 0.05879305279740088
 -0.5537378566726637
 -0.07018387727786768
 -0.2440850528598939
 -0.5410036327838535
 -0.5325749037096376
 -0.7496618881898474
 0.05988261449048262
 -0.2167144331689615
 -0.300432226587818
 -0.6963697322060882
 -0.3273916202681662
 -0.2690739461812509
 -0.1986167688347041
 0.04688196766510624
 -0.1985760729794759
 -0.3151266455900016
 0.03242886465836355
 -0.0738594346267059
 -0.02466045677489921
 -0.2733417521495216
 -1.059030366504238
 0.5560002595359786
 -0.1436131429222605
 0.7868043186174943
 2.257443193775838
 1.156646817850976
 1.326296218931178
 0.9740416696893953
 1.120494548114302
 0.7383215131444831
 0.2580613094141708
 0.4849843182101702
 0.08883309407239481
 -0.02812331143998791
 0.1040522662219155
 0.5810177745848283
 0.5163826826873749
 0.1074196551880798
 -0.6521635841441507
 -0.2866187194288923
 -0.9959029704915677
 -0.4551472932103693
 -0.9106225996515465
 -0.8748208479518623
 -0.7506164076958999
 -1.203266191922292
 0.1195021178204862
 -0.4704083940377927
 0.1727551062481399
 0.03197828653440282
 0.02555890780830847
 -0.17792325988176
 -0.426706737938099
 -0.8613864871362299
 0.2851535714398366
 -0.4278411597600583
 -0.1869124596446168
 0.08280622310975394
 -0.1402828260811698
 0.2246056355994413
 0.09914924353104318
 0.3593407928773081
 1.016027372003893
 0.5046092718139945
 0.9341009672805667
 0.8789026387809312
 0.3016206824531412
 1.15859481026158
 0.6854983341576689
 0.3871410987842248
 0.1510848470661654
 0.1216071792925561
 0.106464372057512
 -0.4835607325396568
 0.4699216321737136
 -0.04616653607518587
 0.00719324075357662
 -0.2412163335732759
 -0.3838200663117682
 -0.6522769277657953
 -0.4703204284171184
 -0.2552350345283298
 -1.722556128124465
 -0.3252571719490967
 -0.5806470778120406
 -0.3005555834438652
 -0.4695572212737333
 -0.5985859161724603
 -0.03919394562250644
 0.05489244045046877
 -0.4487016868300104
 0.2624345702533223
 -0.3660215470304699
 -0.2571047126745555
 -0.588709676460296
 -0.3959594343439861
 -0.3940228734681296
 -1.196317196265578
 -0.02318385615112306
 -0.5374407027093659
 -0.2113883641911551
 -0.247568631775261
 -0.1825443682469066
 -0.2015768117242851
 -0.3666931155646824
 0.002949178525675193
 -0.07704140888687408
 -0.1551610657399961
 -0.7205003640172206
 0.3102528199129979
 -0.1039768816565794
 0.2992594657656115
 -0.6078837968975938
 -0.1234275810395174
 -0.09432448595453537
 -0.04470456649832785
 1.711401743378395
 0.7980535683235904
 1.526591084823749
 1.710068131081339
 1.697681303740719
 1.438265442908125
 1.865979656007702
 1.319084277623397
 1.326656854171495
 0.6522090861330583
 -0.5973733921620568
 -0.7765612046444148
 -0.4395693368909134
 -0.630189507389415
 -0.2425575020050452
 -0.4166317932278645
 -0.2749835560848748
 0.2251143900130779
 -0.2285750531842583
 0.0865769393728382
 -0.376449770425023
 -0.1388398434584129
 -2.317896409999977
 0.001754762915565788
 0.2811386946869846
 -0.7669915041888856
 0.4619483740272619
 -0.3346015627824221
 -1.019663458150563
 -1.605913355929892
 -1.906246203740634
 -1.408903333443527
 -1.811194419749469
 -0.8290386984590261
 -0.9382832229791777
 0.4021492865948766
 -0.1590629430660568
 0.2812691581746637
 -0.2751294132257188
 0.37587586711764
 0.3369356839146651
 0.1880250810273438
 0.7474900596468359
 0.09609919602294155
 0.5605264891628577
 0.2969935325832097
 -0.1448019795915897
 0.07708239783919961
 0.128331507583575
 0.6838831643533152
 1.193779793808584
 0.3620909480206941
 0.8809189347920375
 0.2603717677737946
 0.2323929700364691
 0.5286698501933238
 0.4571781528840151
 0.5424883508732971
 -0.2045943253359521
 0.05717912466324349
 0.05948888662429662
 0.2088568261539875
 0.2763584646968572
 0.04048766150184119
 0.1263223605945696
 0.3030737131704167
 0.1873651969103162
 -0.02172407567224248
 -0.7445384347535985
 -0.1399389707540637
 -0.8294843697797467
 -0.2686047687380686
 -0.2718542944063727
 -0.1615646696642176
 -0.3737689847139857
 -0.2869901013032645
 -0.1491582257865832
 -0.2710463063137691
 -0.1787716002730634
 -0.1044673449387651
 0.3011487370300545
 0.2312987956029408
 0.7656175138746223
 0.9025224750653839
 1.522634085827294
 1.586530826489533
 1.414280502350473
 1.426253074558212
 1.473852738113243
 1.424578024600076
 0.7122065341182044
 0.6337021585167234
 0.07881454796948004
 -0.4011651898201463
 -0.7421801324938351
 -1.458562293945305
 -1.141545867651396
 -1.341870050090593
 -1.331899343157043
 -0.5838693994948387
 -0.9953270738999159
 -0.01169684101200571
 -1.309413485608793
 -0.08838823059016139
 -0.1533290428587455
 -1.21092194466168
 -1.40611692044669
 -0.6982953551511341
 0.2642063755359125
 0.0373064922799985
 0.9435134856997304
 1.050992920781762
 1.02195144593314
 0.3969239069508986
 0.8157392757416169
 0.3061711536677884
 0.5751732879356032
 0.1626902514701701
 1.582154397086647
 0.1690840391556049
 0.4489758061328253
 0.7039926518069715
 0.1389215739038588
 0.09983942306810645
 0.420314685253504
 0.7147046156405797
 0.02214965064036378
 -0.08200254031299445
 0.1292860329945624
 -0.0804340830265501
 0.04117991079062733
 -0.1140524228806901
 -0.6426825880062401
 0.01918359813920988
 -0.1521642233290608
 0.1135559605202516
 -0.1948191494248046
 0.3496896496215484
 0.08067105793539382
 -0.1251459073835141
 -0.3801175718452104
 0.4378961074812927
 -0.01192980166972156
 -0.1483439743168765
 -0.03066464721786766
 0.1815714727299222
 0.2168956603747828
 -0.1427653101591293
 -0.09625564739310144
 -0.4142070033620708
 0.870732248731159
 -0.04791875520104406
 0.09273763839427007
 0.2303963654677771
 -0.7016748507502037
 -0.3904590247564237
 -0.5859769742956147
 -0.5668833325430406
 0.1501895126676116
 -0.4115412173680685
 -0.7467423586476478
 -0.04101234294863975
 -0.06847205957982623
 0.2582533063975921
 -0.3641645967690733
 0.1292054931254119
 -0.5438532411427587
 -0.02183078515776552
 -0.468063603346872
 -0.3026317730193277
 -0.4238662160082036
 -0.05483229428778245
 -0.2166091947119256
 -0.03590803716041051
 -0.4044812347682388
 0.07543096864252594
 0.2075701409144906
 -0.5188127115003794
 0.2830581625108776
 0.07287713558501373
 -0.04485868037721542
 0.2489549607849516
 0.3192948945431466
 0.9254373232668697
 0.511684636621759
 0.7082658504173802
 0.752331035160462
 1.004677433594583
 0.7335096361640446
 0.8424195402239015
 0.5242942278128211
 0.3458483666490615
 0.6500950601524392
 0.4474901842895738
 0.2368227613878623
 0.03228120248447812
 0.5541030608785397
 0.4581286014121281
 -0.01676784069081451
 -0.0005237625408089659
 0.3508933220909199
 -0.1536818040901691
 0.1267622606589673
 -0.2248713324495966
 -0.3014368020395148
 -0.5524487924776367
 -0.2340682465437173
 -0.2003500773694147
 -0.1313160236065739
 0.0710737576222823
 0.02746209944700463
 -0.5578045321164775
 -0.2884570586089401
 -0.03194194604342933
 -0.06777213467394325
 -0.2779581503548914
 -0.08600631145893195
 -0.2920994271967557
 -0.3708297754877954
 -0.506199495949938
 -0.4797201962447513
 -0.0195141655055587
 -0.355545798911548
 -0.6014274996820346
 0.1538026028442937
 -0.2428758973005678
 0.5587567008304701
 0.07405109364903345
 -0.2414446020815439
 0.2352928118755608
 0.5241021401608128
 0.1784899750228595
 0.8954647243080825
 0.3159967523068381
 1.157701607308621
 0.5245151608292464
 0.73874248524601
 0.763175581883124
 0.4831702048502857
 0.2707522108282442
 0.3648196835599323
 0.1935412982156449
 0.2685528164829967
 0.555759531224038
 0.6328729422962349
 -0.1726174392073904
 0.3460033429625133
 -0.002414857065528507
 2.747574439883451
 1.230624317364723
 -0.04285533374756274
 -0.1644846057074975
 -1.387107671311233
 1.528147603089095
 0.5765442791324181
 0.9126102576118651
 -2.063373616038357
 -0.001245076125808446
 0.2107205373649523
 -1.804725239373456
 0.45433696600809
 0.1668707835565603
 -0.01429521342399036
 -0.001181020635596665
 -0.01100997326105788
 0.01508000702471682
 0.06335524404118135
 -0.03029506560620968
 0.01468239435536902
 0.04868925019394614
 -0.004650235847638353
 0.03930746525533053
 0.02688263164268081
 0.01079556615959018
 0.03809974903931787
 0.01452838338889635
 0.01217688889612563
 0.03718470349769004
 0.01152528748586303
 0.03204314539134794
 0.01338462302067143
